3.749041
3.749041
2.326386
0.866747
-0.592892
-1.730715
-2.742750
-2.373546
-2.004815
-1.456102
-1.281826
-1.299048
-1.200714
-1.075251
-1.108959
-1.033446
-0.784767
-0.445130
0.024794
0.428051
0.535616
0.548914
0.400340
0.030145
-0.302105
-0.314143
-0.127784
0.227889
0.762752
1.011532
0.993664
0.819595
0.537423
0.147741
-0.013104
-0.244581
-0.293734
-0.294688
-0.053791
-0.025438
0.363293
0.460085
0.542519
0.288733
0.377199
0.354625
0.446494
0.740491
0.811175
0.212326
0.193548
-0.084439
-0.719980
-1.028245
-0.621940
-0.798647
-0.539661
-0.102818
0.363195
1.016742
1.583662
1.522687
1.085417
0.505851
-0.387468
-1.270033
-1.892140
-1.960157
-1.948482
-1.644703
-1.174036
-0.489910
-0.089224
0.374073
0.468759
0.496818
0.499069
0.244695
0.029879
-0.126924
-0.245712
-0.440637
-0.345906
-0.449815
-0.659837
-0.945878
-1.071621
-1.052423
-0.790253
-0.161226
0.427461
0.681493
0.434913
0.229953
-0.203642
-0.675144
-0.814675
-0.576161
-0.117381
0.305013
0.806239
1.246420
1.579832
1.557161
1.499355
1.248069
0.938269
0.494911
0.082724
-0.357623
-0.515958
-0.665067
-0.691747
-0.562387
-0.574662
-0.474018
-0.446510
-0.528712
-0.814814
-0.617230
-0.511756
-0.469708
0.098810
0.553842
0.782078
0.904836
0.897071
0.567265
0.400303
0.118919
-0.127166
0.035151
0.242447
0.397392
0.509965
0.172788
-0.339437
-0.766247
-1.154330
-1.330257
-0.969582
-0.440862
-0.086689
0.277079
0.642572
0.901645
1.138189
1.361192
1.562565
1.430731
0.747806
0.069162
-0.626996
-1.082395
-1.225704
-0.786958
-0.600258
-0.338481
-0.225008
-0.245164
-0.366348
-0.105932
0.050391
0.101548
-0.069169
0.075245
-0.160415
-0.210261
-0.248837
0.013760
-0.027344
0.023510
0.029321
0.291839
0.035185
-0.068125
0.252132
0.230769
-0.086810
-0.414439
-0.605272
-1.234388
-1.190695
-1.037925
-0.317847
0.162064
0.843309
0.967267
1.062003
1.091027
1.152673
0.960372
0.878582
0.439035
0.068317
-0.320727
-0.585771
-0.791033
-0.938061
-0.796474
-0.574180
-0.339299
-0.116808
0.112531
0.173753
0.220019
0.198611
0.026004
0.098704
-0.069793
-0.462579
-0.797146
-1.019734
-0.975817
-0.899844
-0.781962
-0.346878
0.040048
0.510651
0.971110
1.421356
1.348643
1.042656
0.459656
-0.213352
-0.480051
-0.615764
-0.577295
-0.238411
0.237128
0.340669
0.383368
0.464654
0.607587
0.767890
0.841414
0.575571
0.717652
0.412638
0.020837
-0.182667
-0.028777
0.135866
0.081988
0.115356
0.284034
0.285969
0.221222
0.306390
0.282180
0.012467
0.009110
-0.032669
-0.077324
-0.187498
-0.500156
-0.784140
-0.912748
-0.807771
-0.609251
-0.247698
0.381303
0.594794
0.776206
0.905219
1.029184
0.796249
0.451242
-0.086376
-0.593888
-1.014124
-1.126513
-1.160861
-0.669346
-0.120690
0.527906
0.820513
1.147220
1.000381
0.570303
0.031574
-0.204225
-0.477822
-0.606804
-0.424717
-0.161627
-0.141594
-0.207956
-0.314904
-0.335784
-0.226244
-0.087085
0.242134
0.527813
0.739561
0.812168
0.647083
0.529279
0.394301
0.032459
-0.257214
-0.439182
-0.413607
-0.346899
-0.053257
0.201343
0.666691
0.425924
0.064046
-0.140424
-0.391166
-0.813638
-0.658561
-0.534086
-0.432171
-0.436297
-0.386608
-0.215860
0.047609
0.271065
0.598011
0.950349
1.064796
0.789992
0.369849
-0.102305
-0.578916
-1.108142
-1.201746
-1.107991
-0.822529
-0.357457
0.152159
0.490318
0.719632
0.669859
0.655743
0.460237
0.507636
0.358845
0.358782
0.166862
-0.005040
-0.235757
-0.537000
-0.496709
-0.508690
-0.493036
-0.425390
-0.070542
-0.100407
-0.225091
-0.231084
-0.170735
-0.184190
-0.197476
-0.094648
0.239640
0.425167
0.660980
1.006538
1.515224
1.787843
1.932044
2.099300
1.700676
0.896916
0.230043
-0.500382
-1.165802
-1.310788
-1.285997
-1.384327
-1.302699
-1.184615
-1.062533
-0.900081
-0.549712
-0.193676
0.092854
0.067217
0.207505
0.163068
0.054840
-0.229266
-0.306200
-0.370225
-0.352031
-0.292967
-0.000026
0.260346
0.357186
0.650539
0.774557
0.781551
0.700026
0.852276
0.487092
0.255161
-0.090436
-0.207495
-0.432287
-0.457147
-0.180288
0.148378
0.397508
0.570965
0.707911
0.372999
-0.148615
-0.529958
-1.106800
-1.644462
-1.635885
-1.471683
-0.996012
-0.257253
0.506213
0.821396
1.246211
1.138154
0.607665
0.432895
0.130216
-0.267420
-0.382471
-0.137456
-0.198621
-0.106432
0.100047
0.132601
0.179787
0.353029
0.535225
0.773976
0.790355
0.691107
0.490868
0.181010
-0.029003
0.070370
0.168068
0.106602
-0.163876
-0.099906
-0.124503
0.198518
0.062648
0.407388
0.507677
0.855360
0.825320
0.532395
0.461456
0.076965
-0.655976
-1.066880
-0.685087
-0.305631
-0.144097
0.127194
-0.011471
0.039683
-0.116601
-0.033076
-0.025177
0.214141
-0.147963
-0.541916
-1.061794
-1.199156
-1.449788
-1.291645
-0.782653
-0.023284
0.361180
0.762855
1.171269
1.163407
1.128073
1.214497
0.867103
0.739626
0.669591
0.426489
0.223629
0.304460
0.527747
0.361274
0.257719
0.020605
-0.044130
-0.304583
-0.285414
-0.214674
-0.090111
0.125599
0.174658
0.311622
0.512207
0.479135
0.400967
0.316951
0.000823
-0.252618
-0.101786
0.055688
0.326920
0.801144
0.794272
0.212791
-0.305571
-1.007706
-1.675574
-2.042517
-1.824661
-1.639914
-1.349643
-0.847617
-0.289028
0.102593
0.480764
0.924749
0.987601
0.770033
0.611415
0.411049
0.086749
-0.120236
-0.235715
-0.223365
-0.239969
-0.225590
-0.039827
0.372048
0.578174
0.666055
0.804750
0.787904
0.370455
-0.011889
-0.486918
-0.960808
-1.435422
-1.594433
-1.518965
-1.238516
-0.749757
-0.161405
0.562951
1.047521
1.400790
1.468622
1.127309
0.727581
0.189500
-0.183636
-0.387541
-0.377252
-0.294867
-0.114722
0.178235
0.307930
0.290811
0.219863
0.210819
0.123894
-0.034629
0.034043
0.140600
0.036657
-0.115984
-0.300858
-0.470140
-0.798675
-1.036649
-1.032459
-0.766622
-0.231946
0.462361
1.178169
1.515888
1.312440
0.824987
0.022829
-0.457722
-0.840726
-0.831527
-0.609617
-0.273028
-0.059137
0.172695
0.360808
0.422404
0.394397
0.222391
-0.246675
-0.484301
-0.804044
-0.956422
-0.799532
-0.341278
-0.092966
0.151834
0.402823
0.441583
0.544501
0.718198
0.952021
1.107359
1.127982
0.786141
0.498960
0.047116
-0.293632
-0.720595
-0.766434
-0.682813
-0.656811
-0.370326
0.001363
0.367940
0.487046
0.607740
0.655285
0.300380
0.021010
-0.246730
-0.387007
-0.741095
-0.645138
-0.492153
-0.345513
-0.176548
-0.001510
0.010518
0.050923
0.282979
0.288007
0.002290
-0.105489
-0.091261
-0.282044
-0.277530
-0.090198
0.100623
0.049092
0.010329
0.253435
0.435363
0.656592
0.610546
0.538550
0.302390
-0.091683
-0.417686
-0.654196
-0.800584
-1.015784
-0.929079
-0.889733
-0.806641
-0.408397
0.016910
0.460820
0.780075
1.106887
0.791797
0.461759
0.054659
-0.246934
-0.713153
-0.524900
-0.424938
-0.205597
-0.061793
0.262282
0.333365
0.540071
0.744557
0.881834
0.945905
0.907129
0.516068
0.144384
-0.237354
-0.414719
-0.727701
-0.754036
-0.724797
-0.655921
-0.384509
-0.025170
0.384340
0.609111
0.714942
0.566598
0.222280
-0.212110
-0.666708
-0.909862
-1.003303
-0.919781
-0.544140
-0.227922
0.169809
0.329390
0.387866
0.383171
0.472683
0.440534
0.053642
-0.187904
-0.506944
-0.800617
-0.851330
-0.584979
-0.235372
0.006963
0.168023
0.231863
0.337173
0.820578
1.156938
1.536356
1.752246
1.325588
0.723077
-0.102681
-0.579017
-0.978008
-0.689082
-0.759342
-0.406494
-0.261488
-0.269547
-0.140449
0.019738
0.757667
1.277925
1.235565
1.293061
1.353597
0.704705
0.377228
0.396426
0.070317
-0.416482
-0.801352
-1.353503
-1.918416
-1.883324
-1.367806
-0.823099
-0.511158
-0.080330
0.007595
-0.499246
-0.705250
-0.745703
-0.601043
-0.354129
0.255961
0.576617
0.847606
1.116032
1.196955
1.205139
1.001171
0.800767
0.625886
0.361775
0.164976
0.100858
0.070472
0.040504
-0.046656
-0.249597
-0.369247
-0.470337
-0.315622
0.073356
0.561197
0.763939
1.027138
1.027822
0.525105
0.341801
0.081584
-0.346877
-0.718813
-0.847773
-1.158909
-1.327645
-1.117252
-0.763573
-0.237612
0.255000
0.500587
0.564180
0.222840
-0.045976
-0.451382
-0.503114
-0.474164
-0.396411
-0.345921
-0.338279
-0.381579
-0.257341
-0.001558
0.193487
0.129747
0.207239
-0.018480
-0.336934
-0.597288
-0.683788
-0.720103
-0.744725
-0.657631
-0.244397
0.170607
0.592323
0.599708
0.749936
0.471918
0.006335
-0.276111
-0.392867
-0.471926
-0.753019
-0.713073
-0.703578
-0.566476
-0.247767
0.263432
0.741997
1.034442
1.209770
1.070654
0.740115
0.441953
0.127739
0.016576
0.130075
-0.006520
0.074230
0.105634
0.206724
0.102387
0.345483
0.439234
0.558900
0.753506
0.265221
-0.012015
-0.408787
-1.054005
-1.666172
-1.478885
-1.151339
-0.834810
-0.445103
0.002505
0.248569
0.235132
0.415342
0.723768
0.735653
0.477240
0.323267
-0.025170
-0.259362
-0.456014
-0.441508
-0.343791
-0.392115
-0.337811
-0.396568
-0.379211
-0.410696
-0.393949
-0.435794
-0.742028
-0.752395
-0.911414
-0.876064
-0.806958
-0.343127
0.001209
0.326283
0.620929
0.794666
1.158749
1.381206
1.553806
1.687021
1.783939
1.487244
1.177504
0.885538
0.662925
0.198677
-0.078484
-0.240553
-0.435566
-0.939750
-1.504397
-1.656401
-1.950577
-1.998318
-1.631058
-1.083275
-0.756204
-0.559650
-0.507593
-0.322062
-0.139742
-0.076454
0.204087
0.451998
0.413992
0.330981
0.581775
0.778131
0.988533
0.924519
1.028592
0.867994
0.580588
0.220748
0.084171
0.013234
-0.083607
-0.466812
-0.290441
-0.129460
0.372681
0.865045
1.865487
2.190944
2.112529
1.529591
0.530500
-0.273723
-0.742740
-1.049983
-1.175378
-1.061356
-1.017871
-0.993586
-0.604217
-0.194826
0.278690
0.436981
0.416349
0.317470
0.084398
-0.202982
-0.388210
-0.664571
-0.577364
-0.498696
-0.386806
-0.034147
0.509237
0.770229
0.954795
1.195560
1.131346
0.745714
0.350763
-0.030939
-0.252749
-0.600197
-0.675501
-0.766389
-0.792295
-0.776382
-0.596865
-0.317300
-0.086138
0.045908
-0.141160
-0.526915
-0.788411
-0.952127
-1.022775
-0.861756
-0.506612
-0.205321
0.163719
0.590473
0.832119
1.120344
1.261534
1.203147
1.087809
0.722093
0.228470
0.006093
-0.328513
-0.560718
-0.465295
-0.184047
-0.178555
-0.057387
0.159680
0.384555
0.541908
0.554134
0.625378
0.575271
0.282276
0.082889
-0.103789
-0.345363
-0.605235
-0.681470
-0.576248
-0.486034
-0.276798
0.044814
0.400238
0.660052
0.984701
0.649469
0.172643
-0.241480
-0.858892
-1.390757
-1.115827
-0.939501
-0.728814
-0.517785
-0.315424
-0.157569
0.058450
0.232423
0.543536
0.630857
0.611146
0.282417
0.229252
-0.228730
-0.306810
-0.395090
-0.188973
-0.149620
0.215132
0.539424
0.607083
0.905894
1.029571
0.977424
0.772397
0.411119
-0.071749
-0.547801
-0.871808
-1.068726
-0.990591
-0.731444
-0.432046
-0.071458
0.178880
0.413027
0.579712
0.733443
0.692350
0.242836
-0.109916
-0.318094
-0.803778
-1.265327
-1.166733
-0.764332
-0.661302
-0.445023
0.209770
0.575715
0.703175
0.706932
0.908325
0.657568
0.024978
-0.133289
-0.232912
-0.351980
-0.421141
0.116711
0.169948
-0.078113
0.148794
0.339077
0.505749
0.620136
0.882267
0.990438
0.434359
0.124766
-0.178219
-0.342221
-0.705677
-0.285893
0.044354
0.258453
0.468253
0.502460
0.423360
0.280093
0.122233
0.098128
0.084357
-0.129768
-0.416263
-0.824477
-1.070327
-1.340546
-1.416820
-1.128841
-0.771808
-0.270969
0.329774
0.908759
0.979355
1.000677
0.948331
0.338069
-0.039961
-0.328759
-0.400871
-0.707741
-0.635856
-0.583649
-0.600356
-0.419018
-0.333246
-0.096675
-0.113119
0.060653
0.036137
-0.175895
-0.463674
-0.361788
-0.366223
-0.220331
0.130568
0.626350
0.831582
1.145443
1.319136
1.389987
1.282601
1.136064
0.919869
0.819573
0.801284
0.764566
0.556946
0.196793
-0.250155
-0.683488
-0.836599
-1.028164
-0.852901
-0.647217
-0.401010
-0.356067
-0.172556
0.011729
-0.162432
-0.212734
-0.221817
-0.284426
-0.416912
-0.363080
-0.105360
-0.041284
0.258380
0.355521
0.508965
0.241940
0.071324
0.364424
0.587615
0.662997
1.194956
1.602455
1.543764
1.355919
1.309894
0.891377
0.537421
0.371853
0.256324
-0.299764
-0.811456
-1.009142
-1.228081
-1.629996
-1.385151
-1.253200
-1.252994
-1.164315
-0.884125
-0.629834
-0.538493
-0.366032
-0.467378
-0.574893
-0.451233
-0.062206
0.126566
0.029767
0.062524
-0.122720
-0.346064
-0.341307
-0.207431
0.039796
0.122108
0.106520
0.015963
0.048269
0.328006
0.575724
1.032837
1.429500
1.626630
1.623713
1.268559
1.008793
0.786268
0.680946
0.554321
0.375828
0.135599
-0.380173
-0.759744
-1.113807
-0.887746
-0.861235
-0.683010
-0.440862
-0.349645
-0.343642
-0.158927
-0.046143
0.305016
0.448523
0.573985
0.564804
0.668315
0.507124
0.644890
0.886645
1.097840
0.785667
0.532774
0.090466
-0.507953
-1.117345
-1.144737
-1.229140
-1.160990
-0.972116
-0.964403
-0.806776
-0.705140
-0.684291
-0.618860
-0.399271
-0.229313
-0.259080
-0.180281
-0.162124
-0.060736
0.032049
0.356274
0.570455
0.729221
0.989664
0.895892
0.844890
1.012059
0.995812
0.893704
1.046241
0.789923
0.282612
-0.160810
-0.459386
-0.799040
-1.019803
-0.829521
-0.514354
-0.426022
-0.418950
-0.229636
-0.416022
-0.491787
-0.348435
-0.043756
0.275541
0.669002
0.733137
0.705424
0.364411
0.167218
-0.258519
-0.580089
-0.585194
-0.330067
-0.254910
0.048786
0.654714
0.881490
0.626070
0.552479
0.309463
0.063818
-0.374096
-0.358778
-0.391445
-0.442925
-0.623120
-0.667181
-0.575321
-0.521209
-0.252031
0.079916
0.557540
0.861369
0.689482
0.490083
0.390081
-0.091945
-0.278252
-0.138343
0.145604
0.112694
0.128909
0.046955
0.037477
-0.161161
-0.340978
-0.404345
-0.401241
-0.583079
-0.771831
-0.887077
-0.903196
-1.083315
-1.094592
-0.745114
-0.283824
0.286075
0.781817
1.243556
1.248363
0.951725
0.612519
0.168387
-0.022292
-0.109631
-0.274971
-0.184735
-0.231199
-0.144149
-0.026725
0.413474
0.529343
0.535326
0.398427
0.133787
-0.050345
-0.200859
-0.081853
-0.144824
-0.160130
-0.066107
-0.140733
-0.126123
0.257750
0.857567
0.588506
0.393684
0.326775
-0.125477
-0.863353
-0.875973
-0.888365
-0.769873
-0.767960
-0.689813
-0.529416
-0.430577
-0.269888
-0.107139
0.280904
0.636937
0.822669
0.663790
0.619526
0.419085
-0.073590
-0.242438
-0.198040
-0.338578
-0.206082
0.092136
0.598283
1.039870
1.328950
1.261152
0.709979
-0.068640
-0.838473
-1.266245
-1.468633
-1.328163
-0.872529
-0.551539
-0.049806
0.323345
0.591952
0.690857
0.853328
0.750989
0.487072
0.588432
0.454763
0.175798
-0.203370
-0.597379
-0.865993
-1.078783
-1.360604
-0.837238
-0.095356
0.376163
0.621291
1.123516
1.068697
0.717705
0.245925
-0.047639
-0.185802
-0.400375
-0.472060
-0.205664
-0.011873
-0.003987
0.056261
0.276693
0.277554
0.303363
0.481948
0.395966
0.288959
0.209149
-0.095686
-0.335687
-0.625079
-0.588023
-0.680431
-0.478779
-0.256284
0.260265
0.540211
0.756191
1.192394
1.352201
1.142610
0.811782
0.538660
-0.059500
-0.727806
-1.063050
-1.180063
-1.295281
-0.940892
-0.480901
0.061632
0.303205
0.608974
0.540016
0.213488
-0.169822
-0.507068
-0.800651
-0.875720
-0.782304
-0.442757
-0.101144
0.272436
0.502543
0.751879
0.742378
0.816765
0.847836
0.681339
0.539446
0.387297
-0.052814
-0.343935
-0.604632
-0.650040
-0.643998
-0.554830
-0.385958
-0.078705
0.225917
0.489093
0.812753
0.918946
0.805825
0.444101
0.091323
-0.058257
-0.192900
-0.338689
-0.302745
-0.360787
-0.516487
-0.603835
-0.432094
-0.123139
0.276302
0.797964
0.838742
0.818124
0.609392
0.184924
-0.356846
-0.770475
-1.048159
-1.347606
-1.438463
-1.225003
-0.652565
-0.098108
0.289161
0.663915
0.665637
0.218436
-0.218312
-0.468406
-0.657812
-0.875969
-0.694575
-0.359822
-0.282591
-0.121387
0.038803
0.392940
0.494326
1.027293
1.422909
1.361632
1.101981
0.625518
-0.126652
-0.838556
-0.988565
-0.962725
-0.793954
-0.370838
-0.025432
0.241949
0.447011
0.492242
0.685873
0.497093
0.207524
-0.053763
-0.276292
-0.535869
-0.599498
-0.327018
-0.279541
-0.185158
-0.416024
-0.377066
-0.195581
-0.292142
-0.235470
0.023292
0.009079
-0.256885
-0.236527
0.111995
0.286659
0.553077
0.738979
0.668613
0.525264
0.264196
0.047247
0.085766
0.655550
0.901258
0.813830
0.796072
0.553642
-0.140399
-0.667907
-0.923101
-1.087134
-1.494040
-1.678193
-1.522063
-1.234922
-0.816302
0.052422
0.965508
1.485108
1.736788
1.651831
1.341615
0.922158
0.477917
0.275095
0.244435
0.054417
0.094901
-0.216947
-0.374165
-0.451333
-0.525730
-0.471632
-0.428704
-0.223365
-0.383860
-0.386819
-0.433821
-0.186327
-0.209685
-0.161435
0.152249
0.161437
-0.044269
-0.301210
-0.374851
-0.208953
-0.243195
0.119112
0.362488
0.566228
0.233914
-0.047402
-0.248981
-0.360301
-0.520073
-0.789505
-1.000191
-0.636105
0.035412
0.866883
1.888025
2.390343
2.145156
1.616514
1.025411
0.320421
0.188664
0.037306
-0.097593
-0.284387
-0.641594
-0.826416
-0.800986
-0.743159
-0.618530
-0.448683
-0.110317
-0.068038
-0.249417
-0.385683
-0.428832
-0.645327
-0.824323
-0.851160
-0.707777
-0.483700
-0.133425
0.042633
0.696520
1.063530
1.431561
1.612209
1.869901
1.748893
1.399661
0.989998
0.597893
0.115592
-0.320227
-0.544369
-0.670803
-0.901399
-1.215840
-1.002584
-0.957866
-0.907576
-0.798058
-0.393842
-0.400169
-0.319552
0.077264
0.283376
0.467793
0.406926
0.333981
0.183257
0.223523
0.566530
0.417731
0.464625
0.352859
0.372370
-0.104132
-0.142817
-0.125249
-0.155093
-0.346425
-0.261022
-0.138448
0.100988
-0.034337
-0.040530
0.225622
0.469951
0.434348
0.419179
0.621851
0.537118
0.347732
0.218364
0.042540
0.054174
-0.059241
0.032655
0.331480
0.637100
-0.149162
-0.875903
-1.390697
-2.085001
-2.326231
-1.893301
-1.436317
-0.988732
-0.485548
-0.179622
0.195640
0.481513
0.601677
0.404205
0.426372
0.277690
-0.220529
-0.329782
-0.355857
-0.443338
-0.680645
-0.393492
-0.364794
-0.252440
-0.027979
0.288361
0.726498
1.003126
1.473396
1.620269
1.572831
1.387540
1.106219
0.716311
0.436938
0.037534
-0.411975
-0.790686
-0.871170
-0.938135
-0.565311
-0.078453
0.197944
0.151224
-0.155611
-0.498367
-0.758158
-0.886133
-0.676905
-0.283086
0.235009
0.520835
0.819616
0.807503
0.779928
0.773376
0.892543
1.052985
1.118440
0.847530
0.484677
-0.044447
-0.568057
-0.995488
-1.019499
-0.995149
-0.845135
-0.578624
-0.336112
-0.130439
0.026963
0.096188
0.120558
-0.031459
-0.198072
-0.387786
-0.501709
-0.489546
-0.525227
-0.340263
-0.079745
0.209922
0.530553
0.871969
1.059383
0.832967
0.863999
0.643268
0.264683
0.168657
0.226916
-0.012630
-0.377012
-0.407471
-0.469131
-0.460342
-0.434985
-0.222351
0.198199
0.338447
0.593441
0.735196
0.674575
0.397086
0.047983
-0.400014
-0.594632
-0.692167
-0.600490
-0.442629
0.025070
0.337362
0.766215
0.901401
0.913699
1.046183
0.768561
0.438979
0.376001
0.068608
-0.490349
-0.980639
-1.178296
-1.476594
-1.625874
-1.335469
-0.690071
-0.261664
0.123345
0.715011
0.929065
0.665310
0.385372
0.409846
0.390318
0.080429
0.082097
0.284878
0.086007
0.084000
0.032249
0.116718
0.439187
0.574751
0.774176
0.660473
0.710809
0.321196
0.224338
-0.334316
-0.396269
-0.499891
-0.938187
-1.411197
-1.156747
-0.981141
-0.359043
0.261681
0.738105
0.755229
0.586331
-0.123483
-0.482371
-0.595928
-0.755451
-0.738278
-0.605805
-0.878555
-1.063754
-1.204635
-0.923083
-0.709768
-0.018125
0.742643
0.911735
0.939872
0.648889
0.280552
-0.229164
0.030963
0.079143
0.140466
0.272797
0.320573
0.156770
0.237746
0.411348
0.561323
0.572488
0.522792
0.412184
0.302879
-0.205713
-0.523606
-0.678785
-0.988069
-1.489370
-0.661296
0.003241
0.235408
0.527440
1.036955
0.889101
0.368136
0.599500
0.331031
0.095758
-0.407382
-0.319235
-0.775447
-1.105805
-0.903578
-0.894865
-1.090094
-0.854916
-0.461910
-0.018002
0.156968
0.480169
0.512871
0.466112
0.077162
0.132493
0.138048
-0.332481
-0.612479
-0.681711
-0.719726
-0.114375
1.045430
2.210742
2.927075
2.935541
2.463459
1.801151
1.305768
0.630994
0.500589
0.228805
-0.143227
-0.627334
-1.078794
-1.130105
-1.261806
-1.111601
-0.821907
-0.332865
-0.119422
-0.122527
-0.221844
-0.343163
-0.634815
-0.744004
-0.568275
-0.508321
-0.692946
-0.728337
-0.576900
-0.424490
-0.303940
-0.039964
0.222993
0.388146
0.244250
0.588665
0.586114
0.599109
0.239246
0.113422
-0.271509
-0.082750
0.135732
-0.106114
-0.154275
0.330147
0.200479
0.151160
0.455941
0.790006
0.533566
0.475563
0.610768
0.791896
0.745304
0.602445
0.606062
0.341906
0.223304
0.086422
-0.371347
-0.553252
-0.694091
-0.915688
-0.705706
-0.081172
0.303227
0.454684
0.577781
0.553505
0.384984
0.332895
0.508516
0.697591
0.737516
0.329750
-0.125468
-0.731251
-1.043967
-1.381784
-1.136763
-0.942838
-0.561963
-0.414327
-0.463924
-0.246367
-0.204815
-0.017283
0.184554
0.364834
0.215755
0.130565
-0.149928
-0.349360
-0.377593
-0.158526
-0.078638
0.162565
0.343664
0.333519
0.399846
0.447696
0.799618
0.589032
0.598864
0.382345
-0.085461
-1.146474
-1.720622
-1.714039
-1.595376
-1.011916
-0.124683
0.598109
1.065475
1.360671
1.590994
1.784532
1.670616
1.275938
0.807913
0.559403
0.171269
-0.154918
-0.331135
-0.363038
-0.544767
-0.656398
-0.358204
-0.038777
0.290126
0.069290
-0.178889
-0.517281
-0.982531
-1.429445
-1.268327
-1.127519
-0.694664
-0.239855
0.205277
0.484066
0.630166
0.620218
0.481792
0.387268
0.367435
0.087232
-0.042630
-0.363293
-0.637299
-0.974817
-0.998095
-0.888442
-0.741108
-0.590751
-0.274628
0.353642
0.650231
1.307327
1.626791
1.227139
0.776967
0.299709
-0.397944
-0.711601
-0.557451
-0.398474
-0.250349
-0.115797
-0.146107
-0.020619
0.137344
0.256086
0.434920
0.307647
0.164861
-0.110857
-0.291419
-0.297508
-0.134042
0.176092
0.353915
0.471264
0.512312
0.598037
0.716965
0.815058
1.008259
1.252676
1.054168
0.729912
0.326136
-0.097685
-0.655113
-0.762586
-0.689436
-0.655136
-0.638553
-0.698405
-0.675039
-0.637202
-0.433970
-0.187596
0.078315
0.557766
0.721784
0.843243
0.987652
0.997877
0.931220
0.794039
0.636778
0.222436
-0.140653
-0.600682
-0.892934
-0.893644
-0.601431
-0.393820
-0.472316
-0.535275
-0.643438
-0.727365
-0.674189
-0.412984
-0.448568
-0.388593
-0.467075
-0.380805
-0.273415
-0.356838
-0.244083
-0.228248
-0.313909
-0.399754
-0.126687
0.056182
0.276064
0.993717
1.486197
2.238796
2.584913
2.803421
2.219046
1.373390
0.851763
-0.040766
-0.736191
-0.682920
-0.304634
-0.351890
-0.269770
-0.004580
-0.206540
-0.360970
-0.240252
-0.150317
-0.216787
-0.417020
-0.577523
-0.819661
-1.233439
-1.235226
-1.006037
-0.536653
-0.306194
0.318735
0.716689
1.060783
1.099215
1.016618
1.005928
0.918565
0.486435
0.601608
0.505817
0.437213
0.265182
0.094305
-0.160102
-0.358154
-0.316906
-0.193793
0.334682
0.386785
0.623151
0.696071
0.582901
0.495676
0.556864
-0.077515
-0.726036
-1.512019
-1.799377
-2.167108
-1.754799
-1.123049
-0.409214
-0.052101
0.229142
0.493450
0.567472
0.575081
0.429595
0.499343
0.515217
0.042961
-0.420169
-0.604509
-0.743905
-0.808276
-0.479749
0.072478
0.265333
0.259151
0.540795
0.521842
0.423257
-0.031317
-0.318994
-0.944427
-1.289829
-1.466140
-1.309293
-1.036135
-0.760345
-0.610564
-0.151317
0.507143
0.715687
0.773172
0.951358
0.959418
0.382548
0.108066
-0.121083
-0.306601
-0.707837
-0.750490
-0.644267
-0.435879
-0.089042
0.036061
0.218962
0.463550
0.930699
1.038797
0.917373
0.855153
0.462337
-0.248103
-0.832098
-1.056261
-1.091308
-1.085278
-0.957134
-0.501146
-0.130927
0.125166
0.543778
0.973107
1.163703
1.009203
0.853290
0.542914
0.170586
-0.380503
-0.461509
-0.512589
-0.536622
-0.249891
-0.025171
0.341522
0.547343
0.729004
0.503747
0.253441
0.028673
-0.309173
-0.603576
-0.603539
-0.583190
-0.582382
-0.524480
-0.172127
0.045487
0.391035
0.514654
0.442121
0.268696
-0.058978
-0.279225
-0.334469
-0.290007
-0.474256
-0.478892
-0.486340
-0.548744
-0.593760
-0.437878
-0.321842
0.232583
0.815547
1.510486
1.839758
1.811299
1.279225
0.610886
-0.037407
-0.521171
-0.868008
-1.077532
-1.317911
-0.952444
-0.568771
0.086774
0.467675
0.877098
0.906650
0.373838
0.151916
0.083793
-0.001401
-0.254285
-0.067664
-0.092861
-0.403147
-0.593216
-0.603249
-0.566313
-0.681212
-0.347741
0.242565
0.639758
0.771944
1.105434
1.112149
1.029822
0.675438
0.688805
0.534877
0.355847
0.263466
0.051776
0.222170
0.263412
0.421166
0.451000
0.498408
0.385994
0.127108
-0.058254
-0.157004
-0.340426
-0.780308
-1.178187
-1.384382
-1.835272
-2.026947
-1.760866
-1.229141
-0.630815
-0.144066
0.484036
0.775990
0.890390
0.899947
0.832022
0.655624
0.384930
0.095735
-0.308577
-0.597877
-0.495341
-0.639256
-0.557891
-0.168550
-0.027175
0.037866
0.317281
0.600314
0.575741
0.904179
0.828409
0.660074
0.424617
0.189883
-0.060714
0.060867
0.282771
0.094795
-0.250973
-0.366457
-0.611453
-0.841985
-0.625944
-0.459281
-0.250862
-0.183568
-0.074578
0.156834
0.452209
0.485845
0.826533
1.063675
1.120118
0.710440
0.371212
-0.304944
-0.836194
-1.223737
-1.045608
-0.850083
-0.473900
-0.201318
-0.155414
0.135176
0.342559
0.456222
0.697335
0.631179
0.356756
-0.093809
-0.459351
-0.772988
-0.690064
-0.563902
-0.275225
0.109668
0.332464
0.430952
0.535471
0.695015
0.634543
0.302397
0.088537
-0.163460
-0.543758
-0.797974
-0.786266
-0.635732
-0.501897
-0.431163
-0.288580
-0.143318
0.050941
0.464952
0.985815
1.439902
1.514197
1.474389
0.945150
0.478889
-0.104765
-0.474946
-0.694371
-1.232192
-1.666304
-2.061540
-2.358609
-2.278285
-1.255478
-0.209829
0.370801
0.983040
1.014712
0.468025
-0.151774
-0.080955
0.054310
0.109557
0.363224
0.720526
0.496900
0.302934
0.201885
0.239099
0.039388
0.055334
-0.031377
-0.108729
-0.128291
-0.528709
-0.777524
-0.635349
-0.654006
-0.771839
-0.707970
-0.189316
-0.035931
0.482301
0.885766
1.403057
1.299290
1.336497
1.084801
0.931353
0.768580
0.884222
0.764506
0.647082
0.438128
0.310932
0.249342
0.011821
0.052109
-0.172904
-0.353192
-0.656697
-0.965057
-1.395437
-1.507912
-1.427428
-1.382731
-1.187012
-0.750071
-0.159532
-0.044112
0.113165
0.367744
0.432792
0.000010
0.095686
-0.137120
-0.182484
-0.356689
-0.080188
-0.108207
0.076672
0.366753
0.589548
0.662808
0.860359
0.953766
0.764009
0.334633
0.008625
-0.345322
-0.700065
-0.607123
-0.388241
0.002504
0.320469
0.806900
0.866804
0.805732
0.599834
0.505402
0.320424
0.179936
-0.051925
-0.340190
-0.783538
-0.914602
-1.200568
-1.113457
-0.837675
-0.514337
-0.229871
0.148800
0.689182
1.034912
1.282364
1.448852
1.093145
0.640063
0.091817
-0.328457
-0.849035
-1.051786
-1.036478
-1.017001
-0.858934
-0.643211
-0.278841
-0.155886
-0.077316
0.060562
0.015194
0.057525
0.109656
0.143192
0.029106
-0.080407
-0.107122
-0.238406
-0.340403
-0.325350
-0.125558
0.209816
0.615870
0.972102
1.509832
1.769611
1.738026
1.279349
0.886958
0.106457
-0.667679
-1.303583
-1.596903
-1.800240
-1.981043
-2.024838
-1.717000
-1.340563
-0.730331
-0.114453
0.674564
1.133729
1.256710
1.047846
0.892949
0.683189
0.252872
0.143309
0.093806
-0.104057
-0.285191
-0.502527
-0.329815
-0.202885
0.027200
0.340949
0.735284
0.802477
0.847482
0.917581
1.093473
1.042665
0.865742
0.739006
0.810637
0.572940
0.363949
0.326790
-0.040310
-0.144234
-0.444697
-0.387750
-0.373872
-0.247216
-0.466583
-0.488924
-0.567639
-0.666547
-0.826446
-1.111918
-1.093281
-0.925446
-0.969262
-0.765748
-0.411498
-0.144013
0.140216
0.699154
1.215941
1.550165
1.549525
1.404731
1.015023
0.775702
0.375182
0.195048
0.053073
-0.547702
-0.968819
-1.261343
-1.146390
-1.100397
-0.536592
-0.165966
0.335041
0.372023
0.338781
0.341854
0.363335
0.363335
0.244914
0.014162
-0.341591
-0.775946
-1.420484
-1.547711
-1.560461
-0.891719
-0.295231
0.426795
0.608624
0.968850
0.667669
0.371106
0.327128
0.436014
0.228450
0.170001
0.276187
0.225500
-0.065215
-0.305657
-0.121049
-0.307225
-0.418702
-0.394796
0.004983
-0.011124
0.193561
0.302072
0.135319
0.083556
-0.361618
-0.696370
-1.012257
-0.793432
-0.796241
-0.790260
-0.290806
0.030542
0.472684
0.851607
1.386517
1.493618
1.538450
1.172423
0.703289
0.348265
-0.075546
-0.449582
-0.568845
-0.610796
-0.667180
-0.408158
-0.432404
-0.217157
-0.206697
-0.007929
0.199346
0.414204
0.298866
0.408469
0.394991
-0.067060
-0.444034
-0.407437
-0.628011
-0.691144
-0.804608
-0.664331
-0.186728
0.525939
0.834505
1.085218
1.484224
1.054818
0.571333
0.123437
-0.091832
-0.223737
-0.575229
-0.872738
-0.823269
-0.566967
-0.478449
-0.237388
0.283537
0.748012
0.685821
0.717097
0.609995
0.225916
-0.167971
-0.281342
-0.541180
-0.512904
-0.436862
-0.633756
-0.707320
-0.695550
-0.949606
-0.595083
-0.089451
0.418920
0.775673
1.368422
1.212775
1.082442
0.693805
0.398745
0.303531
0.306302
0.047657
-0.089511
-0.111611
0.193884
-0.113119
-0.007831
0.265294
0.231469
-0.146459
-0.041203
0.043480
-0.026560
-0.032362
-0.060984
-0.120178
0.001681
0.051266
0.304425
0.521556
0.029631
-0.294664
-0.843391
-0.897560
-1.060924
-0.370748
0.067457
0.731461
1.034985
1.102567
1.056236
0.921296
0.775404
0.627461
0.154028
-0.170804
-0.551983
-1.002186
-1.374234
-1.349321
-1.021758
-0.958337
-0.762369
-0.496680
-0.331945
0.065977
0.730782
1.658217
2.242489
2.308263
1.894893
1.317957
0.439501
-0.635154
-0.911127
-0.995272
-1.038630
-0.788829
-0.416891
0.091320
0.294857
0.391329
0.435537
0.304537
-0.001739
-0.297000
-0.350410
-0.367171
-0.336247
-0.170116
-0.303456
-0.111897
-0.163546
-0.116481
0.032869
0.275689
0.512451
0.419222
0.452567
0.338341
0.127066
-0.143021
-0.323845
-0.433877
-0.687996
-0.792515
-1.031958
-1.091967
-0.691895
0.131880
1.036064
1.717910
1.829353
1.559847
0.528349
0.014604
-0.442414
-0.198215
-0.077672
0.191871
-0.057734
-0.437216
-0.991188
-1.210308
-1.200272
-0.751688
-0.758433
-0.183618
0.043084
0.182433
0.151220
0.380470
0.323683
0.168922
0.242134
0.097985
0.267955
0.441020
0.319544
0.143777
0.074075
-0.234669
-0.530746
-0.540938
-0.395344
-0.541438
-0.449982
-0.359373
-0.225597
-0.099346
-0.093957
0.343748
0.577957
0.705444
0.745484
0.745232
0.264621
-0.379354
-0.837325
-1.093735
-0.980811
-0.736612
-0.487828
0.069523
0.340303
0.594035
0.866446
1.246084
1.377052
1.001648
0.622704
0.219844
-0.134150
-0.504128
-0.655442
-0.634110
-0.622992
-0.740909
-0.743349
-0.488035
-0.188957
0.053243
0.419433
0.824196
0.962133
1.041042
0.899552
0.684242
0.221156
0.147468
-0.218362
-0.518836
-0.578815
-0.765367
-1.082463
-0.912068
-0.802234
-0.419029
-0.228079
0.104290
0.139876
0.427384
0.246371
0.266954
0.203210
-0.072446
-0.283400
-0.278796
-0.387299
-0.479999
-0.430086
-0.163783
-0.060359
0.168099
0.619755
0.967189
0.990958
0.713697
0.670090
0.434571
-0.089222
-0.509337
-0.547530
-0.576721
-0.766690
-0.314977
0.135023
-0.000149
-0.073086
-0.186605
-0.510723
-0.699705
-0.557670
-0.350804
-0.177037
0.033044
0.042904
0.062643
0.063123
0.281088
0.543747
0.186911
-0.036300
-0.390642
-0.947375
-1.226886
-0.913321
-0.348899
0.093785
0.511979
0.595777
0.783511
0.920212
0.872433
0.993066
1.180254
1.235743
1.040746
0.715182
0.400968
0.059726
-0.435781
-0.640144
-0.591656
-0.376680
-0.653605
-0.709825
-0.817427
-0.837936
-0.889534
-0.650484
-0.433758
-0.383695
-0.218478
-0.385902
-0.449040
-0.336665
-0.164233
-0.233893
-0.131801
-0.127836
0.286109
0.542628
0.898340
1.244924
1.335109
0.831162
0.377407
-0.228932
-0.780636
-1.146430
-0.907466
-0.840425
-0.499585
-0.399862
0.063028
-0.139956
-0.074012
0.280682
0.588962
0.818363
0.870358
0.744965
0.234729
-0.001580
-0.348750
-0.619622
-0.414073
-0.216512
-0.303851
-0.163122
-0.045779
0.170925
-0.202833
-0.198672
-0.008439
0.286100
0.200293
0.514651
0.765683
0.636015
0.394719
0.032732
-0.330702
-0.322019
-0.242245
0.027788
0.327786
0.652635
0.537823
0.241689
0.153018
0.102216
0.298881
0.467909
0.694202
0.732976
0.528942
0.306696
-0.003659
-0.540552
-0.950924
-1.253469
-1.411803
-1.402357
-1.175337
-0.924600
-0.846503
-0.766752
-0.879453
-0.859586
-0.858087
-0.666322
-0.361437
0.113774
0.640796
1.096741
1.430199
1.340446
1.131269
0.876285
0.424762
0.175953
0.257250
0.360594
0.321911
0.323196
0.297495
-0.021937
-0.233601
-0.256527
-0.547414
-0.707984
-0.857754
-1.002221
-1.046064
-0.562549
-0.097549
0.513882
0.999899
1.238952
1.195232
1.101988
0.769009
0.524845
0.011474
-0.437808
-0.695524
-0.927785
-0.850029
-0.648989
-0.114495
0.221823
0.577886
0.741376
0.836680
0.885551
0.696575
0.603034
0.821479
0.671738
0.480226
0.357406
0.215847
-0.401087
-0.627466
-0.951663
-1.118047
-1.064344
-1.026905
-0.785436
-0.440620
-0.231612
-0.110403
-0.233731
-0.461116
-0.692119
-0.862247
-0.889671
-1.039497
-0.756956
-0.654840
-0.493864
-0.183263
0.528125
0.976603
1.381468
1.846229
1.931631
1.647131
1.434631
0.846830
0.411584
-0.244125
-0.549600
-0.909864
-1.033707
-1.051510
-0.926522
-0.570129
-0.213011
0.537117
0.699278
0.723930
0.648481
0.390780
-0.135921
-0.156388
-0.118662
-0.112084
-0.164223
-0.166646
-0.456920
-0.481839
-0.428472
-0.110197
0.715470
0.973603
1.106426
1.377078
1.175875
0.568133
0.417137
0.176940
-0.341050
-0.472075
-0.793081
-0.871019
-0.925551
-1.168928
-1.438240
-1.170817
-0.900680
-0.534087
-0.072415
0.289282
0.211257
-0.092387
-0.127835
0.143772
0.337705
0.624280
1.043071
1.190131
0.912007
0.926257
0.510045
0.133542
-0.283485
-0.492610
-0.741008
-0.738850
-0.473955
-0.342659
-0.231339
-0.100073
0.035157
-0.004666
0.048861
0.222922
0.294843
0.083212
-0.125042
-0.305413
-0.382988
-0.565843
-0.422752
-0.048485
0.274455
0.415503
0.534686
0.923663
0.952091
1.041261
1.034997
0.834321
0.328567
-0.159385
-0.633857
-0.742232
-0.737518
-0.652564
-0.599898
-0.500265
-0.629580
-0.493583
-0.112681
0.162822
0.553984
0.765385
0.900595
0.780978
0.549755
-0.095821
-0.583785
-0.761819
-0.994422
-1.005007
-0.447760
-0.151832
0.040818
0.091570
0.252796
0.312667
0.237868
-0.115339
-0.313933
-0.300577
-0.532933
-0.497990
-0.123564
0.147729
0.312471
0.132740
0.100365
0.100748
0.087444
-0.111048
0.009423
0.398514
0.440148
0.558816
0.645724
0.819383
0.516964
0.116661
-0.258899
-0.461558
-0.954068
-1.049746
-0.976678
-0.592783
-0.354635
-0.119136
0.057669
0.087872
0.088112
0.008078
0.313936
0.505680
0.653419
0.722442
0.767472
0.757145
0.698902
0.461413
0.404742
0.129717
0.191174
0.074074
0.132822
0.056515
0.191600
-0.244913
-0.596445
-0.557481
-0.746090
-0.684490
-0.120723
0.254129
0.592161
0.617857
0.482946
0.221124
0.159030
0.077592
0.378926
0.616449
0.664258
0.286170
-0.306406
-0.892897
-0.921203
-0.954869
-0.530437
0.048970
0.184013
0.004039
-0.419694
-0.719769
-1.062684
-1.141155
-1.029753
-0.651025
-0.061379
0.128904
0.471946
0.858164
1.249336
1.304856
1.284341
1.196818
0.670006
-0.096572
-0.807776
-1.044574
-1.126748
-1.004882
-0.672783
-0.261077
0.024155
0.252275
0.381275
0.502494
0.551423
0.473965
0.351295
0.128166
-0.068959
-0.480091
-0.747651
-0.978054
-1.169041
-0.896766
-0.532773
0.155398
0.814726
1.445693
1.643920
1.496086
1.134603
0.578064
0.099403
-0.313891
-0.339629
-0.344726
-0.458037
-0.442598
-0.671686
-1.273881
-1.417443
-0.858954
-0.356517
-0.182881
0.430406
0.607701
0.316069
0.080246
0.267016
0.500702
0.711538
0.626110
0.608416
0.368303
0.243828
0.046399
0.225605
0.446960
0.823840
1.005536
1.006220
1.051007
0.743862
0.464926
0.380782
0.050912
-0.249485
-0.829440
-1.410445
-1.880268
-1.985707
-1.850885
-1.351583
-0.608543
-0.173034
0.339435
0.692487
0.768466
0.759460
0.493032
0.166849
-0.102114
-0.175810
-0.223809
0.008898
0.355729
0.388342
0.227098
0.004180
-0.213779
-0.318419
-0.215900
0.143447
0.370817
0.535665
0.574403
0.543653
0.579204
0.646151
0.592774
0.515790
0.206867
-0.264053
-0.845756
-1.269314
-1.515340
-1.617256
-1.358700
-0.942901
-0.283694
0.140521
0.578632
0.813648
1.034708
0.998143
0.565457
0.150964
-0.074871
-0.245369
-0.362970
-0.052773
0.120209
0.079148
0.076781
0.033091
-0.040032
0.163847
0.389166
0.524234
0.663686
0.593115
0.392577
0.023579
-0.146849
-0.353513
-0.394597
-0.306798
-0.232597
-0.295520
-0.539436
-0.606002
-0.308967
0.263038
0.736904
1.193629
1.529778
1.336815
0.890274
0.461028
0.126720
-0.071857
-0.434106
-0.653816
-0.934230
-1.198794
-1.387150
-1.384982
-1.224315
-0.979190
-0.762507
-0.411931
-0.184985
-0.084854
-0.032171
0.211379
0.285483
0.471946
0.583533
0.500972
0.595313
0.631654
0.563350
0.571775
0.713090
0.777764
0.440506
0.195227
-0.048788
-0.238538
-0.388003
-0.479494
-0.430238
-0.499762
-0.579371
-0.885687
-1.068221
-0.981165
-0.988738
-0.914220
-0.709371
-0.207412
-0.029657
0.156412
0.494486
0.724877
0.861249
0.900871
0.876061
0.799129
0.834976
0.820722
0.875090
0.535703
0.627394
0.305664
0.161535
-0.043395
0.265284
0.241282
0.458901
0.548111
0.413359
0.290380
0.156429
-0.232149
-0.280287
-0.305178
-0.042834
-0.010883
0.279795
0.152562
0.005695
-0.261344
-0.563418
-0.745416
-0.773420
-0.573230
-0.189335
0.148182
0.630844
0.886765
0.513450
0.153702
-0.082994
-0.629746
-1.137751
-1.098357
-0.781775
-0.490247
-0.119767
0.162584
0.643628
0.518124
0.277552
0.845515
0.880311
0.662009
0.294314
0.153409
-0.560047
-0.725917
-0.647596
-0.185607
0.007632
0.051176
0.043101
0.219312
-0.088901
0.116725
-0.031946
-0.183191
-0.374548
-0.184458
-0.469794
-0.467112
-0.100653
0.069812
-0.023832
0.194329
0.222089
0.323657
0.331978
0.504718
0.692093
0.946098
0.894667
0.558243
0.305751
-0.288022
-0.715652
-0.967140
-0.913792
-0.978966
-0.887462
-0.846461
-0.317145
0.283006
0.496403
0.795418
1.140222
0.872255
0.463020
0.279165
-0.098618
-0.381225
-0.718618
-0.961573
-0.880326
-0.777599
-0.538937
-0.429004
-0.000596
0.392722
0.450414
0.781349
0.934390
0.758832
0.344658
0.459634
0.167891
0.089836
-0.026401
-0.155073
-0.040420
-0.003444
-0.216746
-0.067440
-0.455050
-0.806095
-1.043075
-0.865895
-0.903471
-0.108162
0.380192
0.503618
0.637991
0.675388
0.281178
0.054465
-0.256923
-0.483214
-0.706322
-0.618182
-0.698215
-0.635064
-0.578428
-0.401384
-0.008337
0.241246
0.687042
1.194562
1.644644
1.708989
1.514036
1.277308
1.009491
0.252571
-0.404217
-0.712674
-0.820520
-1.095450
-1.197132
-1.074294
-0.926175
-0.847736
-0.748845
-0.469256
-0.205792
-0.141109
0.034306
0.105723
0.312028
0.369718
0.388004
0.162146
-0.150850
-0.421191
-0.633013
-0.598240
-0.258921
0.154616
0.866481
1.585838
2.070634
2.290663
1.786915
1.222266
0.194161
-0.397808
-1.275366
-1.280180
-1.510060
-1.401591
-1.121618
-0.669492
-0.282829
-0.006028
0.345271
0.194221
0.027611
0.025040
0.061108
-0.012402
-0.095053
-0.102100
0.021489
-0.142562
-0.188018
-0.182175
-0.372804
-0.674370
-0.754021
-0.346790
0.084101
0.818385
1.310899
1.716298
1.757611
1.465863
1.199543
0.926560
0.535962
0.256086
0.088537
-0.154096
-0.319470
-0.344107
-0.474310
-0.811130
-0.988188
-0.928110
-0.686942
-0.549329
-0.099698
0.366201
0.546081
0.676687
0.693411
0.879772
0.843052
0.704347
0.186429
-0.334778
-0.735830
-1.128885
-1.447197
-1.132120
-0.819807
-0.488986
-0.295564
0.014721
0.119008
0.186101
0.292712
0.579609
1.087433
1.490195
1.399781
1.094287
0.634497
0.162900
-0.496178
-0.564453
-0.617258
-0.685296
-0.584763
-0.511830
-0.218916
0.067347
0.325192
0.421724
0.388485
0.240448
0.040485
-0.072290
-0.324102
-0.420636
-0.584915
-0.714006
-0.721350
-0.821007
-0.937534
-0.793805
-0.749720
-0.385986
-0.018428
0.614714
1.054454
1.354817
1.414471
1.219027
0.933158
0.648714
0.387062
0.276028
0.250350
0.326233
0.156223
0.200759
-0.122003
-0.857662
-1.174730
-1.421890
-1.498439
-1.440518
-0.872346
-0.626848
-0.380385
-0.135881
-0.042647
0.175000
0.418589
0.736390
0.941444
0.753468
0.692967
0.478446
-0.047188
-0.430438
-0.569645
-0.550556
-0.679474
-0.429847
-0.127758
0.396435
0.765519
0.965868
1.305293
1.433110
1.089562
0.451090
0.142001
-0.154257
-0.671879
-0.689372
-0.563734
-0.636090
-0.723295
-0.797709
-0.873250
-0.973055
-0.687353
-0.260597
-0.040577
0.160283
0.425521
0.412650
0.331418
0.309336
0.451627
0.409311
0.472335
0.266599
0.242675
0.139002
0.307123
0.410008
0.246234
0.220917
0.036453
-0.507071
-0.988673
-1.383704
-1.614242
-1.724592
-1.572017
-1.417024
-1.103912
-0.822766
-0.405742
-0.062529
0.344572
0.580315
0.464188
0.279137
0.196115
0.019674
-0.010124
0.263285
0.383132
0.366555
0.260853
0.182140
0.138879
0.278997
0.399612
0.287605
0.150661
-0.127876
-0.530357
-0.819720
-0.863554
-0.592384
-0.243810
0.101519
0.490481
0.838169
0.940287
0.956606
0.988025
0.938751
0.771902
0.623898
0.300966
0.006220
-0.382012
-0.543387
-0.848214
-0.937130
-0.842114
-0.776033
-0.647726
-0.374674
-0.177289
0.152426
0.406918
0.621086
0.659261
0.784903
0.591120
0.562917
0.446789
0.282844
-0.107753
-0.428046
-0.750819
-0.790873
-0.841756
-0.559652
-0.410783
-0.250273
-0.319044
-0.223246
0.113743
0.352317
0.583485
0.808222
0.868918
0.688679
0.368027
0.051924
-0.469352
-0.769838
-0.719451
-0.568981
-0.373960
-0.085237
0.383994
0.341092
0.429061
0.698737
0.657216
0.594339
0.322884
0.083263
-0.225936
-0.159924
-0.061218
-0.204839
-0.238911
-0.340528
-0.482803
-0.557528
-0.321321
0.074284
0.247560
0.413967
0.429706
0.512794
0.524383
0.416137
0.424356
0.427345
0.068422
-0.334002
-0.510982
-0.521809
-0.957654
-0.925084
-0.644957
-0.520478
-0.608497
-0.461058
-0.038676
-0.040450
0.039845
0.616802
0.814724
0.542788
0.155025
-0.080305
-0.536850
-0.803443
-0.678179
-0.468208
-0.369574
-0.485912
-0.292747
0.211383
1.011615
1.757398
2.159347
2.389820
2.194351
1.549585
1.193175
0.835868
0.533799
0.192643
-0.503146
-1.451967
-1.884473
-1.949610
-2.190915
-1.883831
-1.128794
-0.612662
-0.386925
-0.273786
0.087129
-0.005289
-0.017085
0.143342
0.407623
0.639986
0.761838
0.808649
0.704801
0.739550
0.478909
0.099220
-0.127277
-0.355174
-0.558501
-0.398329
0.029826
0.347488
0.418126
0.412335
0.082553
-0.121742
-0.132284
0.172106
0.459912
0.843001
0.618488
0.082570
-0.603553
-0.927051
-1.386509
-1.379816
-0.936570
-0.554623
-0.163746
0.102933
0.411504
0.384378
0.588913
0.434790
0.323882
0.298904
0.212435
-0.045617
-0.251531
-0.371341
-0.256390
-0.237224
0.038138
0.352000
0.673591
0.760035
1.081750
0.921436
0.074459
-0.666142
-1.099440
-1.637540
-1.858195
-1.401462
-0.763541
-0.500514
-0.664950
-0.374403
-0.432521
-0.431501
-0.425473
-0.005742
0.165387
0.209974
0.183992
0.074389
0.129124
-0.147157
-0.005078
0.014005
0.079975
0.015627
-0.360237
-0.730091
-0.467067
-0.212533
-0.470466
-0.281718
0.150583
-0.077445
-0.244104
0.269069
0.640514
0.720389
0.756086
0.714510
0.682095
0.508577
0.409289
0.347264
0.462149
0.507022
0.329943
0.178751
-0.152066
-0.301149
-0.728905
-0.650124
-0.202518
0.215261
0.463880
0.801193
0.991355
0.804240
0.690175
0.478744
-0.237405
-0.468944
-0.779076
-1.032195
-1.168299
-0.775860
-0.578170
-0.381150
-0.090509
0.066618
0.428250
0.607486
0.609721
0.694492
0.451163
0.064660
-0.316444
-0.678093
-1.034797
-1.249464
-1.146765
-0.993428
-0.729931
-0.240985
0.390545
0.764040
0.818141
0.995151
1.281136
1.124825
0.850298
0.596447
0.624671
0.157524
-0.104401
-0.130155
-0.038417
-0.154555
-0.216132
-0.047506
0.051064
0.274763
0.630292
0.341503
0.308514
0.150323
-0.184793
-0.585415
-0.489891
-0.724437
-0.942253
-1.101535
-1.402508
-1.641298
-1.291801
-0.926811
-0.173057
0.482344
1.090809
1.363553
1.302305
1.012398
0.644820
0.302025
-0.020022
-0.250671
-0.308023
-0.344839
-0.170573
-0.220691
0.071934
0.195469
0.144534
0.014006
-0.054438
-0.280817
-0.256089
0.075405
0.447831
0.635662
0.794405
0.663160
0.279607
-0.174013
-0.520473
-0.539753
-0.935342
-1.117050
-1.064505
-1.024451
-0.742113
-0.337285
0.283875
0.547432
0.693591
0.459977
0.350650
0.232246
0.348307
0.613162
0.690287
0.300849
-0.032799
-0.571026
-0.774781
-0.915785
-0.401471
0.123117
0.590417
0.898654
1.003362
1.031321
1.011296
0.784601
0.601687
0.373982
0.134355
-0.157117
-0.371854
-0.636564
-0.746735
-0.483573
-0.596534
-0.374626
-0.105740
0.061433
0.044257
0.009121
0.185111
0.246306
0.243718
0.208416
0.188741
-0.074860
-0.617186
-0.832791
-1.188945
-1.268844
-1.071149
-0.878210
-0.442615
-0.012657
0.579419
0.867781
0.988971
0.740181
0.574839
0.174507
0.053231
0.199193
0.406259
0.276858
0.385212
0.152774
-0.070958
-0.126419
-0.103131
0.075929
0.195596
0.545073
0.713922
0.994628
0.643325
0.063653
-0.326985
-0.781418
-1.210916
-1.050489
-0.655829
-0.627104
-0.333880
-0.167486
0.016551
-0.020763
0.070516
-0.231771
-0.143280
-0.228492
-0.261557
0.111178
0.457389
0.695135
0.435578
0.443297
0.380748
0.364526
0.317377
0.193130
0.103038
-0.372101
-0.868116
-0.946667
-0.625226
-0.482101
-0.282399
0.079034
0.165846
0.312044
0.725000
0.988605
1.158982
1.095799
0.507601
0.109462
-0.409046
-0.565984
-1.070778
-1.038657
-1.047456
-0.901602
-0.826127
-0.547444
0.138487
0.535082
1.085351
1.449326
1.303032
0.870553
0.371813
-0.173538
-0.292809
-0.103678
-0.033062
-0.036854
0.049475
-0.328086
-0.354067
-0.291676
-0.310936
-0.046851
-0.035253
0.032767
-0.127762
-0.224539
-0.948133
-1.146479
-1.176316
-1.181096
-0.836928
-0.220690
0.198335
0.422670
0.639725
0.611342
0.870829
0.843989
0.862198
0.925473
0.716458
0.235141
0.030009
-0.101802
-0.116565
0.115194
-0.078715
-0.251353
-0.456751
-0.807084
-0.647973
-0.357837
0.155851
0.523327
0.825107
0.611110
0.132304
-0.156661
-0.392748
-0.553240
-0.387475
0.078495
0.070129
-0.088478
0.042193
0.112113
-0.146926
-0.233395
-0.363445
-0.623851
-1.021142
-0.817374
-0.312169
0.051987
0.264621
0.175885
0.161487
-0.280547
-0.221259
0.130978
0.046414
0.227302
0.231590
0.075556
-0.097257
0.327848
0.618864
0.771957
0.823164
0.616343
0.251828
0.122795
0.154657
0.193168
-0.244491
-0.240276
-0.641957
-0.919555
-1.014009
-0.554057
-0.174534
0.080380
0.333923
0.423482
0.399030
0.593516
0.613916
0.704005
0.937771
0.852868
0.534492
0.293364
-0.072067
-0.620332
-0.672274
-0.845592
-0.939499
-0.582518
-0.191294
0.103945
0.538633
0.969363
0.655988
0.374500
0.104542
-0.165691
-0.535079
-0.414170
-0.251322
-0.295763
-0.407334
-0.452224
-0.539440
-0.775108
-0.694333
-0.639773
-0.187232
0.156928
0.442768
0.656152
0.821881
0.902213
0.674398
0.671900
0.796237
0.891983
0.894441
0.521003
0.444632
0.105598
-0.430480
-0.790774
-0.321009
0.211378
0.263751
0.524736
0.667760
0.441721
0.007601
-0.123486
-0.093401
-0.225928
-0.208202
-0.294497
-0.489364
-0.521523
-0.598412
-0.632622
-0.516746
-0.336216
-0.273507
-0.149851
0.057076
0.024403
-0.129559
0.069952
0.260026
0.269602
0.538227
1.212349
1.116635
0.496451
0.242477
-0.550470
-1.152390
-1.356360
-1.069264
-0.758171
-0.174441
0.277492
0.610755
0.900559
0.959434
1.151919
1.226319
1.037223
0.693517
0.376605
-0.182969
-0.570507
-0.756724
-0.720932
-0.729888
-0.615810
-0.314017
-0.170276
0.086921
0.319430
0.609760
0.507932
0.405514
0.174600
-0.145815
-0.349066
-0.457385
-0.271230
-0.181162
-0.263990
-0.402628
-0.579867
-0.489251
-0.298490
0.107575
0.150721
0.195421
0.125698
-0.018947
-0.060313
0.196233
0.364498
0.502557
0.648774
0.748817
0.790658
0.625475
0.391030
0.156357
-0.083155
-0.793372
-1.107617
-1.556372
-1.939047
-1.969066
-1.589751
-1.020650
-0.448302
0.073525
0.206304
0.264846
0.268659
0.352165
0.376979
0.549716
0.588349
0.633835
0.536515
0.484586
0.297191
0.217379
0.082843
-0.007283
0.099828
0.351307
0.769072
1.224580
1.562216
1.573574
1.121186
0.597697
-0.254392
-0.776937
-1.074815
-1.092572
-0.884070
-0.582846
-0.485230
-0.433230
-0.415565
-0.420824
-0.424331
-0.083149
0.261428
0.494565
0.494374
0.545167
0.278223
-0.155669
-0.391256
-0.551125
-0.569896
-0.613945
-0.613945
-0.396205
-0.152443
0.120462
0.308425
0.223119
0.243477
0.451500
0.493022
0.802148
1.217770
1.467757
1.356963
1.153663
0.740942
0.522789
0.067125
-0.329370
-0.254182
-0.800863
-1.360616
-1.167859
-0.993657
-1.322422
-0.789691
-0.119510
-0.036041
-0.025387
0.227338
0.359693
0.397950
0.276787
0.295563
0.392654
0.256402
-0.148032
-0.509482
-0.752398
-1.226734
-1.211392
-0.848659
-0.281521
0.100122
0.507579
0.584015
0.739452
0.730348
0.817520
0.602377
0.353821
-0.075252
-0.435039
-0.922774
-0.932579
-0.844561
-0.624946
-0.418372
-0.007203
0.247198
0.689936
0.727721
1.141675
1.403814
1.598956
1.476457
1.406024
0.925011
0.396974
-0.114502
-0.717030
-1.116891
-1.384300
-1.291931
-0.944627
-0.536660
-0.121875
0.687859
0.630010
0.353168
0.300954
0.176492
-0.491231
-0.520399
-0.310513
-0.218812
-0.100079
0.028747
-0.169424
-0.402093
-0.850001
-0.605755
-0.669473
-0.451538
-0.243866
-0.001919
-0.284517
-0.261599
0.104726
0.275014
0.377278
0.628585
0.714495
0.789193
0.741227
0.841084
0.768824
0.500861
0.263656
0.034921
0.085021
0.091602
0.535906
0.544338
0.702344
0.732950
0.656446
0.528979
0.367205
0.176770
-0.310147
-0.954332
-1.410752
-1.657059
-1.818598
-1.507349
-1.048831
-0.504716
-0.038421
0.377199
0.673837
0.929279
0.892245
0.751476
0.615028
0.336722
0.035915
-0.138889
-0.412641
-0.601530
-0.792461
-0.809556
-0.669033
-0.270857
0.032632
0.369803
0.699956
0.751868
0.782853
0.863325
0.810333
0.789738
0.456392
0.079238
-0.184143
-0.608319
-0.924982
-0.853198
-0.649477
-0.615340
-0.277649
0.027877
0.174156
0.477222
0.427563
0.358461
0.387238
0.462842
0.319023
0.300041
0.419318
0.392581
0.097249
0.025007
0.036699
0.289512
0.535368
1.132023
1.528268
1.701581
1.472162
0.935022
0.497267
0.004992
-0.205486
-0.479446
-0.562139
-0.781907
-1.002116
-1.188976
-1.176372
-1.049935
-0.793101
-0.536371
-0.122240
0.216308
0.423027
0.790696
1.002036
0.982322
0.540570
0.211709
-0.288553
-0.614491
-0.796532
-0.709493
-0.513646
-0.359716
-0.547356
-0.583629
-0.571096
-0.575267
-0.672626
-0.447718
-0.151471
0.011197
0.338733
0.481376
0.752363
0.739489
1.002901
1.053519
0.972722
0.773975
0.501640
0.093134
-0.330892
-0.541370
-0.671255
-0.573460
-0.296764
-0.146988
0.069850
0.406975
0.347998
0.446302
0.316509
0.214565
-0.057548
-0.126318
-0.533984
-0.895220
-0.995885
-1.196495
-1.530826
-1.484114
-1.461191
-1.042575
-0.451570
0.500426
0.987337
1.129748
0.959291
0.678930
0.443196
0.230142
0.480338
0.588978
0.468217
0.160742
-0.088689
-0.054445
-0.121909
-0.079087
-0.111516
-0.146055
-0.173345
-0.328898
-0.340525
-0.373648
-0.495856
-0.432089
-0.337056
-0.196959
0.428831
0.975011
1.097761
1.564009
1.529221
1.038299
0.247033
-0.362979
-1.278371
-1.393579
-1.569433
-1.245624
-0.836557
-0.502482
-0.342156
-0.100172
0.398108
0.741297
1.212166
1.461717
1.400934
0.968074
0.507025
-0.071543
-0.670297
-0.968857
-0.987404
-1.057710
-0.857834
-0.641888
-0.347657
-0.040804
0.384928
0.712494
0.815169
0.894704
0.925654
0.781292
0.329983
0.100163
-0.175655
-0.603444
-0.844710
-0.807654
-0.809168
-0.766350
-0.575174
-0.414574
-0.031509
0.386281
0.701130
0.778549
0.946458
0.771194
0.475520
0.295081
0.145513
-0.090654
-0.315036
-0.351067
-0.540370
-0.706828
-0.693905
-0.833879
-0.855087
-0.768014
-0.609088
-0.489001
-0.082844
0.173079
0.421967
0.738345
0.817546
0.653291
0.694024
0.789049
0.726551
0.733335
0.634645
0.308535
-0.161497
-0.283507
-0.385841
-0.236986
0.127240
0.282679
0.079459
-0.203416
-0.414327
-0.807475
-0.920156
-0.847774
-0.825547
-0.724847
-0.698548
-0.667197
-0.561586
-0.503870
-0.397175
-0.087179
0.226309
0.430225
0.778854
1.161072
1.334587
1.389845
1.290718
1.186999
0.786183
0.295882
0.071353
-0.019377
-0.139071
-0.085825
-0.142752
-0.437670
-0.717615
-0.950554
-1.298648
-1.411122
-1.004420
-0.783927
-0.578415
-0.435382
-0.271834
-0.492839
-0.529603
-0.610113
-0.428893
-0.187617
-0.189353
-0.175356
0.376253
0.516733
0.652601
0.891855
1.177561
1.006742
0.840240
0.669268
0.517837
0.196201
-0.232368
-0.463350
-0.505165
-0.533049
-0.378629
-0.478149
-0.314995
-0.461241
-0.502149
-0.421241
-0.044107
0.065161
0.324881
0.573271
0.626866
0.721242
0.805369
0.776401
0.861823
0.861648
0.746186
0.713868
0.599198
0.079858
-0.360163
-0.703684
-0.940388
-1.076844
-0.812191
-0.579639
-0.099920
0.220871
0.573408
0.737101
0.903985
0.761996
0.252117
-0.248425
-0.522701
-0.814192
-0.870093
-0.878195
-0.816612
-0.938974
-0.947238
-1.052382
-0.807730
-0.444538
-0.076108
0.208835
0.381276
0.375391
0.305931
0.095489
0.094597
0.118718
0.085626
-0.067060
-0.080053
-0.334361
-0.622597
-0.747978
-0.612553
-0.485766
-0.283234
0.140293
0.673273
0.894588
1.191944
1.328768
1.305206
1.147169
0.851883
0.528915
0.500140
0.095602
-0.015847
-0.142618
0.021018
-0.005302
0.179152
0.068917
0.047168
-0.294843
-0.720597
-0.864062
-0.735650
-0.506463
-0.175253
0.154280
0.466487
0.555779
0.259347
-0.069700
-0.347071
-0.501410
-0.584672
-0.231037
0.113471
0.450663
0.585514
0.558897
0.523972
0.461231
0.301937
0.255805
0.103237
0.189187
-0.182699
-0.452678
-0.672566
-0.753449
-0.925069
-0.615511
-0.149887
0.125870
0.648378
1.133775
1.247660
1.235351
1.162203
0.929435
0.571605
0.172132
0.073881
-0.148412
-0.357077
-0.626456
-0.728621
-0.965208
-0.855695
-0.644627
-0.520607
-0.287425
0.036658
0.322314
0.290678
0.478936
0.575702
0.347069
0.037765
0.104682
-0.266831
-0.502148
-0.532142
-0.635719
-0.597238
-0.188336
0.288399
0.441864
1.006161
1.244146
0.982939
0.766181
0.682096
0.401438
-0.278600
-0.530042
-0.607534
-0.766282
-0.978151
-0.838291
-0.513887
-0.353007
0.055370
0.293304
0.243696
0.306060
0.301057
0.242986
0.506596
0.878188
0.903451
0.704745
0.294065
-0.275719
-0.792001
-1.059363
-1.271334
-0.992960
-0.631206
-0.149717
0.247687
0.546115
0.566438
0.394076
0.339623
0.148426
0.250202
0.233209
-0.011295
-0.132982
-0.177628
-0.352649
-0.067645
-0.074411
0.125382
0.080010
0.235868
0.005814
0.411921
0.532941
0.589668
0.821106
0.894725
0.856669
0.935635
1.020609
0.632152
0.119238
-0.372006
-1.069441
-1.457320
-1.579776
-1.465332
-1.270297
-0.937400
-0.664491
-0.313420
-0.008887
0.120725
-0.015370
0.120534
0.110100
0.231674
0.370587
0.457320
0.363108
0.009329
-0.370916
-0.265209
-0.090029
0.025388
0.216549
0.675614
0.785348
1.093310
1.434450
1.318707
1.033714
0.650833
0.163874
-0.444617
-0.348196
-0.452376
-0.702337
-0.849412
-0.811116
-1.030586
-1.139905
-1.133417
-0.796995
-0.635824
-0.263118
0.002024
0.448547
0.685662
0.692652
1.034666
1.490247
1.392417
0.931218
0.580864
0.071512
-0.485730
-0.417584
0.072294
0.185033
0.241653
0.125939
-0.145570
-0.726506
-0.571758
-0.563692
-0.651618
-0.498256
-0.187752
0.057442
0.163918
0.402466
0.399545
-0.255652
-0.585400
-0.605513
-0.593328
-0.220769
0.177403
0.292215
0.273092
0.368675
0.346725
0.441447
0.741529
0.836481
0.879135
0.680744
0.411682
-0.257028
-0.773467
-1.085097
-1.583687
-1.579591
-1.107761
-0.714869
-0.303790
0.049765
0.522786
0.431288
0.595599
0.596655
0.381548
0.092783
-0.074317
-0.508842
-0.893026
-0.802152
-0.664555
-0.526582
-0.290662
-0.158980
0.081194
0.361383
0.579325
0.942757
0.864134
0.751711
0.680188
0.412225
0.059383
0.228980
0.123538
-0.274130
-0.514682
-0.648335
-0.899004
-0.734256
-0.565608
-0.289598
0.291446
0.567353
0.727997
0.734224
1.044782
0.848947
0.675119
0.622107
0.571322
-0.097933
-0.540949
-0.530763
-0.868361
-0.966534
-0.494097
-0.453171
-0.392231
-0.240843
-0.169948
-0.076953
0.128773
0.323271
0.324855
0.379554
0.224298
-0.050858
-0.395924
-0.518081
-0.387737
-0.341552
-0.317214
-0.328983
-0.204846
-0.290487
-0.493167
-0.339701
0.235626
0.488855
0.323042
0.391153
0.652832
0.586847
0.576770
0.971368
0.686029
0.257149
-0.287672
-0.739927
-1.143482
-0.988574
-1.097164
-1.038277
-0.827633
-0.707652
-0.678698
-0.527125
-0.436306
-0.273831
-0.161570
0.099264
0.417558
0.783873
0.737719
0.758607
0.785163
0.712196
0.673268
0.727783
0.540278
0.395942
0.168770
-0.197452
-0.423826
-0.586545
-0.674056
-0.595901
-0.372808
-0.185243
0.189461
0.423591
0.447274
0.579526
0.451722
0.414599
0.558106
0.912323
0.950231
0.958064
0.480797
-0.215230
-0.850139
-0.840621
-0.994863
-0.670059
-0.367766
-0.170098
-0.390611
-0.420962
-0.259234
-0.173315
0.032047
0.063008
-0.031416
-0.164034
-0.326490
-0.571511
-0.880222
-0.865962
-0.914969
-0.985053
-0.827398
-0.794283
-0.241954
0.021427
0.674362
1.141468
1.318803
1.061200
0.875905
0.441271
0.123503
0.506463
0.493573
0.485742
0.663565
0.649199
0.440986
0.578292
0.588343
0.525228
0.268224
0.030960
-0.027952
-0.075039
-0.053087
0.066686
0.091537
-0.146833
-0.313336
-0.358810
-0.187800
0.078403
0.222162
0.564931
0.517838
0.115381
-0.199476
-0.432256
-0.514547
-0.446385
-0.080836
0.176291
0.629437
0.817998
0.882006
0.992310
1.029159
0.934897
0.469405
0.082769
-0.370828
-0.762665
-1.089795
-1.055116
-0.975732
-0.990604
-1.005229
-0.982452
-0.908122
-0.788056
-0.557989
-0.350560
-0.008310
0.250160
0.467684
0.670914
0.815990
0.891849
0.864710
0.849277
0.733693
0.617457
0.470792
0.312556
-0.004896
-0.290981
-0.566488
-0.571883
-0.497559
-0.333074
-0.180172
0.184998
0.005156
-0.307887
-0.316453
-0.344955
-0.480539
-0.255124
0.066439
0.130941
0.458996
0.390849
-0.135098
-0.619313
-0.734401
-1.142361
-1.142608
-0.923998
-0.305925
-0.127264
0.111161
0.349501
0.478537
0.275119
0.175409
0.156789
0.145827
-0.080430
-0.229651
-0.438356
-0.714096
-0.983769
-1.208713
-1.174305
-1.127278
-0.844336
-0.514390
0.223434
0.686419
1.213934
1.543296
1.595079
1.675665
1.633599
1.113192
0.675991
0.149144
-0.192855
-0.549317
-0.545137
-0.470468
-0.140791
0.030704
-0.019743
0.349976
0.442323
0.445483
0.555360
0.665304
0.564272
0.511845
0.563431
0.401791
0.293200
0.203258
0.108507
-0.026534
-0.168287
-0.051311
-0.103386
-0.223047
-0.430648
-0.629103
-0.759205
-0.574189
-0.451810
-0.024077
0.362658
0.825186
0.893896
1.108451
1.241478
1.202103
1.091326
0.748578
0.418863
-0.251300
-0.696148
-1.072881
-1.048759
-1.019676
-0.739936
-0.527622
-0.304476
-0.135944
0.126934
0.209393
0.379398
0.744822
0.629141
0.453553
0.092462
-0.440140
-1.342366
-1.828087
-1.944129
-1.633968
-1.102609
-0.365727
0.431387
0.783941
1.368979
2.074437
1.852034
1.486206
1.306167
0.570659
-0.068993
-0.158397
0.048389
-0.147659
-0.043158
-0.090134
0.116024
0.103080
0.280783
0.460778
0.573280
0.164901
-0.056576
-0.427720
-0.538169
-0.783797
-0.632285
-0.697555
-0.536613
-0.651004
-0.767910
-0.939805
-1.011977
-1.071954
-0.864352
-0.933008
-0.709061
-0.534390
-0.421458
-0.508164
-0.081976
0.386402
0.837309
1.256027
1.524293
1.241377
0.790251
0.365515
0.121166
-0.242288
-0.242297
-0.203250
-0.291031
-0.234499
-0.094584
0.075487
0.211599
0.439757
0.603576
0.913277
1.057304
1.131699
1.290079
1.242104
0.380261
-0.082752
-0.735614
-1.262178
-1.643579
-1.339311
-1.118365
-0.812332
-0.491299
-0.332027
-0.103548
0.230766
0.658427
0.968197
0.892870
0.895402
0.627622
0.255831
0.012999
0.052854
-0.043521
-0.264382
-0.354842
-0.606507
-0.768813
-0.837404
-0.834917
-0.705375
-0.616684
-0.401514
-0.104660
0.290773
0.550694
0.666243
0.747354
0.935749
1.006213
1.008440
0.999794
1.026555
0.824554
0.627064
0.431332
0.104198
-0.238655
-0.750274
-1.168972
-1.272890
-1.099595
-0.789663
-0.436540
0.083705
0.418978
0.502770
0.494160
0.645311
0.508506
0.122330
-0.031498
-0.336013
-0.808541
-1.120179
-1.248731
-1.228169
-1.138641
-0.923830
-0.571908
-0.174453
0.312973
0.638555
1.015106
1.073718
0.903925
0.593427
0.354998
0.069898
-0.068276
-0.207037
-0.234320
-0.226221
-0.349184
-0.562135
-0.623074
-0.726836
-0.925198
-0.451640
-0.005106
0.306918
0.499261
0.861607
0.587053
0.365520
0.417526
0.423193
0.380672
0.521166
0.645403
0.702321
0.645649
0.540151
0.331576
-0.113814
-0.553468
-0.756739
-0.871749
-1.063365
-0.971764
-0.697708
-0.429487
-0.210269
0.010186
0.460157
0.629952
0.829119
1.002167
0.931842
0.511590
0.052710
-0.664760
-1.177279
-1.349408
-1.223062
-1.095285
-0.696371
-0.401978
-0.227883
-0.033933
0.281636
0.584614
0.499754
0.498908
0.556053
0.621072
0.522864
0.517026
0.666208
0.538661
0.158073
0.005096
0.044686
-0.155535
-0.480319
-0.710065
-0.587243
-0.551527
-0.386093
-0.176832
0.165633
0.047989
0.189381
0.008711
0.019018
-0.086031
0.074861
0.083405
0.625842
0.840798
0.771909
-0.035533
-0.199161
-0.731188
-1.335395
-1.014779
-0.542041
-0.616315
-0.898384
-0.651836
-0.916262
-0.789207
-0.648078
-0.135471
0.582445
1.199440
1.083835
1.001845
0.977462
0.550002
0.294461
0.672022
0.950015
0.982924
1.095164
1.042285
0.829561
0.629638
-0.098860
-0.519540
-1.316515
-1.599428
-2.019050
-1.773850
-1.605007
-1.039667
-0.819612
-0.498547
-0.204522
-0.281232
-0.319273
-0.161010
0.055430
0.493655
0.652086
0.740484
0.700109
0.585005
0.398719
0.369785
0.556284
0.636700
0.765903
0.844536
0.690273
0.399806
-0.210980
-0.682092
-1.227076
-1.306029
-1.109522
-0.648537
-0.517396
-0.234021
-0.092394
-0.422352
-0.503705
-0.272656
-0.155566
0.001420
0.511821
0.609871
0.567222
0.334727
0.102134
-0.354864
-0.771284
-0.884311
-0.726004
-0.275553
0.200520
0.853225
1.071060
0.971092
0.767560
0.357709
0.262682
0.312565
0.382014
0.314997
0.270598
-0.075651
-0.430602
-0.539979
-0.778730
-0.795438
-0.593821
-0.380480
-0.120817
0.254371
0.423084
0.649548
0.466648
0.264658
-0.050149
-0.162231
-0.434585
-0.474999
-0.284662
-0.151905
0.046548
0.050288
-0.048844
-0.102373
0.086414
0.174015
0.180034
0.381514
0.591458
0.632300
0.453338
0.166488
-0.008467
-0.550140
-0.992435
-1.099527
-0.818063
-0.661328
-0.715406
-0.767234
-0.649014
-0.662257
-0.543608
-0.192860
0.335972
0.617215
0.577864
0.590779
0.188808
-0.281884
-0.570811
-0.570195
-0.499921
-0.072660
0.302015
0.621757
0.786641
0.765733
0.660234
0.667375
0.552357
0.564950
0.632450
0.759718
0.558913
0.470206
0.472073
0.561798
0.541233
0.596908
0.226019
-0.094688
-0.735045
-0.813007
-1.305806
-1.475586
-1.502922
-1.147747
-1.052942
-0.573844
0.023929
0.384847
0.652184
0.683577
0.605253
0.547457
0.208054
-0.204395
-0.336637
-0.530945
-0.454774
-0.252420
-0.032555
0.155862
0.567698
0.649163
0.894520
1.181897
1.075962
0.907786
0.847744
0.565958
0.357210
0.226788
0.192589
0.074646
-0.142591
-0.314333
-0.244337
-0.076607
-0.015815
0.417444
0.905027
1.182935
1.212867
0.950006
0.673660
0.070507
-0.591290
-1.019163
-1.308668
-1.381924
-1.198600
-0.832874
-0.825653
-0.527991
-0.386307
-0.488269
-0.345947
0.066608
0.155076
0.350699
0.471543
0.667800
0.713963
0.849007
0.538210
0.227416
-0.416918
-1.050553
-1.179981
-1.172033
-1.321080
-1.017593
-0.651117
-0.494662
-0.126009
0.476510
0.541338
0.766896
0.890151
0.804093
0.945685
1.188585
0.946871
0.654348
0.369531
-0.059446
-0.579847
-0.769137
-0.711581
-0.773911
-0.927980
-0.975057
-0.606898
-0.598705
-0.491220
0.009717
0.708350
0.839170
0.629116
0.552831
0.387959
-0.083218
-0.345260
-0.232929
0.124966
0.218826
0.273509
0.413969
0.256332
0.255386
0.354533
0.454260
0.345448
0.517766
0.310812
0.003690
-0.007464
0.182175
0.263061
0.374588
0.394555
0.334941
-0.027442
-0.260304
-0.265980
0.152332
0.287637
0.576362
0.587414
0.419273
-0.125056
-0.714425
-1.432772
-1.601367
-1.910316
-2.045626
-1.740471
-0.976182
-0.550034
-0.063467
0.681996
1.159178
0.884195
1.093742
1.056358
0.557205
0.266658
0.518758
0.430234
0.451612
0.464109
0.271269
0.005753
-0.323733
-0.454983
-0.520386
-0.987013
-1.198016
-1.318647
-1.520266
-1.603107
-1.166698
-0.692021
-0.200042
0.219121
0.497970
0.766624
1.081660
1.184380
1.300831
1.282279
1.266893
0.932089
0.501560
0.247682
-0.166266
-0.413769
-0.543967
-0.495898
-0.476294
-0.158144
0.137335
0.312521
0.395800
0.500730
0.650774
0.381477
-0.016997
-0.107948
-0.415934
-0.699030
-0.746808
-0.635144
-0.585752
-0.588368
-0.662698
-0.604432
-0.411686
-0.192005
0.083833
0.398708
0.636213
0.578542
0.393615
0.436137
0.544096
0.690363
1.016919
1.190955
1.073732
0.690682
0.206215
-0.379555
-0.855231
-1.514117
-1.609264
-1.541179
-1.329409
-0.891710
-0.175379
0.128451
0.057371
-0.023167
-0.173657
-0.175681
-0.142085
0.164744
0.620037
0.626839
0.476526
0.311219
0.106503
-0.142630
-0.077432
-0.204366
-0.335960
-0.360874
-0.407467
-0.575979
0.190837
0.916851
1.722970
1.637020
1.610709
0.967576
0.126518
-0.925278
-1.238848
-1.262259
-1.334480
-1.484431
-1.248363
-0.948646
-0.867734
-0.655161
0.055198
0.295419
0.246717
0.017953
-0.081281
-0.268316
-0.313491
-0.313491
-0.007837
0.117948
0.325130
0.566359
1.012709
1.661293
2.024113
2.150072
1.859121
1.771443
1.382734
0.945656
0.733200
0.646322
0.176050
-0.211957
-0.470651
-0.627236
-0.720104
-0.668518
-0.917574
-0.754313
-0.719263
-0.622524
-0.509494
-0.178375
-0.088832
0.038196
0.169768
0.378532
0.275637
0.261413
0.073211
0.290080
0.347447
0.590746
0.583574
0.278858
-0.096499
-0.624414
-0.985100
-1.221636
-1.185647
-0.883874
-0.399642
0.065463
0.409227
0.751322
0.655177
0.592480
0.726778
0.440657
0.196393
-0.022558
-0.205301
-0.559346
-0.569063
-0.559892
-0.704608
-0.791394
-0.673117
-0.677017
-0.442916
-0.107628
0.035258
0.250841
0.586761
0.650551
0.511749
0.733286
0.635072
0.662750
0.611254
0.633836
0.523435
0.045692
-0.363781
-0.373142
-0.385066
-0.341195
-0.146383
0.199489
0.364026
0.465266
0.378342
0.460845
0.443235
0.392632
0.519699
0.732926
0.812549
0.711482
0.337918
-0.166183
-0.692633
-1.236076
-1.460882
-1.622133
-1.505298
-1.356882
-1.120969
-0.881740
-0.498524
-0.108433
0.168328
0.697601
1.021653
1.514539
1.605084
1.419181
1.080920
0.683294
0.055770
-0.317872
-0.508328
-0.527615
-0.743814
-0.806757
-0.865767
-0.785520
-0.889033
-0.716952
-0.424400
-0.280588
-0.134810
-0.057795
0.066345
0.120300
0.460642
0.679799
1.062076
0.880325
0.653095
-0.000468
-0.248656
-0.430949
-0.123940
0.078666
0.059306
-0.003234
-0.172711
-0.367191
-0.560705
-0.077865
0.209354
0.288594
0.429122
0.720347
0.869376
0.767676
0.783048
0.585637
0.360057
-0.241344
-0.630199
-1.069059
-1.199390
-1.271254
-0.808074
-0.336265
0.148222
0.542534
0.658378
0.661726
0.781512
0.659826
0.550607
0.275325
0.009792
-0.402724
-0.736915
-0.989730
-1.029020
-0.827994
-0.792975
-0.340437
-0.248315
0.180049
0.249649
0.616144
0.964841
1.099062
1.030660
0.830617
0.527358
0.387990
0.425051
0.318047
0.289869
0.546094
0.344859
0.403829
0.487358
0.614910
0.193891
-0.637622
-1.215163
-1.224232
-1.510512
-1.366715
-0.604217
0.007602
0.106987
0.540256
0.570446
0.602557
0.586119
0.526644
0.362213
0.316718
-0.075543
-0.342253
-0.635298
-0.878333
-0.969702
-0.822847
-0.634901
-0.346551
0.058075
0.299394
0.607063
0.758678
1.022564
1.202984
0.917818
0.527065
0.073490
-0.346352
-0.594777
-0.285721
-0.087069
-0.120228
-0.356081
-0.695896
-0.969260
-0.977261
-0.727708
-0.504916
-0.386202
-0.262242
-0.273301
-0.431056
-0.424524
-0.171418
-0.020652
0.113373
0.029041
0.674417
0.624068
0.684226
0.749652
1.135325
0.610170
0.187912
0.012626
-0.089485
-0.176333
-0.106043
0.328256
0.340451
0.268378
0.249190
0.250997
0.268195
0.402627
0.504297
0.706145
0.187076
-0.204143
-0.579498
-1.269050
-1.658658
-1.621504
-1.458705
-1.401435
-0.925815
-0.546845
-0.066735
0.112504
0.478370
0.846958
0.920227
0.893874
0.811945
0.478348
0.284359
-0.008462
-0.066198
0.268371
0.676992
0.805096
0.860430
0.755263
0.444277
0.294503
-0.048128
-0.299974
-0.289482
-0.393868
-0.772068
-0.646695
-0.468131
-0.552593
-0.630268
-0.468042
-0.352038
-0.191562
0.315319
0.753539
1.162908
1.411555
1.536028
1.424585
1.170876
1.040268
0.807290
0.665393
0.522533
-0.021573
-0.599939
-0.972714
-1.365414
-1.813605
-1.489621
-1.147873
-1.012163
-0.868640
-0.604798
-0.409435
-0.226506
0.020824
0.067923
0.078229
0.244831
0.290213
0.158871
0.221705
0.140937
-0.092517
-0.630784
-0.929479
-0.864871
-0.814075
-0.868140
-0.360060
0.325298
0.583415
0.935530
1.332114
1.615598
1.378531
1.122090
0.965618
0.840486
0.212772
0.009369
-0.092086
-0.252699
-0.448303
-0.344085
-0.299494
-0.287245
-0.267174
-0.086565
0.155122
0.471136
0.761306
1.007676
0.616750
0.278400
-0.195868
-0.760984
-1.164304
-1.194754
-1.104973
-0.834351
-0.435834
-0.160717
0.228187
0.637061
0.652090
0.740255
0.803178
0.690088
0.249858
0.052423
-0.296052
-0.634537
-0.885727
-0.687306
-0.631449
-0.297688
-0.112940
0.397426
0.566742
0.828868
0.693749
0.517713
0.364235
0.172485
0.062234
0.163913
0.472309
0.484290
0.373025
0.113489
-0.164301
-0.786902
-1.287795
-1.530713
-1.358574
-1.261658
-0.834321
-0.376787
-0.061700
-0.068087
0.134361
0.207384
0.169380
-0.015633
-0.056617
-0.342070
-0.315529
-0.497539
-0.536306
-0.381138
-0.560041
-0.566500
-0.362873
0.062759
0.164645
0.758765
0.874132
0.869234
0.949535
0.873190
0.687631
0.626522
0.815811
0.619025
0.370524
0.019434
-0.212869
-0.663459
-0.871775
-0.789387
-0.448245
-0.143513
0.180255
0.604123
0.828402
0.731544
0.413588
0.060770
-0.418743
-0.758204
-0.956660
-1.040877
-0.902692
-0.860368
-0.810423
-0.705002
-0.633000
-0.530914
-0.250613
0.156671
0.553518
1.001318
1.337109
1.359380
1.193276
0.955559
0.707404
0.455209
0.358967
0.271936
0.041713
0.007430
-0.158638
-0.272338
-0.448809
-0.421123
-0.241633
-0.330405
-0.393739
-0.144908
-0.125739
-0.350690
-0.428327
-0.241517
-0.282786
-0.028859
0.050105
0.203466
0.174810
0.002186
-0.265137
-0.068548
-0.002439
0.132057
0.494203
0.946827
0.921916
1.077334
1.158129
1.013745
0.952278
0.701437
0.553435
0.235465
0.117958
-0.212912
-0.535042
-0.916095
-1.291804
-1.685246
-1.929455
-1.754375
-1.571606
-1.069721
-0.593125
-0.150913
0.181927
0.657587
1.017388
1.157828
1.195352
0.926698
0.489388
-0.067173
-0.356801
-0.431831
-0.366308
-0.068977
0.014474
0.127953
0.066349
0.215129
0.268660
0.588430
0.435607
0.111358
-0.279805
-0.694489
-1.321985
-1.000843
-0.599639
-0.281673
-0.105337
0.115046
-0.335189
-0.449385
-0.252506
0.135502
0.199404
0.421348
0.387209
0.520592
0.330436
0.614590
0.843776
1.066078
0.891243
0.761934
0.486579
0.357814
0.111989
0.040163
0.080834
-0.080614
-0.879203
-1.187144
-1.269310
-1.270857
-1.003213
-0.156275
0.546126
0.610237
0.613083
0.694681
0.670412
0.550535
0.568347
0.660949
0.746987
0.677788
0.618254
0.529189
0.594579
0.167884
-0.132618
-0.483526
-0.564503
-0.653383
-0.320449
0.155200
0.656153
0.818369
0.823258
0.192005
-0.174529
-0.912050
-1.200174
-1.457918
-1.059947
-1.069921
-0.643311
-0.509821
-0.391019
-0.273411
-0.080788
-0.029516
0.271983
0.129422
0.281988
0.567669
0.679985
0.612446
0.777236
0.814617
0.350734
0.082080
-0.142950
-0.152504
-0.503033
-0.536643
-0.341299
-0.382756
-0.582538
-0.514525
-0.471940
-0.441984
-0.373292
-0.116659
0.103787
0.362196
0.625939
0.966474
1.097914
1.150183
1.145809
0.855596
0.201924
-0.223916
-0.790895
-0.997865
-1.190880
-0.902570
-0.646954
-0.396943
-0.572993
-0.658520
-0.744757
-0.742727
-0.598687
-0.257135
0.024594
0.609215
1.008127
1.043182
1.287579
1.150886
0.988178
0.198036
-0.185127
-0.383467
-0.183826
-0.559219
-0.633396
-0.388046
-0.646669
-0.512365
0.032228
0.984022
0.921783
1.186555
1.011874
0.720393
0.298370
0.692702
0.462269
0.427961
0.340361
0.339396
0.207649
0.159405
-0.208676
-0.400607
-0.602463
-0.744220
-1.101618
-1.094810
-1.232410
-0.991494
-1.028567
-0.728651
-0.467042
-0.106984
0.244287
0.540584
0.942019
1.119778
1.061007
1.061950
0.877075
0.732483
0.547246
0.288925
-0.350811
-0.746219
-1.079516
-1.173142
-1.081962
-0.738456
-0.313085
0.110003
0.376877
0.757177
0.674267
0.635479
0.486190
0.495584
0.346526
0.024732
-0.209471
-0.174121
-0.592150
-0.600425
-0.586831
-0.500777
-0.665739
-0.539334
-0.567475
-0.285763
-0.157930
0.097909
0.410771
0.066324
0.188555
0.149066
-0.037155
-0.049305
0.453318
0.020347
-0.078231
-0.390411
-0.665314
-1.077026
-1.072517
-0.942383
-0.490094
-0.392423
-0.229968
0.290312
0.550621
0.371502
0.576675
0.662279
0.586225
0.448391
0.533529
0.472199
0.405055
0.353786
0.169606
0.304651
0.237110
0.095607
-0.059129
0.148455
0.227854
-0.019353
-0.078378
-0.226136
-0.441688
-0.717027
-0.740540
-0.729208
-0.882742
-1.033345
-1.038790
-0.926527
-0.493931
0.082074
0.619577
0.864392
0.967166
0.812008
0.628099
0.514156
0.485332
0.795337
0.869010
0.943474
0.792326
0.700425
0.410790
0.369685
0.157590
-0.019290
-0.592179
-0.863294
-1.250619
-1.405591
-1.233460
-0.714432
-0.281072
0.245756
0.631585
0.745801
0.590712
0.407214
0.415963
0.344906
0.303590
0.468082
0.530152
0.239788
-0.005796
-0.561598
-1.007195
-1.207469
-1.302743
-1.025286
-0.298970
0.125468
0.407452
0.554795
0.511140
0.236847
0.238213
-0.025389
-0.105262
-0.140447
-0.114816
-0.220408
-0.126203
-0.286544
-0.615194
-0.544615
0.194978
0.852996
1.755152
2.173534
2.304427
1.876659
1.086615
0.004173
-0.408584
-0.569623
-0.738824
-0.827645
-0.412581
-0.296649
-0.406800
-0.720151
-0.738283
-0.917111
-0.939169
-0.971825
-0.750232
-0.438690
-0.202546
-0.043369
0.031521
0.176760
0.292688
0.335437
0.524840
0.741153
0.959867
1.062270
0.828934
0.474299
-0.005015
-0.566601
-0.959284
-0.952647
-0.798923
-0.515754
-0.135498
0.175811
0.422431
0.625246
0.839260
0.748038
0.628141
0.221347
0.073911
-0.206851
-0.214983
-0.404890
-0.288326
-0.196055
-0.030207
0.066675
0.396215
0.776928
0.881794
0.871847
0.839228
0.531362
0.140210
-0.408789
-0.804862
-1.042796
-1.225447
-1.306925
-1.149942
-0.987795
-0.948261
-0.729364
-0.482316
-0.297377
-0.100745
0.137397
0.273521
0.390103
0.446713
0.694102
0.838132
1.073376
1.160339
1.253237
1.189696
0.993094
0.698759
0.276026
-0.122596
-0.311331
-0.712789
-0.950857
-0.895595
-0.791436
-0.848680
-0.555719
-0.370185
-0.323747
-0.240972
-0.119748
-0.005952
0.175729
0.583838
0.752096
0.507427
0.238746
-0.031320
-0.712874
-0.726416
-0.676329
-0.406500
-0.370444
-0.071813
0.039447
0.196464
0.387921
0.996096
1.577003
1.823738
1.605565
1.584110
1.124542
0.517012
-0.175585
-0.275160
-0.525333
-0.667161
-0.766249
-0.997197
-1.041130
-1.159364
-1.273012
-1.230365
-0.809956
-0.722048
-0.616098
-0.372713
-0.053786
-0.051852
-0.044501
-0.065444
-0.136261
-0.274103
-0.312452
-0.033767
0.214150
0.521339
0.788857
1.047581
1.028916
0.963140
0.843590
0.548798
0.396922
0.393883
0.324296
0.071817
-0.158880
-0.239653
-0.510640
-0.680883
-0.780510
-0.856011
-1.051838
-1.015762
-0.911726
-0.724417
-0.333250
0.269049
0.684112
0.866703
1.113230
1.311819
0.910329
0.720027
0.409754
-0.002154
-0.415276
-0.562824
-0.740990
-0.739524
-0.812137
-0.799547
-0.653489
-0.635145
-0.410718
-0.188733
0.122735
0.345742
0.493351
0.561885
0.605143
0.398711
0.072751
0.121005
-0.211872
-0.373947
-0.214438
0.071578
-0.013363
0.131277
0.578958
0.709555
0.866258
0.994792
0.883467
0.396120
-0.085207
-0.466738
-0.531376
-0.254705
-0.074903
0.120051
0.144143
-0.026952
-0.054544
0.058763
0.089248
0.200762
-0.115065
-0.732262
-1.069141
-1.206039
-1.646691
-1.518234
-0.733009
-0.301775
-0.003933
0.599149
0.986581
0.777554
0.775885
0.801676
0.821058
0.788425
0.676078
0.325107
0.075116
-0.202528
-0.242103
0.074346
0.434890
0.476712
0.617541
0.574061
0.276106
0.013035
-0.037882
-0.508408
-0.633691
-0.638938
-0.888849
-1.097811
-0.647011
-0.371449
-0.498057
-0.309445
0.066011
0.112431
0.300776
0.663741
1.006361
1.288199
0.736283
0.274672
-0.100297
-0.132368
-0.477237
0.045689
0.272542
0.490032
0.210320
-0.135110
-0.415381
-0.750635
-1.053057
-0.933141
-0.382912
-0.173417
-0.060672
0.115320
0.078342
-0.277868
-0.221830
-0.131824
0.495176
0.887538
1.318269
1.845369
2.008632
1.507055
0.878363
0.210617
-0.712247
-0.926373
-1.108763
-1.065580
-0.784845
-0.539276
-0.474426
-0.298149
0.135489
0.365445
0.434629
0.413183
0.237173
-0.019942
-0.460255
-0.775342
-0.747673
-0.627775
-0.737963
-0.424177
-0.046146
0.090060
0.237727
0.418399
0.701824
0.759396
0.866459
0.764870
0.547369
-0.015910
-0.396562
-0.589395
-0.815670
-0.810750
-0.811418
-0.728428
-0.627998
-0.431238
-0.012331
0.594319
0.721152
0.652821
0.515985
0.407157
0.167530
0.385561
0.190472
0.182644
0.135244
0.009344
-0.411880
-0.572312
-0.560989
-0.721309
-0.672691
-0.317767
0.024417
0.361854
0.560970
0.595313
0.843870
0.853313
0.729884
0.762171
0.823517
0.444641
0.221461
0.089648
-0.048264
-0.256209
-0.672652
-0.806747
-0.909271
-1.243355
-1.443838
-1.220711
-0.900783
-0.694470
-0.288103
0.292408
0.773714
1.088087
1.406485
1.595255
1.430938
1.271581
0.854646
0.415928
-0.076361
-0.457802
-1.057314
-1.401351
-1.588584
-1.551169
-1.297383
-0.897634
-0.363734
-0.031623
0.050324
-0.111826
0.007430
-0.161305
-0.103193
0.244593
0.574432
0.907693
1.045715
0.932205
0.608713
0.288412
-0.064793
-0.086808
-0.170071
-0.140798
-0.180767
-0.055311
-0.330088
-0.661150
-0.715536
-0.354782
-0.498382
-0.268205
-0.025813
-0.070626
-0.323554
-0.380374
-0.338184
0.195521
0.491273
0.922703
1.246068
1.592309
1.639509
1.887453
1.726043
1.463285
1.036625
0.542348
0.014059
-0.298111
-0.298621
-0.607429
-1.071353
-1.571198
-1.799356
-1.911920
-1.661098
-1.333758
-0.722296
-0.339258
-0.101784
-0.067455
0.329972
0.534896
0.594895
0.681005
0.979902
1.000049
1.062106
0.926493
0.671186
0.230972
-0.312808
-0.712064
-0.831055
-1.054863
-0.934777
-0.653146
-0.647895
-0.539571
0.080563
0.037161
-0.076218
0.009603
0.110621
-0.129286
-0.189863
0.156869
0.220828
0.458315
0.318052
0.690443
0.724845
0.839150
0.678841
0.898813
0.819730
0.517890
0.335683
0.258651
-0.014365
-0.124018
-0.403607
-0.558698
-0.594905
-0.279571
-0.163200
0.236989
0.499347
0.290463
0.115818
0.033388
-0.248271
-0.358878
-0.021422
0.000053
-0.391697
-0.355770
-0.368584
-0.636097
-0.593720
-0.057433
0.304402
0.662995
0.654533
0.324318
-0.189745
-0.588668
-1.055181
-0.921320
-0.796996
-0.523360
0.012873
0.406511
0.517473
0.611629
0.558242
0.201823
-0.341953
-0.599076
-0.654452
-0.922746
-0.756803
-0.224979
-0.060202
0.126548
0.546565
0.940017
0.815960
0.888538
0.954780
1.093254
0.846103
0.981597
0.998155
0.929231
0.440885
0.198072
-0.147714
-0.308901
-0.631884
-0.514691
-1.016223
-1.191372
-1.205541
-0.967459
-0.419455
0.532903
0.932117
0.984073
0.831094
0.513372
-0.075233
-0.372048
-0.663148
-0.398696
-0.521434
-0.393333
0.006430
0.284203
0.128930
0.338586
0.227450
-0.038350
-0.113754
-0.054705
-0.044084
-0.003570
0.186555
0.671566
0.860477
0.927559
1.040627
1.035659
0.989889
0.696209
0.269297
0.059910
-0.073491
-0.579525
-0.592767
-0.545369
-0.961182
-1.643967
-1.814044
-2.113121
-2.169759
-1.343564
-0.133137
0.776108
1.120095
1.209326
0.942362
0.515331
0.050440
0.188072
0.540617
0.780167
0.608745
0.514052
0.296259
-0.058571
-0.327617
-0.374917
-0.456970
-0.391660
-0.465015
-0.655126
-0.581631
-0.238993
0.112447
0.565867
0.797413
0.881770
0.629236
0.303665
-0.013565
-0.276773
-0.560090
-0.818071
-0.929674
-0.840410
-0.493232
-0.197546
0.245536
0.640316
0.730210
0.796739
0.940036
0.984454
0.885061
0.925514
0.934969
0.885671
0.462661
-0.036131
-0.528691
-1.039112
-1.345509
-1.389002
-1.335520
-1.231931
-0.776701
-0.510932
-0.204764
0.403280
0.869620
0.956265
1.035147
0.978307
0.676732
0.369345
0.207949
0.126883
0.098482
-0.079406
-0.149666
-0.255787
-0.241962
-0.329521
-0.214025
-0.128568
0.139378
-0.030398
0.152645
0.058435
-0.059890
-0.416781
-0.630523
-0.690466
-1.034306
-0.326062
0.175776
0.742259
0.802864
1.371255
0.904391
0.563532
0.466858
0.508542
0.273268
0.138017
-0.131489
-0.358099
-0.829113
-1.059912
-1.041353
-0.578008
-0.624321
-0.298784
0.123559
0.281910
0.004715
0.382653
0.773656
1.059271
1.266671
1.663364
1.612140
1.355158
1.206523
0.893880
0.699774
0.557664
0.332130
0.159881
-0.153168
-0.782832
-1.519657
-1.881307
-2.253652
-2.208288
-1.682102
-1.104854
-0.564628
-0.162048
0.213257
0.434375
0.850245
1.014421
0.911227
0.693501
0.434374
0.073372
-0.384695
-0.254518
0.083151
0.410944
0.146555
0.387123
0.361863
0.393292
0.180040
0.424925
0.665225
0.924124
0.520383
0.224371
0.055017
-0.353657
-0.840063
-1.049047
-1.144870
-1.054675
-0.903211
-0.671407
-0.397066
0.035054
0.192049
0.089903
-0.037711
-0.040309
-0.473540
-0.768355
-0.793970
-0.646395
-0.425642
0.038519
0.534247
0.768633
0.886710
0.897316
0.658275
0.225407
-0.181474
-0.650340
-0.916518
-0.957265
-0.897555
-0.678917
-0.492021
-0.342688
0.172262
0.539043
0.904258
1.176152
1.369946
1.262219
0.940937
0.633695
0.582095
0.399974
0.149433
0.133081
-0.017358
-0.487172
-0.895509
-1.266813
-1.347244
-1.181700
-0.887718
-0.455503
-0.293884
-0.205560
-0.378364
-0.443433
-0.424618
-0.044058
0.221348
0.675721
0.981094
1.013996
0.752225
0.573000
0.284919
-0.040561
0.085757
0.266196
0.042193
-0.184293
-0.264779
-0.716144
-0.962369
-0.563066
-0.482792
-0.264377
-0.106327
-0.074386
-0.262789
-0.160790
-0.152837
-0.390619
-0.424704
-0.439767
-0.649504
-0.607165
-0.349721
-0.129570
0.059921
0.349735
0.582114
0.733309
1.070614
1.343836
1.503126
1.312561
1.058890
0.599088
-0.002502
-0.297916
-0.499858
-0.523306
-0.710941
-0.885334
-1.082613
-1.226574
-1.037863
-0.664292
-0.200084
0.358215
0.798996
0.900867
0.837582
0.847010
0.679463
0.576707
0.672772
0.969289
0.957685
1.070236
0.855018
0.505742
0.017282
-0.182259
-0.913127
-1.287723
-1.665189
-1.813795
-1.846091
-1.459657
-0.964325
-0.407631
-0.097049
0.223630
0.598267
0.753018
1.025221
1.226090
0.866213
0.505993
0.201148
-0.144622
-0.573266
-0.573816
-0.597314
-0.470059
-0.489573
-0.363418
0.033051
0.190825
0.028154
-0.059143
0.043804
-0.388595
-0.410583
-0.251322
-0.125095
-0.237455
-0.245862
-0.194332
-0.156350
-0.116903
-0.048615
0.320481
0.433703
0.615037
0.883005
1.101095
0.684868
0.604223
0.246293
0.299083
-0.054579
-0.022054
-0.317877
-0.446492
-1.115710
-1.247032
-1.182111
-1.054738
-0.749458
-0.270861
0.217628
0.362747
0.533931
0.608717
0.568567
0.388014
0.401615
0.437010
0.386313
0.315018
0.293603
0.271958
0.021945
0.007271
-0.226467
-0.282707
-0.451293
-0.558458
-0.807401
-0.676106
-0.534986
-0.199454
0.205506
0.597995
0.770268
0.788963
0.850186
1.027786
1.003301
0.843717
0.722424
0.301028
-0.369159
-0.827941
-1.150176
-1.489061
-1.489369
-1.353448
-1.100356
-0.815287
-0.526918
-0.232617
0.175424
-0.013950
-0.041664
-0.182565
-0.318853
-0.400657
0.037386
0.146540
0.478276
0.726792
0.805442
0.849025
0.821351
0.663411
0.570803
0.474310
0.220982
0.402834
0.270495
0.173179
-0.006770
-0.053809
-0.361682
-0.146072
-0.156603
-0.146213
0.223430
0.613032
0.707382
0.833633
0.623411
0.285048
-0.144377
-0.379570
-0.209412
0.378753
0.593644
0.434041
0.336891
-0.124978
-0.512354
-0.759025
-0.402449
-0.243056
-0.334502
-0.407972
-0.457859
-0.868551
-1.078793
-1.076319
-0.927721
-0.702215
-0.263277
-0.084998
0.164410
0.235648
0.513587
0.842593
1.003300
0.610653
0.244155
-0.565031
-0.994545
-0.961288
-0.693685
-0.350585
0.119861
0.364267
0.298133
0.413510
0.109876
-0.105995
-0.115418
-0.077043
0.290207
1.009682
1.245736
1.002559
0.726724
0.331645
-0.176610
-0.249969
-0.499897
-0.614965
-0.714471
-0.653572
-0.600571
-0.164186
0.103098
0.595755
0.822429
0.628278
0.444420
0.229733
-0.141927
-0.374304
-0.594181
-0.761686
-0.663444
-0.822913
-0.478534
0.006849
0.267345
0.819131
1.348533
1.080858
1.062247
1.092088
0.535989
-0.014878
-0.189305
-0.366972
-0.622755
-0.773061
-0.699884
-0.564097
-0.589096
-0.396334
-0.164002
0.012921
0.194621
0.478026
0.611257
0.791014
0.836221
0.751290
0.667663
0.702328
0.764412
0.845276
0.679275
0.440013
0.008881
-0.535043
-1.015255
-1.303575
-1.494221
-1.516051
-1.280395
-0.926578
-0.485809
-0.084173
0.352664
0.664706
0.794949
0.728919
0.940453
0.996333
0.640436
0.428231
0.276799
-0.074462
-0.349797
-0.293295
-0.336720
-0.297775
-0.175516
0.260233
0.631386
0.986244
0.829920
0.640656
0.108150
-0.200732
-0.486506
-0.298329
-0.013448
0.287256
0.239173
-0.189536
-0.291899
-0.485316
-0.389049
0.205754
0.543282
0.808516
0.941951
0.762638
0.134482
-0.016175
-0.284412
-0.465341
-0.729162
-0.812982
-0.900511
-1.204428
-1.312589
-0.991609
-0.858231
-0.535476
0.013287
0.171847
0.082113
0.404207
0.588763
0.543287
0.737566
0.843337
0.634537
0.529366
0.601774
0.597148
0.333648
0.007866
-0.198817
-0.646317
-0.799353
-0.739581
-0.805420
-0.923982
-0.662230
-0.424882
-0.250877
0.233853
0.583291
0.684380
0.625444
0.706901
0.780275
0.881313
0.805632
0.597070
0.279068
-0.083629
-0.493300
-0.728271
-0.609944
-0.488539
-0.554100
-0.376658
-0.272088
-0.530437
-0.708306
-0.335916
-0.312503
0.021081
0.323617
0.659032
0.755924
0.933706
0.955899
0.904396
0.804354
0.600523
0.287355
0.121875
-0.017552
-0.151089
-0.191867
-0.095378
-0.065778
-0.075470
-0.072513
-0.122064
-0.353426
-0.724804
-0.963971
-0.903031
-0.896401
-0.799227
-0.708374
-0.701824
-0.791172
-1.018100
-0.801016
-0.632129
-0.125932
0.128941
0.533849
0.637561
0.801335
0.789753
0.876733
0.951074
0.847740
0.744664
0.534070
0.304176
-0.078798
-0.272642
-0.469178
-0.562732
-0.722882
-0.537109
-0.250154
-0.005875
0.280112
0.613851
0.371500
0.056435
-0.220930
-0.574470
-1.056481
-0.825535
-0.641418
-0.260755
-0.028496
0.363428
0.362243
0.310246
0.080928
-0.098425
-0.377491
-0.536211
-0.496605
-0.342971
-0.078044
0.331844
0.615614
0.768101
0.694967
0.475236
0.350373
0.359020
0.485160
0.757064
1.261940
1.373111
1.105758
0.726094
0.361328
-0.190304
-0.621164
-0.838525
-1.053037
-1.187801
-0.980164
-0.628146
-0.178965
0.331094
0.694387
0.678011
0.442532
0.348635
0.024820
-0.440282
-0.561742
-0.682387
-0.854696
-0.848482
-0.857122
-1.076207
-0.939152
-0.759148
-0.554283
-0.284445
0.075154
0.060543
-0.207911
-0.326108
-0.345138
-0.467420
-0.412233
0.184510
0.398542
1.194004
1.317898
1.273084
0.844546
0.454471
-0.043733
-0.149194
0.474156
1.078360
1.434398
1.193968
1.192397
0.663556
0.141248
0.005632
-0.122694
0.056114
0.106213
-0.129421
-0.028759
0.162295
-0.464524
-0.642794
-0.556226
-0.900295
-1.253868
-1.078737
-1.134515
-0.991078
-0.615737
-0.189442
0.216198
0.518745
0.553261
0.623466
0.379715
0.391279
0.142517
-0.041709
-0.139868
-0.010666
-0.059531
-0.037199
-0.115102
-0.527425
-0.764915
-0.670923
-0.351520
0.173892
0.721867
1.216845
1.326230
1.288911
1.047032
0.760986
0.325398
-0.053965
-0.548201
-0.755350
-0.944609
-1.006587
-1.097429
-0.996181
-0.863397
-0.463521
-0.178332
0.010335
0.384389
0.532354
0.359588
0.202037
0.177144
-0.157880
-0.433865
-0.690757
-0.634431
-0.626869
-0.113186
0.170242
0.585415
0.811508
0.644446
0.099119
-0.027354
0.038588
-0.237952
-0.063877
0.404498
0.394341
0.322127
0.352147
0.517456
0.279424
0.323407
0.130356
-0.007013
-0.094265
-0.156528
-0.283861
-0.185922
0.060767
0.257796
0.752289
0.803437
0.801217
1.119398
0.881961
0.168721
-0.208088
-0.543061
-1.253748
-1.416305
-1.517493
-1.412514
-1.080860
-0.710745
-0.529180
-0.389251
0.278871
0.629832
1.015831
0.989000
1.136400
0.671201
0.075915
-0.054758
-0.059162
-0.090280
-0.077068
0.177672
-0.146661
-0.343394
-0.566151
-0.819359
-1.112373
-1.499919
-1.750008
-1.502203
-1.241761
-0.922088
-0.397699
0.126291
0.503685
0.409784
0.727688
0.810805
0.956807
1.018159
1.296955
0.745719
0.520715
0.222683
-0.282655
-0.541958
-0.285448
0.015698
0.184953
0.406096
0.445174
0.516276
0.381807
0.648957
0.675842
0.635110
0.395628
-0.204522
-0.667869
-0.720367
-0.418705
-0.118371
0.483309
1.077907
1.037478
0.865082
0.631794
0.302193
-0.352574
-0.720623
-0.714126
-1.416553
-1.458427
-1.217741
-0.822071
-0.867112
-0.269115
-0.104352
-0.095406
0.146055
0.548077
0.873017
1.309554
1.445762
1.252995
1.178908
1.277398
1.042737
0.758621
0.753814
0.313137
-0.181092
-0.610266
-0.765953
-0.852532
-0.650408
-0.428171
-0.107931
0.186280
0.021934
-0.185187
-0.274448
-0.124539
-0.273257
-0.143218
0.003364
0.490782
0.766913
1.068668
1.350210
1.663808
1.450355
0.892955
0.375717
-0.001019
-0.751451
-1.540689
-1.575529
-1.378616
-1.503245
-1.120329
-0.430684
-0.129673
-0.023612
0.409606
0.411487
0.228365
0.027898
-0.145609
-0.568192
-0.464795
-0.283829
-0.127629
-0.079981
0.076311
-0.109161
-0.427530
-0.540896
-1.009773
-0.814257
-0.651690
-0.053607
0.488898
1.095325
0.777802
0.391938
-0.444233
-1.008889
-1.032133
-0.775708
-0.359038
0.374133
0.510442
0.479689
0.799951
0.729022
1.092393
0.931794
0.915484
0.836847
1.164276
0.829581
1.008635
0.867825
0.327977
-0.023306
-0.216928
-0.307683
-0.259182
0.051215
0.120916
-0.115426
-0.524496
-0.500659
-0.873392
-0.954908
-0.935215
-0.586422
-0.493272
-0.155088
0.059859
0.284106
0.438349
0.905711
1.338260
1.015070
0.805018
0.397891
-0.273408
-0.986273
-0.984353
-1.114765
-0.924076
-0.843016
-0.876790
-0.834611
-0.643433
-0.487641
-0.143906
0.475117
0.851726
0.966742
1.054106
0.973882
0.869747
0.693652
0.606531
0.413997
0.269324
0.043709
0.183048
0.028186
-0.194064
-0.331242
-0.589306
-1.054826
-0.952794
-0.720119
-0.618397
-0.193684
0.124790
0.148569
0.289626
0.391171
0.383284
0.264673
0.453856
0.267968
-0.088269
-0.355519
-0.364617
-0.756350
-0.776626
-0.467023
-0.252683
0.022154
0.473103
0.764120
0.969356
0.880336
0.801111
0.959724
1.138803
1.502564
1.150125
0.743548
0.299547
-0.481292
-1.482814
-1.855153
-2.283179
-1.687443
-0.540722
0.630185
1.675020
3.416410
