-3.248745
-3.174268
-3.248745
3.201211
3.310774
3.815359
-0.677358
-1.789920
3.396057
-3.021162
-1.080987
-2.478968
0.436691
0.210034
-2.434681
-0.585039
-2.077519
0.376005
-0.020401
-0.149101
1.297485
1.873798
2.181690
-0.876180
0.133214
0.086816
-1.493090
-0.096811
-0.270714
1.316321
1.603308
1.588363
1.528775
0.331781
0.221472
0.142272
0.268114
0.233174
-3.248745
-0.675896
-0.525293
0.900561
-0.243903
-0.021841
0.809700
0.815279
0.270467
0.850964
0.787408
1.061710
1.446162
1.164298
-2.275847
-0.067992
-0.684110
-0.962930
-0.404341
-0.609562
-0.006814
0.280495
0.587203
0.677358
1.586497
1.214570
0.346579
-0.404975
-2.660855
-2.740599
-1.357760
-2.186601
-0.476451
-1.427668
0.095762
0.456143
0.659526
0.829324
-0.204986
0.677358
0.644624
1.076800
0.203175
-1.872965
-0.641839
-0.936464
-0.144805
-0.196172
-1.047254
-0.686559
-0.801866
-0.279152
-0.199453
-0.016402
1.243656
0.686251
0.839693
-1.301711
-0.269332
-0.144825
-0.827498
0.225305
0.020380
0.895374
0.706193
0.827527
1.082946
1.099026
1.308194
0.969165
0.791337
0.970218
-1.594105
-0.723427
-0.947962
-0.532035
-0.507942
-0.434340
-0.012602
-0.611223
-0.264201
-0.532308
-0.749622
-0.712123
-0.426023
1.198539
-0.610385
0.683414
0.531102
0.345121
0.489998
0.026986
0.089369
0.345700
0.705489
0.689071
1.670895
1.966832
1.290118
0.858766
-3.053171
-2.976707
-1.776794
-1.564329
-0.550099
-0.553567
0.601345
0.845528
0.769526
0.891731
0.259085
0.802224
0.327363
0.503972
0.344991
-2.576268
-0.737338
-1.363163
-0.242504
-0.278860
-0.303044
0.325787
0.092613
0.120122
-0.137952
-0.038146
2.128277
2.385404
2.112394
-1.834094
0.254216
-0.128741
-0.336263
-0.306075
-1.343042
-0.207486
0.537729
0.431613
1.042770
0.677358
0.677358
0.937455
0.195073
0.189662
-2.263651
-1.245113
-2.163209
0.283731
0.235521
0.192980
1.121134
1.026018
0.886352
0.943371
1.210914
1.123245
0.097169
0.661393
-1.452852
-0.620146
-0.691090
-0.873348
0.159833
-1.263739
0.187563
0.315987
0.591230
0.462720
-0.677358
0.500039
0.716434
0.672481
-0.601357
-0.719781
-0.815076
-1.332333
-0.381162
-1.364917
-0.363206
-0.509419
-1.260542
0.459775
0.562590
1.486321
1.263735
1.062940
0.677358
-1.560418
-0.521237
-1.576305
0.344846
0.349282
-0.061053
1.062462
0.985405
1.156051
0.418737
0.505969
1.083208
0.509345
1.016018
-1.429603
0.212194
0.120792
-0.207507
0.294206
-0.584839
0.790214
-0.276825
-0.395904
0.044159
-0.547770
0.828190
0.677358
0.926637
0.904269
-0.505760
0.283854
-0.322837
-0.059423
-1.017929
-0.930277
0.391754
0.444625
0.923966
-0.191087
0.843847
0.767786
0.808057
0.744770
-1.399218
-1.151240
-1.448802
-1.330168
-0.691092
-1.055388
0.158716
-0.566934
0.825001
0.636620
0.360435
0.889070
0.714265
0.958707
-0.821676
-0.965566
-0.174925
-0.500213
0.340945
-0.284102
0.412746
0.403380
-0.433640
0.420240
0.226429
0.992830
0.830640
0.885349
1.288524
-0.197386
0.248092
-1.087934
-0.148034
-0.107360
-0.775197
-0.765330
-1.142099
-0.216910
-0.197772
-0.021991
1.112144
1.030883
-0.776118
-1.064327
-0.404295
-0.331215
-0.906308
0.040111
-0.709945
0.317639
-0.181077
-0.309165
1.218457
0.609278
1.085222
0.663952
0.687592
0.830470
-1.930537
-0.832126
-1.230940
-0.753045
-1.051626
-1.036801
-0.339217
-0.499732
1.219324
0.670126
0.752130
0.858572
-0.575023
1.181113
-0.537481
0.450839
-0.198680
-0.251551
0.457966
-0.251120
0.032018
-1.047162
0.354342
0.215727
0.125309
0.347491
0.281635
0.717757
-1.169287
-1.201061
-0.198116
-1.053265
0.051309
-0.720421
0.560833
0.677358
0.565504
1.550765
1.513682
1.975826
1.327632
1.371876
0.677358
-1.422901
-1.024018
-1.706540
-0.879666
-0.864470
-1.110609
-0.511293
-1.123892
0.196498
-0.368833
-0.708948
0.406503
-0.132905
0.880989
-0.972002
0.177823
0.301918
0.082986
0.194018
-0.495267
0.607082
0.410312
0.058350
0.874103
0.860015
0.477275
0.489085
0.677358
0.505095
-1.023982
0.079827
-1.199198
-0.776418
-1.190903
-1.023105
0.070236
-0.424716
1.046437
1.029513
1.299200
1.185824
0.723761
0.602638
-1.381017
-0.972372
-2.008059
-2.307161
-0.293649
-1.137290
0.515126
0.257578
0.725712
0.486884
0.279551
0.659296
-0.677358
1.106844
-0.758527
-0.956455
0.354080
-0.093228
0.675140
-0.391593
0.924542
0.916399
0.754042
1.432511
0.539263
0.450860
-0.287968
-0.469224
0.814845
-0.538321
0.551290
-0.334985
0.510184
0.507323
-0.780190
0.213062
-0.126924
0.833828
-0.775261
-0.599853
0.766271
0.932090
1.174748
-1.282881
-0.770369
-0.791990
-1.453458
-0.501142
-1.215420
0.903080
0.207291
0.083936
-0.278970
-0.119700
0.542616
0.318355
0.633063
0.818774
-1.456169
-0.744617
-1.564151
-0.134736
-0.684371
-0.628111
1.182258
1.211202
1.002243
0.663824
0.840009
0.815435
1.246193
1.886078
-0.656403
-0.070321
0.050180
0.029386
0.678296
-0.952389
0.728244
-0.564200
-0.119730
-0.103084
-0.850166
0.188101
-0.575133
0.296723
-0.462595
-0.268300
0.686004
0.294793
0.679099
-0.236938
0.091589
0.153025
-0.648072
0.514984
0.438530
0.671682
0.770816
0.788755
0.452212
-1.820564
-1.104170
-1.497958
-1.299159
-1.094183
-1.465751
-0.632570
-0.789802
0.951667
1.079075
1.092076
1.365983
1.235030
0.842220
-0.967832
-0.209022
-0.239688
-0.545231
-0.400213
-0.652105
0.078653
-0.137141
-0.106366
0.923857
0.860060
0.999785
-0.011495
0.677358
0.813934
-1.107054
-0.538425
-1.841120
-1.081884
-1.088714
-1.073833
0.194734
-0.366068
0.852141
0.339126
1.079916
1.265796
0.485555
1.620078
-0.844415
-0.316092
-0.471614
-0.629606
0.609197
-0.103233
0.445112
0.081594
0.677358
0.698208
-0.871430
0.610298
0.174558
0.680438
-0.982386
-1.046629
0.123147
-0.445389
-0.313181
-1.153467
-0.146538
-0.166208
-1.543557
0.440899
0.061426
1.731627
1.557796
1.431960
0.986126
-0.976369
-0.824995
-1.757872
-0.244753
-0.401865
-0.884041
0.170448
-0.297720
0.714059
0.466344
0.332519
0.556141
0.268680
0.319116
-1.530563
-0.651219
-0.685220
-1.211792
0.753718
0.503933
0.475432
0.047215
0.231219
0.957197
0.739477
0.900897
0.881380
1.045563
1.200976
-1.358660
-0.236202
-0.848179
-0.191599
-0.769934
-0.820485
0.266861
-0.316083
0.616760
0.364407
1.000487
1.164132
-0.004912
1.369404
-1.919879
-0.584205
-1.092213
-1.133059
0.513570
-0.490518
0.090991
-0.578135
-0.121262
-0.031864
-1.217793
-0.416360
-0.063949
0.785365
-1.340252
-1.418766
0.581528
-0.214315
0.504106
-0.410586
0.817814
1.025362
-0.100920
1.855519
0.788676
1.556662
0.880242
0.616763
1.432303
-0.681596
-0.321575
-0.988896
-0.320245
-0.310809
-1.475073
-1.171807
-2.084507
0.169294
-0.024238
-0.022111
0.571324
0.042735
-0.878315
-1.259879
-0.711032
-0.133769
-1.513730
0.441800
-0.166652
0.630160
0.368108
0.247165
1.461045
1.436584
1.869640
1.425377
1.150441
1.337094
-1.000558
-0.168092
-0.669248
-0.079685
-0.782199
-0.677358
-0.281768
-0.373867
0.708088
0.419220
0.702410
0.638854
-0.091869
0.714688
-1.022436
-1.062041
-1.701544
-1.671835
-0.083116
-0.412478
0.677358
0.096265
0.758758
0.691722
0.104651
0.889489
0.743527
0.444471
-2.028513
-1.876129
-0.718674
-0.877131
0.290369
-0.124564
0.677358
0.632564
0.066462
0.828408
0.431485
1.314963
0.519862
0.535080
1.008930
-2.030918
-0.829406
-1.496748
-0.100558
0.332952
-0.040022
0.764058
0.270219
1.211314
0.191674
0.214968
0.268168
1.023234
2.286252
-1.414315
0.174127
0.068053
-0.179952
0.821598
-0.662756
-0.677358
-1.698803
-1.810506
-0.455728
-1.818584
-0.066924
0.100479
0.997657
0.738203
-0.677358
0.065156
-1.177318
0.600314
-0.481060
-0.484990
0.983977
0.179454
1.124345
1.096539
1.125513
1.526554
1.539862
1.509770
-0.574820
0.555845
-0.551245
-0.366207
0.677358
-0.398968
0.112945
-0.366374
-0.653812
-0.394129
-0.868233
0.946550
1.325240
2.425462
-0.155518
-0.224925
0.409749
-0.563908
0.688461
-0.671079
-0.938865
-0.666534
-2.408004
-1.010779
-1.257150
0.377703
0.748143
0.799543
1.912826
-0.960794
0.069841
-0.735371
-0.495693
-0.329958
-0.698206
0.473630
-0.890547
0.436169
-0.537630
-0.803258
1.039905
0.740011
1.287895
-1.136478
-0.344648
0.017889
-0.839942
-0.259878
-1.275848
-0.177974
-0.950198
-1.125754
0.926362
0.434154
0.976188
-0.252251
0.606819
0.677358
-1.289820
-0.292835
-1.307618
-0.347222
-0.832360
-0.897528
0.512692
-0.353608
1.228324
0.777932
1.384303
2.001237
0.617002
1.494773
-0.578631
-0.300597
-0.618190
-0.619360
0.479044
-0.649270
0.891491
0.584095
1.316778
1.369645
0.572835
0.677358
0.640475
1.209115
-2.125655
-1.820329
-1.399336
-2.429483
-0.753730
-0.685339
0.162755
0.193295
-0.292841
0.686061
0.291019
0.857566
0.327635
0.167516
1.137410
-1.938634
-0.767852
-0.892898
-0.155111
-0.134813
-0.622024
0.770448
-0.161134
0.435207
-0.712548
-0.554288
0.949036
-0.434174
0.888448
-2.184344
-0.426336
-0.525849
-0.657706
0.368057
-0.075653
1.021030
0.570681
0.614382
1.004464
1.193612
1.376103
0.709908
1.266915
1.417534
-0.362591
0.292206
-0.723582
0.454042
-1.049698
-1.095562
-0.439536
-1.064808
-1.390539
-2.800080
-0.885036
-0.936952
-0.521111
0.643840
-0.759726
0.492858
-0.321104
-0.454151
0.891511
-0.160999
0.814503
0.440158
0.130254
0.115046
-0.624787
1.469582
1.102150
2.264097
-0.923558
-0.839164
0.349738
-0.518872
-0.165497
-0.378295
0.065722
0.347837
-0.639646
0.500654
0.137766
1.932274
1.761458
1.944672
2.357874
-1.281849
-0.501626
-0.720022
-0.331446
0.002645
-1.099813
-0.310606
-0.791767
0.645193
0.017236
0.101768
1.504514
0.757995
1.292249
-1.304047
-0.605300
-0.541929
-0.913756
-0.428544
-1.142288
0.518287
-0.042948
-0.334338
0.919869
0.850932
1.329290
0.536816
1.053123
1.137994
-0.913744
-0.338035
-1.128586
-0.328802
-0.879822
-0.908470
-0.307940
-0.845657
0.481874
0.042031
0.592025
0.539190
-0.229769
-0.782049
-2.155536
-0.648287
-1.049486
-1.107394
-0.154803
-0.464967
0.963018
1.167415
1.146706
0.868777
0.677358
0.847046
0.755371
0.822857
-0.613443
-1.039767
0.042675
-0.679276
0.336942
-0.231390
0.608645
0.505151
0.108232
1.334499
0.763404
1.263909
0.218300
0.243137
0.745820
-1.762875
-1.093867
-1.408802
-0.319086
-0.222388
-0.431907
0.815768
0.028426
0.568743
0.054186
-0.047028
1.327527
0.486747
-1.248777
-1.558825
-0.782607
-0.671078
-1.158925
-0.158874
-0.683697
0.304031
-0.185612
0.003180
0.734940
0.194447
0.623929
1.038499
0.964407
1.197975
-1.531460
-0.475994
-1.347188
0.364630
-0.132006
-0.135872
1.010568
0.679383
1.528012
0.412108
1.053750
1.070113
0.196444
0.253757
-1.955652
-0.888845
-1.445287
-1.413231
-0.484487
-0.702338
0.026728
-0.200589
0.603915
0.700456
-0.276194
0.983854
0.508820
0.663106
-1.704958
-1.663840
-0.152958
-0.841501
-0.578090
-0.639758
0.783818
1.090378
0.605265
1.496134
0.701185
0.568580
-0.836583
-0.717168
0.258177
-2.108492
-0.446206
-0.845459
0.099880
-0.004735
0.028047
0.616526
-0.431452
1.260842
1.009362
0.943215
1.294563
0.340609
1.738502
-1.745619
-0.181798
-0.633141
-1.294143
0.655109
0.671543
0.549408
-0.483121
-0.677358
-0.265475
-0.848494
0.167752
-0.458898
0.436133
0.529322
-2.395994
-0.803045
-2.222531
-0.098024
-0.367172
-0.350685
0.811730
-0.583604
1.516206
1.805753
1.633649
2.003417
0.346063
1.644512
-1.975364
-0.778730
-0.645966
-0.796525
0.021009
-0.897188
-0.252010
-1.183672
0.317229
0.189620
-0.445785
-0.222040
-0.276306
0.269284
-1.531421
-1.618938
-0.242247
0.256659
1.785922
1.504438
2.153954
1.537748
2.153481
2.866251
1.620568
0.677358
-0.629871
-0.644502
2.467548
-0.196265
0.507192
-0.992088
-0.736376
-0.586762
-1.264011
0.696369
-1.205304
0.499859
-0.572939
-0.519044
0.287515
-1.020131
1.485459
-1.050569
0.473511
0.283349
-0.521357
0.900671
-0.300578
1.240366
-0.233976
-0.195958
0.390607
-0.408916
0.437925
-0.985419
1.287837
1.291214
-0.811020
1.493683
-0.108701
1.930176
0.378189
0.254036
0.725627
-0.738389
1.014554
0.135959
-1.273722
-1.335131
-1.879292
0.239318
-2.770375
-0.585335
-1.177464
-0.950686
0.288671
-0.360494
0.565725
-1.340576
-0.456329
-0.226806
-2.122398
0.364167
0.985583
1.688332
-0.373942
-0.753799
0.588204
-0.203204
1.038772
-0.158967
0.412462
0.489854
-0.595116
0.369640
0.119406
1.410410
0.818714
1.036972
1.808437
-0.142381
0.931173
-0.312573
0.830774
1.421751
-0.015717
1.239420
-0.603357
0.436986
-0.922802
-1.106314
-0.654062
-0.645066
-0.147496
-1.225452
-0.080258
0.023158
-0.816243
0.263987
-0.375783
1.294429
0.624378
0.600811
0.828991
0.676036
1.021672
0.327879
1.292462
1.633819
-1.496393
-0.232601
-1.511831
-0.677358
-1.868801
-1.363053
-0.098092
-0.688234
-0.335315
-1.883890
-0.881405
-0.592542
-0.729592
0.724942
-1.160807
0.375070
-0.416282
-0.424077
1.061996
-0.390024
1.295281
0.612397
1.006092
0.951000
0.661865
0.633350
0.985797
1.917367
-0.634927
-0.553272
0.163425
-0.656949
-0.520170
-1.854960
-0.469615
-0.267348
-1.766081
0.081810
-0.277831
0.249776
-0.801859
-0.756496
0.008218
-0.527296
1.451869
1.081017
2.043882
2.038329
0.254320
0.873323
-0.362184
-0.061970
-0.978184
-0.967481
1.008855
0.062152
0.638541
-0.715399
0.044579
0.121847
-0.832784
-0.792587
-0.898819
0.293857
-0.496511
-0.758069
-0.516526
-1.582441
-0.205425
-0.398692
1.064926
1.123086
-0.371930
0.788303
0.120543
1.115781
-0.281444
-0.353417
0.992738
-0.641340
0.614022
-0.214174
0.929660
0.977680
-0.105662
1.305938
-0.819403
0.049534
-0.964200
-1.029817
0.166490
-0.889379
-0.723405
-1.491006
-0.282516
-0.206992
-0.392862
0.706819
1.533985
1.443409
-0.357308
-0.384083
-0.251509
-1.124635
-0.499552
-1.124469
-0.398970
-0.394990
-1.536938
-0.268443
-1.279155
0.819244
0.600625
0.677358
2.208602
-0.422848
0.617742
-0.388756
0.915743
0.801069
-0.991442
-0.248085
-1.144310
0.811058
0.174795
0.073575
2.100713
1.831826
-0.453702
-1.179254
-0.486383
-0.350814
-1.051081
-0.093903
-0.831303
0.166801
-0.625062
-0.844561
0.344520
-0.172230
0.677358
0.094763
1.278794
1.708508
-0.554628
0.006044
-0.536051
0.551922
-0.191524
-0.310139
0.564312
-0.326837
1.532576
0.850305
1.800680
1.914977
0.652086
0.887795
-2.031935
-1.700541
-1.456853
-1.314914
-0.754898
-1.535559
-0.410854
-0.432277
0.748800
0.865098
-0.029520
1.039171
0.625414
0.860889
-1.018731
-0.489022
-0.164954
-0.954431
-0.619922
-1.214313
0.245012
0.151247
-0.459098
1.412794
1.476462
1.816252
0.653167
0.691633
1.722313
-0.399471
0.098171
-1.073603
-0.097706
-0.117968
-0.866506
0.320591
0.113297
0.684914
-0.193877
-0.033621
1.052723
-0.036662
1.217041
-0.221926
-0.170066
0.016478
-1.566211
-0.445116
-1.416282
-0.040207
-0.514390
-0.573463
1.149470
1.161522
1.419278
0.415583
1.260379
1.235902
-0.677358
0.087762
-0.559320
-0.784903
-1.172065
-1.182900
-0.321882
-0.635411
0.179890
0.210426
0.792550
0.751174
0.344611
0.399153
-0.910660
-0.721673
-0.980507
-1.004150
-0.489871
-0.997091
0.555217
0.807029
1.043986
1.063537
0.857876
0.870011
0.730034
0.794040
-0.677358
-0.580893
-0.240055
-0.798602
-0.040616
-0.693828
0.214487
0.256471
-0.068330
0.659546
0.113225
0.982291
0.584040
0.695651
0.922748
-0.809908
-0.365971
-0.830891
-0.418137
-0.201582
-1.110898
0.036901
-0.096322
0.339389
0.220046
0.265184
1.161086
1.063952
1.440613
-0.683526
-0.294363
-0.037723
-0.772516
-0.467500
-1.686884
-0.903564
-0.703840
-0.956116
0.453936
0.640084
0.903706
0.374776
0.627524
0.799025
-1.122295
-0.751967
-1.293678
-0.500369
-0.824699
-0.716803
0.189294
-0.727970
0.058853
0.069926
0.677358
0.792631
1.411071
1.789781
-0.377852
-0.155402
-1.059998
-1.181154
-0.537291
-0.886008
0.551815
0.060806
0.955093
0.824317
0.137912
1.428497
0.045464
2.103041
-0.174047
-0.329039
0.378678
-0.677358
-0.114323
-1.368021
-0.028811
0.004863
-1.437750
-0.446107
-0.682118
0.729052
0.048310
0.190826
1.283945
-1.362750
-0.055021
-0.686913
0.106427
0.002082
-0.672631
0.120677
-1.051937
0.849110
0.328849
0.027047
1.523551
1.818104
1.682955
-0.821914
-0.718717
-0.344403
-1.280738
-0.362099
-1.404188
-0.597586
-1.280626
-1.379366
0.211048
0.408613
1.628265
1.902670
1.992552
2.023961
-0.587855
-0.090596
-0.472619
-0.326180
-0.841850
-1.005286
-0.336386
-1.132986
-0.090146
-1.579657
0.723211
0.974014
0.888293
2.472640
-0.716223
0.996860
0.014376
-0.118789
0.503879
-0.508553
0.092458
-1.098880
0.523119
0.499488
-1.488949
0.143491
-0.640602
1.581584
-0.483059
-0.447365
0.363244
0.052069
0.240696
-0.978719
0.068256
0.004701
-1.263357
-1.283316
-2.682022
1.249070
1.333205
1.396851
2.295466
0.092377
0.522452
0.378639
0.785889
0.862167
-0.106138
0.538753
-0.900839
0.255641
-0.919446
-0.984885
0.319628
-0.614418
0.969845
-0.682884
0.367901
0.496358
-0.637445
-0.624957
-1.281940
-0.589553
-1.309526
-1.377806
-0.213271
-0.601023
0.677358
-0.361720
2.780037
2.616268
0.597953
1.721958
1.035755
1.493167
-0.053533
-0.357321
0.441289
-1.244003
-0.439601
-1.256855
-0.227981
-0.292433
-1.441849
1.700636
-1.270797
0.464880
-0.214109
-0.171207
0.836145
-0.365606
1.151216
-0.835437
0.022607
-0.316605
-1.990638
0.641452
-0.450526
1.003258
-0.292676
-0.275770
1.706858
0.967694
0.835217
0.401283
0.615435
0.990910
-0.677358
0.173681
-0.733460
0.262958
-1.525471
-0.745204
1.758758
-0.447153
-0.242431
-0.915025
0.774081
0.792114
-0.355344
-0.107922
-1.384769
0.358256
-0.396995
-0.459286
0.412620
-0.958811
-1.507050
-1.992486
-0.848130
-0.937569
-0.717767
0.192516
-0.360882
0.886475
0.909785
0.896194
1.253415
0.762810
0.591195
-0.844722
0.386480
0.387961
-2.102013
-0.203615
-0.236740
0.318735
-0.644714
-0.430945
0.875747
0.244922
0.619815
0.178076
1.266381
1.445852
1.198494
1.386977
-1.574910
-0.309283
-0.645886
-0.641063
0.320232
-1.103501
-0.289040
-0.639608
0.742981
0.826905
0.275770
0.957245
-0.149824
0.721335
-1.866864
-1.793636
-0.799874
-0.990555
0.159186
-0.044274
0.576168
0.488870
0.468090
0.863427
-0.039632
1.147826
1.071043
1.108703
1.454892
-1.001297
-0.391355
-1.274735
-0.677358
-0.790767
-1.116928
-0.019288
-0.243980
1.068297
0.222086
0.032585
0.796320
-0.288442
1.385484
-0.432914
-0.562155
-0.379385
-1.184071
-0.054044
-0.985036
0.139879
-0.269089
-0.407629
1.042156
0.026899
0.750349
-0.439987
0.893746
0.989729
-1.302841
-0.157767
-0.791328
-0.136453
-0.747113
-0.898579
0.663624
0.233628
0.710718
0.190388
1.231788
1.531905
1.395983
1.596208
-0.960994
-0.320830
-0.884578
-1.169601
-0.300740
-1.066110
0.147196
-0.047137
0.683873
0.605343
0.528094
0.766256
-0.011332
1.457129
-1.102345
-0.995958
0.171846
-1.046128
-0.282760
-2.111091
-0.040493
-0.083675
-0.677358
1.220773
0.412207
1.417379
0.622873
0.445140
2.012594
-0.739575
-0.202187
-0.388645
-0.139498
-0.061066
-0.877653
0.035878
-0.677358
-0.370083
-0.353789
-0.336468
1.586927
0.891297
1.244324
-0.977442
-0.464383
-0.248141
-1.039456
-0.947929
-1.781820
-0.034552
-0.314452
-0.553878
1.280852
0.764857
1.523594
0.740850
1.235885
1.367919
-1.428515
-0.427681
-0.414414
-0.224524
-0.983222
-0.999420
-0.283765
-1.353884
-0.291619
-0.394933
0.869784
0.900474
0.980516
2.168752
-0.455382
-0.071834
-0.692020
-0.865453
-0.616598
-0.644304
-0.559788
-1.360490
-0.357661
-0.525560
-0.999040
-0.023152
-0.484260
1.133312
-0.677358
-0.787300
0.203160
-0.205710
-0.103153
-0.606155
0.276804
0.243250
-0.813205
1.972985
1.748058
1.696476
1.315850
1.379975
2.218924
-0.579542
-0.240456
-1.632979
-0.685533
-0.581486
-0.999041
-0.957759
-1.689594
0.132135
-0.266434
-0.508502
0.763275
0.123266
2.162160
0.452207
0.549288
0.426019
-0.264531
0.677358
-0.168383
0.453910
-1.506373
-1.435320
-0.362928
-1.014612
1.958666
1.425348
3.549896
3.600921
-1.103991
-0.029355
-0.035871
0.677358
-0.559569
-0.549662
0.657112
-1.172370
-0.412248
-1.988710
0.677358
0.567770
0.621854
1.829585
-0.227949
0.274642
-0.539518
-0.683461
-0.415589
-1.721164
0.002780
-1.574617
-0.836244
-0.982615
-2.728366
-0.345024
-0.161204
0.707739
-0.456169
-0.803623
1.951552
0.598981
2.117068
0.110126
0.493486
0.383929
-1.425327
0.140906
0.444055
0.396005
-1.187704
-1.187534
2.686357
0.677358
1.396403
0.029594
1.771283
1.977375
-0.182243
1.351065
0.458792
0.317582
-0.660588
-0.402067
-0.427824
-1.648864
0.428423
-2.374015
-0.610300
-0.493823
-0.677358
1.037477
0.373970
1.599926
0.271080
0.171616
0.835095
-0.234092
0.964232
1.098866
1.164378
1.461719
-2.946586
-0.845039
-1.440179
-0.166971
-0.290955
-0.143764
0.235880
-0.568010
-0.049497
-0.491189
0.716909
0.780324
0.352748
0.877888
-1.389649
-0.835250
-1.083197
-1.041212
-0.009799
-0.143236
0.634583
0.040366
0.583556
0.706954
-0.137450
1.060022
0.340162
1.442323
-1.002509
-0.914552
-0.441186
-1.583501
-0.743369
-1.164645
0.280644
0.407046
0.354093
1.303719
0.695774
1.520230
0.735887
0.752722
2.073315
-0.289373
0.284725
-0.539278
-0.440269
-0.329910
-1.589367
-0.479829
-0.633655
0.020379
-0.140540
-0.108413
1.062150
0.583512
-1.121528
-1.286943
-0.911631
-0.606434
-0.878940
-0.043147
-0.118470
0.776232
0.677358
0.677358
0.661180
0.277384
1.141010
0.324284
0.861476
0.844442
-1.854454
-0.595769
-1.848122
-0.766411
-1.205190
-1.382006
-0.056865
-0.990365
0.019011
0.268224
1.368060
1.234822
1.287838
1.186563
-1.338034
-0.201030
-0.301205
-0.425945
0.363204
-0.677358
0.315764
0.176126
0.706016
0.583733
0.070908
1.011489
0.406092
1.262439
-1.218647
-1.605727
-0.373687
-1.283400
0.522799
-0.775561
0.166034
0.403834
-0.513816
-0.034630
-0.180837
1.517280
1.667913
1.178026
2.745443
-1.031406
-0.195051
-1.135377
-0.025520
-0.217717
-0.973677
0.610528
-0.567696
-0.206422
-1.280733
-1.448207
1.021239
0.382680
1.432123
-0.042234
1.477062
1.348274
0.095880
0.566794
-0.595367
0.933747
-0.378648
-0.388331
0.026540
-1.754927
0.002635
0.103195
1.720248
1.879995
-0.884261
-0.677358
-0.942501
-0.145831
-0.316034
-0.495650
0.038180
-1.250742
-0.050588
-1.335249
-0.251045
-0.603933
-1.877721
0.884103
0.094746
0.677358
0.007388
0.093838
1.275236
0.160280
1.774668
0.944649
1.183483
1.356386
0.039247
0.480967
-1.229716
1.086570
-1.250327
-1.603459
0.300109
-0.151263
0.681985
-0.245410
0.852005
0.892018
-0.724693
0.369560
-0.545307
0.721396
-0.677358
-0.880384
0.568418
-2.305339
-0.594512
-0.648039
0.983068
0.959543
0.009625
1.526013
0.590740
1.328215
-0.237665
-0.279584
0.838691
-0.741739
0.618565
-1.738628
-0.003651
0.034572
-0.579472
0.366643
-0.195916
0.935519
0.228832
0.492530
0.587422
-0.358632
0.484258
-0.485980
1.821913
1.906193
-2.362751
-1.275147
-2.597466
-0.240978
-0.778131
-0.830527
0.984966
0.900673
0.725708
-0.251951
0.099248
0.292499
-0.837190
0.737491
-0.709133
0.093222
-0.707038
-0.870413
0.023623
-0.247170
0.402128
0.346034
0.826268
0.760125
0.092832
0.999223
-0.124284
0.752673
-1.906630
-1.794784
-1.428063
-1.340404
-0.704781
-1.028455
0.221721
0.125179
-0.155480
1.298233
1.439866
1.176065
0.539400
0.379309
1.473560
-0.967900
-0.426101
-0.948376
-0.532640
-0.640401
-0.839206
0.300454
-0.159843
0.300083
-0.338239
-0.254728
0.995591
0.996158
1.093000
-0.742249
-0.412122
-0.688039
-1.279963
-0.519055
-1.134308
0.183759
-0.317597
-0.410230
1.014471
0.233752
1.337904
1.398398
1.684305
1.821313
-0.613940
-0.323087
-0.662591
-0.820051
-1.337445
-1.311305
0.493235
-0.155774
0.818783
0.113364
1.140668
0.948042
0.228723
1.270715
-0.385165
-0.306507
-0.387764
-0.475787
0.116240
-0.780618
0.028419
-0.692455
0.909784
0.766264
0.043205
0.209582
-0.481326
0.895865
-0.965571
-0.871037
-0.082349
-0.528258
-0.379680
-0.775118
-0.047445
0.097721
-0.700223
0.201454
0.231636
1.829951
1.265451
1.148073
1.320570
-0.642124
-0.517100
-0.918193
-0.371739
-0.341498
-1.446426
-0.845187
-1.452726
0.990829
1.073049
1.021192
1.295408
1.107923
1.683101
-0.659052
0.435613
0.479781
0.080969
-0.212201
-0.904553
-0.095315
-1.792887
-1.548871
0.168208
-0.783934
-0.047626
0.151697
2.608270
2.632135
-0.045553
0.677358
-0.487397
0.915260
-0.140806
-0.168680
0.855745
-0.682241
0.156291
-1.769599
0.278032
0.174187
-0.294035
1.023757
-0.888939
0.677358
-0.651168
-0.801475
0.320012
-0.808898
-0.575360
-1.579996
-0.724264
-0.677358
-2.305212
0.228396
-0.091831
1.453412
-0.015215
0.121600
1.669513
0.860208
1.563302
0.805839
0.652043
0.798309
-0.210244
0.646632
-0.540626
0.943805
-1.029856
-0.901947
1.802901
-0.861876
0.106864
-0.315813
0.177975
0.352794
0.224149
0.512137
-0.930495
-0.410418
-0.408041
-0.407171
0.665020
0.333083
-1.616628
-1.740718
-0.686048
-0.206327
-0.464289
0.229118
0.086958
1.273013
0.475174
0.677358
1.470983
0.677358
0.802287
0.961773
1.023555
1.064287
-1.277943
-0.899434
-1.646382
-0.902885
-0.751656
-0.677358
-0.173614
-0.438758
0.140452
0.061241
0.904328
0.926154
0.773887
1.049440
-0.823787
-0.783695
-0.970223
-0.831203
-0.036955
-0.523095
0.187713
-0.127237
0.587783
0.541403
-0.065475
0.595310
0.691638
0.965108
-0.836816
-0.896401
-0.677312
-1.198580
-0.668961
-1.125950
0.066046
0.096185
-0.810743
0.414808
0.136777
0.894062
1.131224
1.112276
2.122919
-0.136935
0.383603
-0.193098
0.247293
-0.017182
-0.879483
0.090293
-1.592202
-0.677358
-1.171267
-1.177980
0.790646
0.958996
2.002348
-0.555177
-0.235448
-0.067868
-0.527192
0.313070
-0.715270
0.486796
-1.032663
-1.068939
0.163722
-1.040162
-0.246396
-0.267259
1.649736
1.743676
-0.298816
-0.144690
-0.657644
0.745205
-1.269609
-1.407572
0.174305
-0.718869
-0.464937
-1.811784
-0.148989
-0.070644
0.237128
2.071188
0.021076
0.435981
0.635050
0.677358
1.573668
0.605971
1.572571
0.438277
0.848856
0.720841
-0.820970
0.707874
-0.790562
1.041526
-1.832103
-1.576456
-0.038528
-1.699506
-0.661282
-1.512830
-0.122434
-0.135257
-1.543191
0.435027
0.204160
0.014610
-0.239050
-0.325232
1.159394
-1.623320
-0.152771
-1.534658
0.349593
0.351675
0.218212
0.197391
-0.372399
1.222840
1.146283
0.860904
0.877580
-0.107605
0.334410
-2.055976
-0.978747
-0.677358
-1.295863
0.095553
0.010421
1.201675
1.227573
1.136074
1.180907
0.052365
0.866267
0.468777
0.379857
0.416532
-1.256443
-0.894749
-1.599765
-0.461136
-0.925295
-0.810888
0.229198
-0.147117
0.677358
0.460747
1.178620
1.499766
1.048958
1.527479
-0.844536
-0.796166
-1.089210
-1.104701
-1.046945
-1.528022
-0.076927
-0.586648
0.466462
0.716281
0.118773
0.544627
-0.235442
1.319939
-0.026849
-0.118515
-0.028899
-0.498306
-0.301682
-0.782094
0.120197
0.014720
-0.962245
-0.044875
-0.053049
1.596165
1.100538
0.945313
2.237782
0.231262
0.739413
-0.575066
-0.054449
-0.129542
-1.442371
-0.820249
-1.594036
-0.792324
-1.442100
-1.652359
0.437123
-0.125610
1.960823
0.396488
0.809218
1.130521
0.078842
1.055472
0.461819
0.449741
-0.781738
-0.765760
0.187706
-0.936218
0.423964
-0.426501
0.974118
1.053450
-0.677358
0.925624
0.021676
1.194485
0.034662
0.062066
0.779219
0.141204
0.343787
-0.718293
0.196338
0.302625
-1.202340
0.830307
-1.046487
0.360728
0.264083
0.068440
0.914620
-0.285403
0.851351
-0.147453
0.542306
0.541758
-1.574779
-1.130291
-1.448103
1.450408
-1.719291
-1.730605
-0.713508
-0.871752
0.375717
0.282436
1.155819
1.267400
0.137707
1.098167
-0.086404
1.757464
0.270318
0.220491
0.861756
-2.833435
-0.472266
-1.388837
0.328159
0.406521
-0.677358
0.398383
-0.065520
0.349267
-0.603217
-0.371399
0.971368
0.251621
1.113843
-2.151897
-1.154647
-0.895513
-1.388964
0.056227
-0.694081
0.333910
0.021327
-0.107252
0.669446
-0.032918
0.363237
-0.384135
1.175849
1.052731
-1.315535
-1.138063
-1.285933
-0.765554
-1.088183
-1.233692
0.512348
0.020913
0.919034
0.578998
1.270888
1.400872
0.684556
1.769006
-0.773155
0.092152
-1.465764
-1.158463
-0.775457
-1.237607
0.450352
-0.677358
0.592383
0.367725
0.189051
1.272065
0.520003
1.422921
-0.293803
-0.529143
0.673834
-0.117351
-0.045048
-0.570313
-0.310713
-0.339447
-1.357689
0.810705
-0.922428
1.422535
0.313893
0.231668
2.310394
-0.871625
0.030559
-0.926096
0.421525
0.445350
-1.628328
-0.256246
-1.284354
-0.131794
-0.863132
-1.294188
1.457107
1.160039
0.065745
-0.383982
0.401487
0.400570
-0.952793
-0.615825
-0.537700
0.381378
-0.838947
-0.677358
0.781217
0.581720
0.805084
-0.615535
2.505738
2.332602
0.263008
0.677358
-0.669660
-0.521029
-0.542430
-0.380507
-0.201871
-1.028317
0.111049
-1.621538
-0.696327
-0.424959
-1.925574
1.439646
0.543838
1.620960
0.981143
0.867658
1.201357
0.414632
0.677358
0.029365
0.990382
0.902456
-0.336604
-0.018031
-0.296974
1.509469
-1.086292
-0.885528
0.076057
-0.380256
0.274523
-0.693149
0.694639
0.872385
-0.261738
0.771602
-0.652732
0.825389
0.097423
0.246555
1.376582
-2.827584
-0.686900
-1.652663
0.433335
0.219273
0.009293
1.373676
0.093013
1.600558
0.628587
0.158447
0.384072
0.422463
0.994362
-2.533853
-1.754590
-1.662831
-2.155331
-0.078817
-0.330410
0.685992
0.078117
0.087888
0.932862
-0.211283
1.347779
1.118063
2.381965
2.152029
-1.197332
-0.221946
-1.553774
-0.500467
-1.047898
-1.015595
0.084214
-0.158355
0.916772
0.453176
1.596555
1.487521
-0.196734
1.663097
-1.262280
-1.132984
-0.630719
-0.717988
0.089912
-0.617650
0.089619
-2.014323
0.115531
0.120865
0.115400
1.171160
-0.015952
2.329962
-0.559989
-0.701188
0.183176
-1.066902
0.339903
-0.487842
-0.274481
-0.096994
-1.115128
-0.489114
-1.864181
0.715097
1.787975
1.490978
3.270595
-0.730027
0.014195
-1.603384
0.654560
0.909217
-0.264569
0.612882
-0.637374
-0.236724
-1.806218
-2.159315
-0.011534
-1.155493
2.323421
-1.391401
0.595321
0.778589
0.428263
1.270459
-0.313732
1.017321
0.098395
0.207340
0.677358
-0.368347
0.250794
-0.984737
0.094568
0.156712
-2.812520
-1.028797
-1.536460
-0.017435
-0.322139
-0.408397
0.516482
0.027348
1.012601
-0.382335
1.562523
1.375552
0.818067
1.383163
-1.129891
-0.684383
-1.296753
-1.223585
-0.313148
-0.667454
0.008983
-0.075925
0.953533
0.998832
0.479588
1.416646
0.501663
1.253476
-0.807896
-0.802782
-0.464698
-0.845238
-0.552181
-1.167899
0.146595
0.234651
0.001979
0.776458
1.010334
1.385121
0.574981
0.668477
1.880560
0.255982
0.545305
-0.612966
-0.477070
-0.531290
-0.819115
-0.744764
-1.605553
-0.480002
-1.296818
-1.139981
0.312292
-0.479123
1.594693
-0.258376
0.675841
0.937199
0.677358
0.793194
-0.006618
0.063817
-1.341026
-1.185605
-0.267824
-1.143018
-0.529422
-0.934943
0.974042
1.065128
-0.001193
1.304390
0.431552
1.212605
0.036276
0.173866
0.743064
-0.770393
0.007145
-0.617463
0.008033
-0.012365
0.141049
0.052847
-1.819322
-0.627836
-1.068602
-1.008599
-0.158579
-0.487491
1.216944
-0.422562
0.635205
0.674463
-0.221090
0.781136
1.055185
1.584312
-1.524406
-1.781010
-1.223344
-1.761655
0.126817
-0.251368
0.997590
0.937064
0.492738
1.281956
0.641369
1.150495
0.430204
0.470461
1.216898
-0.714492
0.486191
-1.343156
-0.588478
-0.390804
-1.047599
0.554606
0.029185
0.823111
-1.185189
-1.048476
0.293356
-0.218092
1.285295
-0.798490
-0.539883
-0.646724
-0.436979
-0.757050
-1.201281
0.462724
-0.248231
-0.343881
0.414100
-0.025205
1.763429
1.126814
2.341463
2.231017
-1.853947
0.167176
-0.607036
-0.248227
-1.129034
-1.595897
-0.545118
-0.921155
0.149693
-0.784345
0.755827
0.403459
-0.716542
3.247164
-0.125320
0.800984
-0.553807
-0.721445
-0.218804
-0.463556
0.518990
-0.740256
0.533409
0.499145
-0.816184
1.116653
-0.238210
2.494879
-0.555419
-0.969407
1.171607
0.170901
0.615990
-0.704742
0.379888
0.522309
-1.536039
-0.367109
-1.694901
0.619804
1.303770
1.324297
1.023981
-0.054189
0.195780
-1.316638
-0.384102
-0.048129
-0.412750
0.677358
0.412251
1.151865
-1.797138
-2.070401
-0.709914
-2.700211
-1.252472
-1.460707
0.424732
0.694513
-0.810004
0.940562
-0.845166
-0.259419
-0.677358
-0.665887
0.599226
-0.448761
0.930508
0.790826
2.265707
2.437277
-0.105577
0.114380
-0.076611
0.306794
-0.216710
-0.365866
1.025647
0.243827
0.555802
-0.453502
0.134696
-0.202973
-0.912965
0.856238
-1.863356
-0.234326
-1.003663
-0.964422
0.362761
0.457150
1.174326
0.748111
1.533296
1.430227
0.645263
1.513572
0.430730
0.124063
-1.736225
-1.867860
-0.751947
-0.984717
0.341790
-0.313375
0.944365
0.789022
-0.282603
0.856041
0.231709
0.821530
0.053908
0.047438
1.160144
-1.089418
-0.687982
-0.898002
-0.540807
-0.506876
-0.697980
-0.067307
-0.472868
0.486733
-0.018515
-0.031409
0.769268
0.336762
0.657346
-1.415825
-0.920100
-0.840986
-0.964714
0.123769
-1.010632
0.453051
0.201023
0.314450
1.453160
0.920896
1.406712
0.597873
1.708250
1.726198
-0.986370
0.248409
-1.034723
-0.288829
-1.361569
-1.862639
-0.882678
-1.767720
0.314633
-0.582724
0.734970
0.809622
0.680211
2.412154
-0.655015
0.837615
-0.370407
-0.431689
0.007211
-0.458743
0.366322
-0.984343
-0.363482
-0.791295
-1.720043
0.367907
0.056312
3.815359
0.414298
0.581443
1.741803
-0.365737
0.838772
0.291461
0.435119
0.103542
-0.795856
-0.425083
-1.410948
-0.314297
-2.010703
-1.475076
2.171499
0.677358
0.874282
0.091192
0.026559
0.107786
-0.325024
1.060716
0.386319
0.860746
-0.083480
-0.407684
0.799960
-1.276951
0.781328
-1.933867
-0.734027
-0.340488
-1.126870
0.000243
-1.081859
0.644380
-0.017723
0.058192
0.758798
0.112319
1.051426
0.083033
1.019884
1.167471
-1.619364
-0.922730
-1.480667
0.075830
-0.677358
-0.556674
0.851782
0.120395
0.558160
-0.260306
0.775203
0.813872
0.677358
1.570492
-1.051665
-0.737130
-0.961971
-1.027156
0.120738
-0.747286
-0.218669
-0.473877
0.192792
0.391131
0.323803
1.853414
0.933821
2.468787
-0.677358
-0.647274
0.194168
-1.113878
-0.925152
-1.614263
-0.407645
-0.330246
-1.513530
0.542349
-0.359270
1.466431
0.612295
1.146675
3.515041
-1.385282
-0.130510
-0.253108
0.463281
0.348567
-1.046784
-0.629532
-1.951306
0.677358
-1.496357
-1.302137
0.451414
-0.606913
1.677222
-0.392389
-0.190844
-0.024090
-0.692450
0.636502
0.677358
1.411320
-0.369379
-0.162657
0.677358
-2.312596
0.074367
-0.671699
2.348852
2.367102
-1.739368
0.815056
-0.009352
1.860977
0.171669
0.409846
1.881055
-0.375128
0.233210
-0.775019
-0.055623
0.151878
-1.841956
1.749306
-2.212562
-0.069485
-0.189476
-0.797939
1.174894
0.345536
0.757064
-0.329372
0.539958
0.676122
-0.073972
1.741506
-0.173206
1.907282
-2.406221
-3.173153
-0.451758
-1.031656
0.447572
0.085407
0.733032
1.110870
-0.180713
-0.658456
-0.406021
1.756552
0.483794
0.502153
1.123979
-1.669874
-0.786658
-1.582862
-0.790670
-0.944237
-0.963145
0.230224
-0.214150
0.680027
0.040053
-0.138022
1.671253
1.054089
1.209251
-0.677358
-0.127592
-0.191274
-0.713292
-0.158730
-0.916859
-0.061894
-0.531748
-0.494997
0.694541
0.342476
0.779762
0.432420
1.445225
1.381367
-1.031558
-0.625579
-1.006965
-0.787343
-1.327921
-1.378755
0.147171
-0.108572
1.370771
1.307001
1.560478
1.481403
0.826311
1.628461
-0.338155
0.040766
-0.438820
-0.659117
-0.172031
-0.497334
0.108404
-0.940626
-0.447978
-0.320126
-1.762693
-0.488471
0.974929
1.783155
-0.888121
-0.825104
0.278997
-0.048796
0.889610
-0.060552
0.813583
0.833596
-0.563404
0.513840
-0.980669
0.487155
-0.666834
-0.661723
1.746760
0.434172
0.677358
0.144098
0.904635
0.826360
0.155864
1.286895
-1.228099
-0.239410
-1.825986
-1.850924
-0.382823
-1.262007
-0.404869
-1.323227
0.442380
0.626634
0.085024
1.223001
0.798780
0.969529
0.499235
0.500952
1.642029
-0.176477
0.868521
-0.104128
0.586798
0.596870
-2.467754
-0.969956
-1.447130
0.034594
-0.200769
-0.225772
0.641495
0.060578
1.021253
0.258253
1.750021
1.636234
-0.017691
1.245051
-0.677358
-0.474558
-1.757481
-1.898376
-0.766299
-1.892326
0.195916
-0.278298
0.881055
0.978289
0.351692
0.990949
0.592515
2.057789
-1.163637
-1.313416
-0.451042
-0.478076
0.278536
-0.424377
-0.256457
-0.320794
-1.145248
-0.591298
-0.755496
1.379642
0.997498
1.113136
2.020782
-0.764625
-0.188116
-0.677358
0.028767
0.037401
-0.741658
-0.196840
-1.108862
0.277238
-0.677358
-0.570064
1.885322
1.679740
2.672120
-0.213751
0.491099
0.433089
-0.388988
0.254900
-1.015259
-0.090316
-1.894060
-1.980022
-1.271673
-2.973661
-0.677358
-0.898352
1.146045
0.938756
-0.561572
1.345840
0.370588
0.826592
-0.635891
-0.544743
0.170335
-0.625007
0.011496
-1.422020
0.514560
0.781261
-0.026417
1.390667
0.574734
1.359146
-0.686871
-0.502384
0.067460
-0.550701
0.791327
-0.780947
0.557917
0.583511
-0.837494
-0.590316
-1.883018
1.103768
-1.111857
-1.338984
-0.118048
0.067711
0.667977
-0.439453
0.443637
0.202186
0.719731
0.664348
-0.856161
0.922792
1.097397
0.958802
0.990482
-2.670213
-0.115217
-0.390536
0.808385
1.042603
0.436957
1.073537
0.292589
0.774161
0.030662
-0.276574
0.404920
-0.709872
0.673504
-1.526518
-0.396381
-0.511446
-0.735430
0.190526
-0.465082
0.639389
-0.108509
-0.063888
0.977860
0.681234
1.453732
0.400601
1.511325
1.448665
-1.344455
-0.810477
-1.709236
-0.913817
-1.448319
-1.441497
0.427339
0.008232
0.499597
0.134485
0.730456
0.801686
0.237692
2.293123
-0.305508
-0.119458
-1.074673
-0.939202
-0.345861
-1.225076
0.392474
-0.388713
0.423255
0.451998
-0.115729
1.935982
0.070169
2.671054
-1.122711
-1.518423
0.584804
-0.677358
-0.306881
-1.510796
0.252546
0.369421
-1.628471
0.612951
-0.353565
1.272346
-0.771273
-0.721248
1.672473
-0.653802
0.224248
-0.719396
-0.404062
-0.527906
-0.369895
0.430416
-0.897772
-0.388141
-0.842230
-0.735517
1.823401
2.018147
1.761758
0.262758
1.088796
1.117245
-0.069036
-0.058773
-0.773682
0.230457
-0.677358
-0.806231
-0.642169
-1.092227
-0.753425
-1.498287
0.463647
0.635845
-0.804799
1.200168
-0.169134
0.593979
-0.021941
-0.104925
0.821639
0.272768
0.749193
0.080409
0.688158
0.710768
-1.089786
1.116405
-1.966394
-0.357138
-0.633552
-0.330113
0.652497
0.703167
1.679996
-0.001646
0.105241
0.340346
-0.947176
0.525102
-0.988257
0.586466
-1.852041
-2.345625
-0.761652
-1.064149
-0.426708
-0.848192
0.580975
0.581630
0.213909
1.873778
1.751422
1.615430
0.403142
0.166099
1.925615
-0.746669
-1.030741
-1.686310
-0.467306
-0.355348
-1.395247
-0.251306
-0.652967
0.242361
-0.440375
-0.561138
0.766162
-0.048422
1.132675
-0.708641
-0.049951
0.010477
-0.776857
-0.810149
-1.162313
-0.064832
-0.502240
-0.484704
1.214063
0.515545
2.233877
1.927781
2.544253
2.541544
-1.303660
0.095750
-0.902728
-0.276159
-0.995765
-1.091567
-0.056304
-1.015735
0.495094
0.506969
0.660717
0.782106
0.260810
0.582123
-0.531678
0.195503
0.010438
-0.103754
-0.089842
-0.466600
0.109475
-0.894946
-0.747474
-0.724600
-1.553317
-0.400341
-0.775141
1.305883
0.788173
0.677358
1.237742
0.974678
1.634660
0.467090
1.120180
0.956624
-0.313193
0.837800
0.071084
0.535384
-0.540429
-0.831131
0.715574
-1.766816
-0.739965
-0.445619
0.281353
0.336408
0.013198
0.698783
0.159057
0.808738
0.424845
0.442035
0.694288
0.126662
-1.302117
-1.751071
-1.647696
-1.500073
-1.989863
-0.240870
-0.522449
0.488634
0.319480
0.239307
1.264350
0.720373
2.516516
2.173923
2.875689
2.239029
-0.800129
-0.407659
-1.249079
-0.796438
-1.409339
-1.438285
-0.844854
-1.758847
0.371568
-0.418464
0.454065
0.677358
-0.091588
2.075065
0.026478
0.493760
0.163784
0.137646
-0.074844
-1.141062
-0.572865
-1.583601
-0.739895
-0.378627
-2.321329
0.232160
-0.195124
1.240189
0.371990
0.766104
1.874541
0.288085
1.696409
0.378024
1.216683
1.087902
-0.339022
0.996254
0.095752
0.474269
-0.620107
-0.694163
0.147476
-3.022631
-0.756374
-1.055685
0.341620
0.677358
-0.200700
0.670194
-0.030420
0.463636
-0.066256
-0.109043
1.152143
0.700645
1.740800
-1.439982
-1.204245
-1.255912
-2.023524
-0.535196
-1.750044
0.095361
-0.341398
-0.030791
1.470035
0.409688
1.872049
1.151357
2.408273
2.525932
-0.769439
-0.566373
-0.957433
-0.084611
-1.491938
-1.536873
-0.659381
-1.688716
-0.698211
-1.119994
-0.355945
-0.327469
-0.673495
2.899060
-0.664200
-0.075319
0.554101
-0.154300
1.495221
-0.302243
0.910386
-0.388939
-0.101915
-0.184787
-1.166180
0.315340
0.586613
2.246596
0.352621
0.104211
-0.004665
-1.634649
-0.786628
-1.344881
-0.113690
-0.452254
-1.268271
0.144543
-0.399825
0.851182
0.415909
0.677358
1.709560
-2.106202
-0.946242
-0.778697
0.166620
0.238317
-0.002152
0.715449
0.025735
0.135793
-0.808980
-0.677358
0.729492
0.965439
1.087159
-1.472751
-1.065087
-0.991179
-1.543014
-0.726308
-1.063028
0.311034
0.167768
0.261173
1.332845
0.836061
1.287961
0.720695
1.544069
1.815473
0.019565
0.397011
-0.399340
-0.489360
-1.215661
-1.155408
-0.802154
-1.032428
0.176927
-0.254666
0.738255
0.867946
0.170574
1.995449
0.068336
0.947071
-0.062280
0.022038
0.848330
0.130903
0.190811
-0.852373
-1.202152
-0.787373
-1.427763
-0.059194
-0.471220
1.297369
0.116482
-0.256650
0.716355
-0.112365
1.583795
0.101787
0.677358
0.736987
-1.040051
0.099847
-1.136296
-0.462134
-1.425221
-1.343348
1.272909
-0.722863
0.360495
-0.038478
0.963411
0.933704
0.529396
0.760232
0.476895
0.874050
-0.548247
-0.430207
0.508888
0.054949
1.410670
-2.092107
-0.545398
-0.609646
-0.475216
0.436800
0.398239
0.879119
0.140294
-0.123726
0.781847
-0.049731
0.505575
-0.677358
1.051258
1.098491
-2.055290
-1.661306
-2.089623
-0.773867
-1.249125
-1.151061
0.528724
0.368455
0.915556
0.627411
1.560140
1.318519
0.677358
2.215151
-0.607152
-0.438185
-0.847507
-0.883954
-0.349923
-1.058293
-0.087225
-0.806646
-0.237718
-0.151190
-0.424743
1.519295
2.043169
2.422239
0.320562
0.413616
1.236733
0.401533
0.730853
-0.001722
-0.003001
0.382287
-2.034331
-1.650075
-2.099737
-0.596170
-1.663997
-1.714643
1.317339
0.191663
0.677358
-0.072607
0.677358
0.582823
-0.193184
1.088461
-0.145244
1.004134
-0.232965
-0.388068
1.098430
0.011991
0.689246
-1.604972
-0.749995
-0.484693
-0.552483
0.789275
0.505926
0.665675
0.439266
0.337010
0.656909
0.048661
0.805813
0.308748
1.316215
1.403912
-1.516545
-1.322520
-2.127138
-0.897257
-0.926269
-1.126616
0.421086
-0.055711
0.711854
0.155029
0.938423
0.950338
0.959075
0.596039
-0.487447
-0.145878
-0.775354
-0.680306
-0.381335
-0.845563
0.438903
-0.358942
0.727564
0.769771
0.577756
1.034469
0.598162
1.395863
-1.961590
-2.067454
-0.695891
-1.124194
-0.647367
-0.659319
0.202797
0.109193
-2.523890
-0.376122
-1.134898
-0.102440
-0.277951
-0.493145
2.399232
-0.263294
0.788784
0.130878
0.090353
-0.009046
-0.804049
0.006069
-0.282978
0.068779
-2.079600
-2.008096
1.205914
1.067053
0.428879
-0.008175
0.849679
0.977152
0.155276
1.943252
0.717823
1.986701
0.148253
-0.158411
0.295651
-0.752428
0.483333
0.576716
1.484292
1.932992
-0.998527
0.142262
-0.677358
1.139148
-0.539985
-0.413221
1.372108
0.012662
0.737957
-0.176880
-0.031141
-0.093666
-1.177192
0.175582
-2.539478
-0.734604
-1.153580
-0.799965
0.185966
-0.080616
1.150750
0.646773
0.842769
0.914587
0.540410
1.124220
-0.171410
1.166126
-0.970179
-1.130053
-0.654215
-2.030072
-0.982059
-1.298608
-0.406020
-0.284648
-0.605216
0.734485
0.374733
1.193351
0.652663
0.766981
2.430567
-0.283803
0.561918
-1.045316
0.533819
0.193813
-1.234902
-0.167580
-1.518574
0.048902
-0.322232
-0.354293
0.680717
-0.135174
2.681797
-0.846029
0.513696
0.765870
-0.722150
0.527752
0.283573
-0.232739
-1.372056
-1.365668
-0.377801
-2.115983
0.105535
-0.300120
2.014864
2.078009
-0.734765
1.673673
-1.028880
0.587113
-0.884123
-1.618751
0.085400
-1.369198
0.471361
-0.491252
0.493208
0.650203
-0.120905
2.398319
-0.685648
0.368441
0.339539
0.317495
1.048868
0.160698
1.008013
-0.072391
0.204890
0.445936
-1.362308
-0.327198
-1.685087
0.619043
-2.743900
-2.630770
-0.902136
-1.217848
0.891314
0.262989
1.225635
1.237965
0.055132
0.498987
-0.149416
0.861877
0.989369
0.737099
0.556645
-1.736905
-0.677358
-1.165136
-0.013105
-0.003367
-0.126054
0.911457
0.455190
1.119434
0.361601
0.531813
0.985076
0.085145
1.086425
-0.703404
-0.190576
0.116441
-1.176172
-0.666989
-1.234500
-0.725219
-0.557823
-0.414184
0.915710
0.103904
0.971732
-0.508440
0.774911
0.953467
-0.904027
-0.271941
-0.787830
-0.307566
-0.974748
-0.756145
-0.387286
-0.789706
0.260319
-0.560284
0.997805
1.366093
1.888121
2.626494
-0.513232
0.536406
0.095331
0.180111
1.140874
0.230662
0.454907
-0.515381
0.445581
0.471495
-1.231838
0.155775
-1.377891
1.229126
-0.713457
-0.716493
0.427904
-0.268996
-0.779856
-1.327582
-0.555510
-0.917561
-1.199574
0.102658
-1.411542
-0.139786
-0.979312
-1.440205
2.357534
-0.677358
0.218217
-0.101235
0.314625
0.587714
0.088139
1.825199
0.513961
1.319276
0.234940
0.176967
1.267667
-0.186185
1.257515
-1.040239
-0.793783
-1.125537
-1.649637
0.064225
-0.677358
0.185547
-0.006940
-0.084814
1.570749
1.665398
1.927020
1.546266
0.409666
0.434741
-1.822983
-0.296205
-1.203718
-0.408888
-2.073169
-2.110360
-0.352580
-1.491228
0.456846
-0.326185
2.081260
1.995482
1.536608
2.047559
-1.341282
-0.524733
-0.423035
-0.291438
0.677358
-0.837549
0.443237
-0.723513
1.028970
0.847439
-0.792966
0.534061
-0.141308
2.292634
-0.781193
-0.486485
0.135940
-1.457794
-0.725170
-1.384865
0.110028
0.303138
-0.597577
1.036548
0.054410
0.949246
-0.518103
-0.677358
2.191520
-0.030590
0.929053
0.291763
0.231684
0.563994
-0.192281
0.150266
-0.482397
0.335809
-1.690829
-1.730244
-0.578542
-1.546900
1.595723
-1.165770
0.105391
0.502966
0.002543
0.921466
-1.435181
0.694480
0.369763
0.159393
1.711389
0.677358
0.937281
-0.714093
0.614728
1.154866
-2.541254
-0.765032
-1.509109
0.063407
-0.962741
-0.319550
1.085860
0.398690
0.778650
-0.519920
0.225052
0.303269
-0.150970
1.459363
-1.551905
-0.381925
-1.468915
-1.310601
-0.033066
0.053814
0.807194
-0.425470
0.983941
0.950962
-0.328416
0.935225
-0.261567
1.856215
-1.778591
-1.988325
-0.126383
-1.083262
0.070436
-0.042045
0.744100
0.914951
0.524274
1.297885
0.435280
1.424678
0.116558
0.179560
1.918576
-0.888788
-0.070496
-0.633615
-0.301122
-0.366043
-1.174995
-0.184478
-0.880534
1.017652
0.481386
0.597093
1.531869
1.120717
-0.711473
-1.192786
-0.782073
-0.314991
-0.883678
0.722075
-0.077171
-0.321818
-1.638242
-1.778241
-0.244882
-0.902869
0.371622
0.480791
2.187626
2.707628
0.009698
0.765146
-0.091281
1.176030
-0.271778
-0.218327
0.416268
-0.429918
0.432657
-2.114592
-0.069128
-0.143750
-1.815179
1.209280
-0.693595
0.677358
-0.710108
-0.501486
1.512616
0.259047
1.474511
0.375554
0.568553
0.332604
-0.817158
0.057861
-1.218095
0.503922
-2.042579
-1.756097
-0.355138
-1.033137
0.134708
0.038562
0.638326
0.784647
-0.421151
0.935383
0.423863
1.190742
1.613274
1.414014
1.583846
-1.605226
-1.056505
-1.880961
-0.595915
-0.167621
-0.910055
0.350718
-0.120093
0.713483
0.108792
-0.067730
0.913708
0.741057
1.408463
-0.646091
-0.677358
-0.488609
-0.999971
-0.508676
-1.094223
-0.425705
-0.974370
-1.095812
0.742632
-0.107077
1.202676
0.496899
2.305441
1.905675
-1.150467
-0.293323
-0.771528
0.099148
-0.462774
-0.503497
0.226136
-1.288086
-0.507474
-1.505986
0.583856
0.668666
0.837940
0.601901
-0.677358
0.553346
0.509396
0.475490
1.294481
0.215063
1.146027
0.323449
0.499916
0.449371
-0.946689
-0.061750
-0.759768
-0.391219
-2.421096
-2.189226
-1.023480
-0.809643
0.772231
0.251998
0.688198
0.656050
-0.068087
0.646493
0.106311
0.881694
0.891955
0.733405
1.341832
-1.131215
-0.775461
-1.313594
-0.566354
-0.709711
-0.478087
0.317659
-0.081351
0.851288
0.562849
0.666689
2.070189
1.471449
1.804273
-0.843705
-0.286045
-0.366824
-0.731722
-0.388337
-1.068146
-0.100191
-0.898795
-1.104124
-0.035753
-1.003083
0.007444
-0.677358
2.115983
2.399421
-0.222150
0.539774
-0.047508
0.205418
-1.059881
-1.106828
-0.082733
-0.602594
-0.193755
-1.370293
0.587016
0.696082
0.277526
1.030808
-0.903026
0.677358
0.607654
0.231812
1.952539
0.326896
1.192467
0.227604
0.942327
0.908971
-0.438914
-0.042729
-0.922510
1.282802
-2.273251
-2.427085
-0.347596
-0.622512
-0.351594
-0.748755
0.290967
0.427087
-0.388504
1.506940
0.601764
1.078786
-0.543001
-0.830636
1.103566
-2.002052
-0.710471
-1.513066
-0.046206
-0.310817
-0.098445
0.925423
0.363934
1.001963
0.535897
0.406048
1.109092
0.612769
1.632649
-0.735431
-0.114181
-0.078187
-0.895279
-1.292551
-1.049924
-0.070447
-0.868834
-0.677358
0.774359
0.133304
1.553273
-0.080119
1.939260
1.773192
-0.704424
0.812375
-0.428453
0.677358
-0.549993
-0.896716
-1.065878
-1.978045
-0.130665
-0.525302
0.536164
0.515072
-0.214688
2.561746
-0.895109
0.062619
-0.403037
-0.648437
0.066985
-0.063419
1.107161
0.005559
0.508400
0.575799
-1.627572
-0.443339
-2.536789
1.976483
-0.138790
-0.903917
0.349267
-0.893902
0.235462
-0.677358
1.107060
0.600172
-1.579961
-0.074144
-1.492812
0.739100
0.304225
-0.188005
2.091436
-2.111158
0.517677
-0.519918
0.959333
1.009372
0.028616
1.108073
0.902347
1.621197
0.579266
0.494021
0.073251
-0.231904
0.463513
-2.056946
-1.419254
-0.837845
-1.136816
0.178861
-0.691986
0.971035
-0.183649
0.175002
1.061292
-0.559300
0.510610
-0.292740
0.685027
0.550489
-2.348450
-0.677358
-1.699168
0.141528
-0.110357
-0.160738
1.342409
0.469357
1.710127
0.702850
1.474100
1.704500
0.328802
2.013769
-0.882398
-0.627067
-2.101281
-2.014976
-0.202021
-1.354867
-0.431116
-0.960527
-0.101001
0.145913
-0.115427
1.051914
-0.169536
1.304319
-0.679182
-0.603927
0.144465
-0.565550
0.102600
-1.267043
0.590715
0.764140
-0.586004
0.793429
0.220144
2.600392
2.113097
2.315473
3.139377
0.051694
0.529414
-0.409296
0.177314
0.074129
-1.171044
-0.919062
-1.861030
-0.687109
-1.292736
-1.176259
0.050715
-0.195672
0.062496
-0.145490
0.639375
0.857032
0.192490
1.815888
0.742727
0.883287
-0.791208
-0.636397
0.072845
0.057725
0.127159
-0.839146
0.617743
0.493920
-2.228802
-0.355924
-1.055367
-0.440585
-0.774459
-0.682728
0.857432
-0.015733
1.001276
0.253026
1.087655
1.099287
0.421785
1.917448
-0.741688
-0.679707
-1.000250
-1.004131
-0.610660
-1.398916
-0.067477
-0.331739
0.395946
0.467893
-0.168116
1.023668
0.549046
1.128407
-0.797571
-0.787142
0.134178
-0.850022
-0.576515
-1.239570
-0.129396
-0.031697
-1.078424
-0.194099
-1.090139
0.875870
1.378993
1.510111
2.129213
-0.942262
0.429879
-0.268562
0.399131
0.513246
-0.509833
0.697292
-0.520407
-0.038042
-1.034234
-0.793780
-0.003026
-1.600571
-0.106499
-2.162985
-0.653907
-0.444139
-0.455509
0.580151
-0.015857
1.213704
0.279462
0.385755
1.577806
1.333303
1.162541
0.548142
0.622279
0.629172
-2.156925
-1.081952
-2.396380
-0.015129
-0.081955
-0.271410
0.640042
-0.160015
1.006337
0.531838
2.212797
2.356059
1.826842
1.485917
-0.968722
-0.590784
-1.011466
-1.103226
-1.226967
-2.047901
-0.472724
-1.074902
0.147453
0.129829
0.094497
0.355037
0.522737
2.174018
0.362528
0.505684
1.002093
0.352556
-0.456504
-1.400920
-1.117554
-0.973842
-1.566445
-0.654837
-1.349174
-0.141026
-0.469492
-0.310499
1.956833
0.788132
1.685595
0.826183
1.572068
1.319564
0.175503
0.306539
-0.495862
0.223411
-0.581177
-0.825398
-0.774605
-2.451516
-0.006152
-1.057701
-0.017149
0.629675
-0.186610
0.192865
0.635062
1.055484
0.095638
0.295504
0.677358
-0.551076
1.996988
1.288961
1.681978
2.229962
-2.281521
-1.651220
-1.410468
0.473229
0.209591
0.438267
2.318634
-0.273756
0.728652
-0.396996
0.146671
0.212587
-1.722572
-0.049040
-1.985813
-0.224222
-0.882202
-1.130237
-0.677358
-1.966334
0.107689
-0.062689
0.642296
1.127589
0.268116
2.471993
1.502752
3.539692
0.125837
0.210974
0.391002
-0.781590
0.214283
-1.074912
-1.121669
-0.816011
-2.350083
-1.725250
-1.322252
0.064780
-0.430830
-0.069225
1.271561
0.200273
0.711840
0.496419
0.549864
0.677358
-1.004286
-0.180241
-0.535790
0.445636
-0.807568
-0.959536
0.493720
-0.189716
1.222912
0.160467
1.469804
1.641008
-0.994624
0.470530
-0.529675
0.333663
-0.851562
-0.920300
0.092878
-0.211257
-0.180481
-1.873180
0.728885
0.653964
-0.739526
0.677358
0.224497
0.442439
-0.131344
0.125618
0.889782
-0.000846
0.907328
0.188121
1.610204
1.847144
1.062133
1.499435
-0.981311
-1.108647
-1.315349
-1.311842
-0.113058
-0.834867
-0.258297
-0.038508
0.681074
1.155390
0.624916
0.984324
-0.244963
0.689159
-1.737026
-1.633002
-1.206771
-1.724682
-0.417118
-0.609243
0.165670
0.145365
-0.325590
0.925494
0.060693
1.280489
-0.054874
-0.030611
1.595894
-0.403262
0.605148
-0.957348
-0.026342
0.056600
-1.912881
-0.480763
-1.264354
0.626378
-0.249673
-0.459488
1.980510
0.929694
1.479572
0.095530
0.695318
0.973487
0.213038
0.748053
0.012444
1.148204
-0.384377
-1.089617
1.191894
-1.256916
1.007979
-0.221397
1.900281
1.955089
-0.424587
-0.336882
-1.265370
0.609680
-0.494431
-0.051586
0.514096
-0.604941
0.448116
-0.677358
0.162718
0.099232
-1.797304
0.205869
-2.729004
0.017540
-0.840446
-0.887809
0.509365
-0.189651
2.241651
0.607988
1.219462
1.600499
-0.221077
1.550567
0.035641
1.529732
-3.172617
-3.122956
-1.111660
-1.333358
0.338887
-0.346319
0.046795
0.500378
0.212192
1.848674
0.539022
1.302973
-0.019256
-0.052582
1.359394
-0.963951
0.677358
-0.835037
0.100045
-0.038432
-0.734242
0.195865
0.180213
1.316737
0.265673
0.104053
1.217932
1.105482
-0.660859
-1.048536
-0.423109
-0.361251
-0.785032
-0.203987
-1.140759
-0.226396
-0.644850
-0.593936
1.197968
0.728664
1.054158
-0.219743
2.137332
2.585539
-0.726330
0.378040
-0.585324
-0.005049
-1.208456
-1.500890
-0.187340
-0.727579
0.146008
-0.759705
0.857696
1.195308
0.742277
1.334541
-1.193047
-0.056101
-0.498593
-0.754388
0.510487
-0.291004
0.178086
-0.639516
0.049043
0.109789
-1.294890
0.190859
-0.824265
0.786959
-0.162983
-0.004287
1.876345
0.555836
0.942583
-0.196262
1.004443
0.760540
-0.201177
0.164723
-1.297950
0.087134
-1.279647
-1.350952
2.351940
-0.862756
-0.540001
-1.245355
0.314834
0.272762
-0.471279
0.554980
-0.013347
0.758920
0.212946
0.405232
1.048944
-0.267763
0.466031
-1.521947
-1.096218
-0.956257
-1.586405
-0.754378
-1.025075
0.306259
0.541629
0.677358
1.007353
0.314438
0.984442
-0.279630
1.067002
0.842034
-0.297389
-0.584734
-1.152127
-0.075114
-1.489138
-1.552075
0.673875
0.146104
0.377982
-0.358550
1.269758
1.524899
1.784317
2.595010
-0.621206
-0.358644
-0.680067
-0.693231
0.131705
-0.725405
-0.742099
-1.872723
-0.674441
-0.474186
-1.555528
-0.612241
-0.906074
2.149736
-0.019466
0.193158
0.551642
1.070562
1.145210
0.338143
1.455781
1.345871
-0.765721
0.365529
-0.702129
0.453889
-0.967582
-0.732076
2.710620
-0.740967
0.478157
0.082653
-0.100313
-0.209478
-0.647253
0.387482
-0.966132
0.736441
0.054384
-0.038352
0.601103
-0.623016
0.768541
-2.876786
-0.169658
0.622702
0.031835
0.948690
-0.380463
0.038993
-0.018778
0.165350
1.444638
-0.553526
1.311541
-0.117047
1.220997
1.222415
-2.187065
-1.832868
-2.332852
-0.722707
-0.948250
-0.874646
1.069528
0.283410
0.687826
-0.096269
1.293820
0.850525
0.677358
1.713083
-0.211828
0.116390
-0.774019
-0.879988
-0.653861
-1.833644
-0.109692
-0.945451
0.221751
0.367682
0.325758
1.229794
0.642192
2.040796
-0.704354
-0.740124
0.071623
-0.175409
0.361420
-0.677358
-0.200748
-0.397302
-2.089355
-0.677358
-2.631140
0.556106
-0.237498
-0.417126
3.653692
0.278270
1.771000
-1.353580
2.165312
2.085380
-0.532607
0.644961
0.295555
1.198370
-0.677358
-0.225117
-0.204098
-2.028052
0.951490
-2.147547
-0.201906
0.062197
-0.276508
0.526368
-0.041319
0.677880
-0.244621
0.085949
0.907920
-0.167482
0.677358
-0.057926
1.153679
1.290729
-1.864623
-1.286879
-1.316428
-0.418566
-0.940516
-0.893652
0.184359
-0.604259
-0.816329
-0.209835
1.435511
1.880934
1.126635
1.596754
-1.489547
0.054339
-0.807390
-0.972776
-0.348413
-0.965357
-0.783117
-1.673235
-0.002529
-0.085218
-0.537775
0.673116
-0.479689
1.761769
-0.221420
-0.143444
0.640418
0.569832
0.839992
-0.039616
-0.214113
-0.084849
-0.484950
0.243342
-0.944175
-0.228462
-1.226972
-1.403062
0.066310
-1.110752
0.720945
0.060756
1.472994
1.144827
0.898967
1.096475
0.189102
0.915929
0.014297
0.045510
1.118641
0.749927
0.974016
-1.159639
-0.830853
-0.978696
-1.220704
0.124235
-0.620487
0.410549
-0.043172
-0.067559
0.550193
-0.025785
0.611812
-0.308744
0.875067
0.953361
-0.677358
-0.086640
-1.138791
-0.543656
-1.224067
-1.329926
-0.846667
-1.431573
-0.004250
-0.867390
1.430142
1.630866
2.158663
2.502297
-0.072887
0.601729
0.146639
0.188628
0.493819
-0.065077
0.049508
-0.152421
0.661930
0.848705
-0.547711
-0.836017
-1.397336
0.694682
-1.435977
-1.386745
-0.106769
-0.772679
-0.092250
-0.309113
0.677358
0.624708
0.039245
0.593217
0.243705
0.885207
-0.199236
0.182026
0.364500
-1.180725
-0.644794
-1.225714
0.355985
0.635216
0.192907
0.954648
0.727293
1.559386
0.883873
0.704171
2.013765
1.310928
-1.111716
-1.818655
-0.864803
-0.508950
-1.392800
-0.677358
-1.434756
-0.759105
-0.995799
-0.803763
0.175195
-0.285609
0.432158
-0.074135
1.567308
1.512206
0.076353
1.007162
-0.020131
0.323479
-0.100852
-0.091479
0.613771
-0.315579
-0.486145
-1.735700
-0.462162
-0.600354
-2.226147
0.563838
-1.377133
1.194649
0.166862
0.368428
1.458704
-0.019085
1.616516
0.062503
0.677358
1.156526
-1.407023
0.360286
0.739547
0.701989
-3.247137
-3.248745
-0.518921
-1.092679
0.086140
-0.059964
1.050893
1.017763
-0.277042
0.677358
-0.590229
0.386345
-0.318770
-0.249654
1.124205
-1.776202
-1.015718
-1.562139
0.118721
0.266871
-1.648985
-0.189448
-0.391577
1.016193
0.700050
0.677358
2.062969
1.829646
2.433982
0.295424
0.702895
0.609079
-0.866527
-0.006141
-0.842864
0.075870
-0.774966
-1.085393
-0.170544
-0.871194
0.270493
-0.496382
1.282753
1.331240
0.031148
0.680521
0.627037
0.952087
0.293891
0.385819
0.652749
-0.057049
0.513092
-0.506378
-0.343266
-0.276800
-0.937320
-0.017812
-1.712755
-0.759896
-0.761207
-0.541772
0.824895
0.080260
1.038524
0.698694
1.275875
1.044922
-0.033885
0.742926
-0.228816
0.725885
-1.270428
-1.203365
-0.945465
-1.780737
-0.659415
-0.395637
0.401077
0.159866
-0.150536
0.897579
0.439145
1.614611
0.824589
0.799001
1.538151
-0.677358
-0.022876
-1.196811
-0.417005
-0.105639
-0.951436
-0.677358
-0.979439
-0.030373
-0.660826
-0.383934
0.932092
0.243316
2.842133
-0.580712
0.552885
0.677358
-0.055281
0.951618
-0.740278
0.532679
-1.427747
-1.316592
-0.326377
-0.427126
-0.329012
-1.006426
0.846407
1.417861
-0.086011
0.512523
-0.540750
0.092659
-0.222508
-0.179385
1.039125
0.399302
0.677358
-0.720377
0.266881
0.160431
-0.937267
1.025503
-2.240919
-0.861424
-1.445204
-1.648106
-0.428780
-0.416426
1.124657
0.383110
0.815319
0.856478
-0.568690
0.595560
-0.419834
0.825511
-0.673706
-1.005739
-0.193469
-0.517576
0.614590
0.122429
0.505645
0.467153
-0.099576
1.074378
0.176049
1.356369
1.317547
1.429801
1.836929
-1.968486
-1.196965
-1.662257
-1.098112
-1.201569
-2.082947
-0.234913
-0.518538
0.865511
-0.223355
-0.354872
2.507354
1.998049
3.019502
-0.711950
-0.253432
0.124318
-0.275716
0.446693
0.049438
0.067371
-0.448735
-0.618389
0.027679
-1.168403
-0.101347
-0.677358
1.237483
1.688005
-0.917380
0.294487
-0.049270
1.655766
0.184865
0.007073
1.811284
0.979710
0.962867
-0.554423
-0.323969
-0.159141
-0.971441
-0.032497
-1.803076
-0.770956
-1.079502
-0.894049
0.163725
-0.213347
0.916951
0.349352
1.142454
1.297443
0.417005
1.053998
0.835217
1.641763
-2.159956
-1.863648
-1.009218
-1.729699
-0.819434
-1.175571
0.045017
0.237413
-0.552667
0.257126
-0.289278
1.445614
0.505013
0.677780
2.151508
0.196774
0.677358
-0.706923
-0.374049
-0.177165
-0.667637
-0.187134
-1.102765
-0.683284
-1.386435
-1.275288
-0.249264
-0.839072
1.787186
0.226776
0.296119
0.248491
0.228886
0.299020
0.234242
1.030690
-0.323019
-0.314320
0.585561
-0.673356
0.656153
0.643709
1.069982
0.961778
-2.364775
-1.509255
-1.676172
-0.011949
-0.638759
-0.670973
0.726378
0.266709
1.008820
0.182913
0.970303
0.830973
0.264848
1.311547
-0.401570
-0.677358
-1.168063
-1.208473
-1.011926
-1.221491
0.008814
-0.260541
0.658182
0.736763
0.128096
1.481839
0.672739
1.363501
-1.174150
-1.297450
-0.148310
-0.717808
-0.279444
-0.885817
-0.026830
-0.240284
-0.840633
-0.180174
-0.677358
0.645181
-0.140525
-0.130521
2.409847
0.896845
0.961912
-0.202571
0.960225
1.158911
-0.430457
0.265704
-0.421711
0.116671
0.540085
0.597961
1.016909
-0.901371
-0.677358
-2.346874
-0.295630
0.045663
-0.573637
0.843134
0.020419
0.717678
-0.449544
-0.644411
0.787679
0.194704
0.649145
0.411186
2.341513
2.350824
-2.518501
-1.470643
-1.711526
-0.806965
-0.735485
-0.809622
0.488152
-0.199307
1.204003
-0.023638
0.873891
0.891744
-0.334535
1.603053
-0.350335
0.481076
-0.748326
-0.660901
-0.259267
-0.832597
-0.457441
-1.178498
-0.387417
-0.579416
-1.253161
0.244242
-0.174243
1.274556
-0.292633
-0.449918
1.186729
0.463705
1.312272
0.420951
1.551131
1.615830
0.514255
1.267559
-0.694225
-0.089791
-1.672720
-1.664245
0.006244
-1.134192
0.298185
-0.442045
0.168257
0.319907
-0.199347
0.152744
-0.034005
0.589819
0.371004
0.409895
1.489387
0.779368
0.937624
-1.287440
-0.900710
-0.844830
-1.882232
-0.441169
-0.207584
0.822283
0.908709
0.776162
1.019298
0.386877
0.788656
0.266303
0.657635
0.677358
-1.441267
-0.180368
-1.212263
-1.002238
-1.222556
-1.374492
-0.656386
-1.013956
0.105005
-0.445578
1.674020
1.892364
0.322194
2.370385
-0.107784
0.403985
-0.059601
-0.086113
0.677358
-0.894325
0.333080
-0.375955
0.304152
0.219722
-1.459443
0.583572
-0.026488
1.639557
-0.677358
-1.029706
0.359696
0.093286
0.045493
-1.676237
0.022665
-0.499093
-1.951428
-1.705636
-1.939075
0.233444
-1.693644
-1.757921
1.557418
-0.450402
1.177967
0.119407
1.787630
1.546738
-0.149269
0.942361
-0.286560
0.362696
0.047534
0.000392
0.214072
-0.716717
0.969826
-0.807089
-0.330812
-0.360792
-0.767483
0.616108
-0.061652
0.677358
-0.133569
-0.324762
0.471789
0.489464
0.870335
0.642963
1.175666
1.459962
-1.460274
-1.313142
-2.581348
0.155706
-0.882446
-0.913452
0.086738
0.309228
1.534635
0.321284
1.542845
1.531957
0.677358
1.259655
-0.730035
-0.245221
-0.920204
-1.151021
-0.128834
-1.796174
-0.283337
-1.144654
0.200628
0.677358
-0.025420
0.708966
0.274328
2.512344
0.360939
-0.107955
1.292518
0.625969
1.398643
-0.259813
0.004195
0.406095
-1.643968
-0.818905
-1.469839
0.306734
-0.732966
-0.677358
2.882003
0.387859
0.671903
-0.242419
1.084908
0.915951
-0.488944
-0.042531
-1.161522
0.101811
-0.764955
-0.228237
-0.617124
-1.526343
1.122820
0.225917
1.133185
1.493188
0.192761
1.202391
0.165724
1.024694
-0.548983
-0.518352
0.226270
-1.130127
-0.455275
-1.891344
0.530287
0.446256
-1.834148
-0.973604
-0.930602
0.294858
0.007637
-0.090756
0.632024
0.313619
0.766471
0.410739
0.583460
0.656815
-0.087718
0.886508
-0.834927
-0.476229
-1.435058
-1.489044
-0.922581
-0.677358
0.209384
-0.077124
0.913828
1.085809
0.103850
1.619552
1.835403
2.038831
-1.186956
-1.088451
-0.422097
-0.978329
-0.806229
-1.333344
0.106401
0.000332
-0.821985
0.546047
-0.183708
0.970761
0.677358
0.460242
1.107199
-0.672243
0.448117
-0.312288
0.361087
0.221046
-0.586667
0.158423
-0.688698
-0.126625
-0.840247
-0.869696
1.427164
1.730434
1.568557
-0.202252
-0.770937
-1.226605
-0.983538
-0.891399
-1.783960
-0.201605
-0.849557
-0.734639
0.345951
0.009552
0.553663
-0.547861
1.945981
2.202125
-0.399027
1.613192
0.243314
1.322319
0.523521
0.441055
1.465623
0.276917
0.467724
-0.438283
0.278991
0.505543
-0.407888
0.351427
-3.248745
-1.678571
-2.173209
-2.204523
-0.603507
-1.032599
0.622418
0.733332
1.367496
1.404828
0.215871
2.801189
2.464807
2.634469
-0.410403
-0.554268
0.132199
-0.844165
-0.911648
-1.900865
-0.705396
-0.633213
-2.028602
-0.115459
-0.485418
1.813381
0.089091
-0.130185
1.512968
1.092492
0.360690
-0.466270
0.121886
0.048900
-1.317812
-0.122443
-0.730220
0.608917
-1.028922
-1.649014
-0.677357
-0.394648
-0.038624
-0.644422
-0.308253
-0.109585
-0.753493
0.168710
0.710549
1.206558
0.222606
0.012164
0.905318
-1.495210
-0.272973
-1.756641
1.164507
0.864535
-1.830859
-0.356208
-0.095057
0.677358
1.101332
0.407157
1.060646
0.110993
0.677358
0.424284
0.851634
0.474621
-0.486243
1.081536
-1.772157
-0.947337
-1.190078
-1.299605
0.100550
-0.232705
0.059982
0.071821
1.449315
1.644842
0.354344
2.081558
1.531528
1.848916
-1.083262
-1.710622
-0.677358
-1.792680
-0.888075
-1.856530
0.058373
-0.026418
-0.688464
0.518874
-0.187590
0.482439
0.386680
0.315800
2.051287
0.147285
-0.341000
-1.080042
-0.129323
-0.133203
-0.884249
0.214129
-1.363561
-0.128138
-0.452891
-0.366199
2.113316
3.010297
3.815359
-0.036132
2.269367
1.772262
0.853939
1.498040
0.030737
0.854468
-0.856008
-0.953831
0.430015
-1.161004
-0.357315
-1.389161
-0.011766
0.481525
-0.489560
0.151868
0.041961
0.166212
-0.018103
-0.089814
0.620772
-0.425158
0.964129
0.136441
0.827640
1.337934
-0.561358
0.566707
-2.503273
-0.487442
-1.453574
-1.375604
-0.306702
-0.558299
0.955305
0.396317
1.123683
1.142677
0.731532
1.110625
0.677358
2.291841
-0.873863
-1.140697
-0.575433
-1.334656
-0.872195
-1.747094
-0.820523
-0.688205
-0.552907
0.757580
-0.373153
0.935544
0.078678
0.175557
2.422780
0.495955
0.210563
-0.444575
0.373945
0.461753
0.178978
-0.201983
-0.458623
-0.053818
-1.299571
-1.361394
-0.444835
-0.953770
0.727279
-0.303683
0.567099
0.677358
-0.215946
0.730302
0.257090
0.965011
0.862698
0.822744
1.145630
0.039026
0.512484
-0.996888
-0.780192
-0.630864
-2.363542
-0.883226
-1.769814
-0.364701
-0.820600
-1.068045
0.677358
0.472620
1.341921
0.339819
1.703983
1.841119
1.647721
1.774077
-0.266774
0.117206
-0.428183
-0.609170
-0.483943
-1.383472
-0.287509
-2.034686
-0.718638
-0.681833
-1.232760
-0.093753
-0.324849
1.923863
-0.097465
-0.524573
-0.531797
-0.223922
0.887750
0.599433
1.265220
1.295349
-0.400474
0.048926
-1.316070
0.803541
0.325944
0.364588
1.955613
-2.280269
0.111261
-0.544339
0.267011
0.468343
-0.235542
0.869654
0.006012
1.035182
0.601588
0.401255
0.751201
-0.116938
0.870057
-1.017872
-1.346866
-1.015575
-1.734749
-1.164593
-1.256070
0.453407
-0.023462
-0.137705
1.345005
0.729909
0.509636
0.410761
1.111888
1.126177
-1.113350
-0.495620
-1.222310
0.018516
-0.590063
-0.677358
0.677358
-1.479957
0.032866
-1.094183
0.442682
0.905926
0.765618
2.813390
0.369416
1.506623
-0.015444
-0.179055
1.623859
0.390360
0.771681
-0.651364
-0.137039
-0.060368
-0.445327
0.485949
-1.638666
0.888429
-2.621150
-1.912473
0.791073
-1.824300
0.063677
-0.349279
0.546178
1.054712
-0.199037
0.579989
-0.325987
0.436733
-0.047587
0.231020
1.739378
-2.076565
0.439290
-1.327872
0.173419
0.546665
-0.764176
0.458764
-0.289267
0.782441
0.123932
0.265263
0.961159
0.928710
2.106762
-1.457441
-2.188330
-1.439912
-1.300858
-1.197249
-1.236069
0.291899
-0.790064
-0.908742
0.697546
0.385114
0.883579
-0.179699
1.940850
2.093813
-0.038866
0.282676
-0.893344
0.177635
0.058518
-0.420488
0.130204
-2.426825
0.385840
-1.608339
0.265822
0.154433
-0.681356
1.816384
-0.605517
1.959174
-0.194982
0.021963
0.937410
0.488061
0.677358
-0.143115
1.002752
0.899236
-0.027195
0.691369
-1.084919
1.963639
-0.560914
-0.658960
0.640134
-1.510596
0.578200
-1.550742
0.547030
0.304421
-0.212735
0.971445
-0.060426
1.887265
1.209243
1.077423
1.080863
-1.626768
-0.924444
-2.353116
-0.274623
-0.030186
-0.680119
1.078277
0.507488
0.644657
0.404835
0.225803
2.185137
2.178403
-0.505313
-1.381672
-0.297759
-0.486617
-1.243176
-1.108318
-0.955353
-0.409894
-0.613475
-0.711719
0.577214
0.099116
1.964605
1.657768
1.746043
2.025575
-0.293748
0.747894
-0.502053
0.210338
-0.040553
0.251422
-0.677358
-3.248745
-1.149074
-2.087636
0.218609
0.179054
-0.012838
1.477447
-1.077750
0.187401
-1.821152
-1.285262
0.145976
-0.677358
0.534958
-0.422400
1.072573
1.211312
0.222871
0.698825
-0.519650
0.743034
-0.928286
-0.684986
1.035924
-0.149236
0.275902
-0.187825
0.732849
0.304792
-0.418752
-0.269052
-0.115918
0.164594
-0.681633
-0.686461
1.110713
-1.514162
-0.636612
-1.011869
0.789069
0.549024
-0.424332
0.682820
0.293304
0.885503
-0.440519
0.245225
1.214673
1.355386
1.938278
-1.956853
-1.096305
-1.210994
-1.398872
-0.290726
-0.778979
0.470840
0.279631
0.432695
0.794858
0.338777
0.887458
0.045136
1.579167
1.586626
-0.886460
-0.432318
-0.437140
-0.555377
-0.979051
-0.986674
-0.290733
-0.936756
0.607720
-0.380594
1.344210
1.576330
0.954285
1.754788
-0.931249
0.261727
-0.534715
-0.545792
-0.053789
-0.091558
0.008370
-1.183421
-0.171713
0.025594
-1.276811
-0.790926
-0.794386
1.019957
0.145021
-0.007125
0.949475
-0.445999
-0.150515
0.026603
0.854124
0.867511
-0.829582
-0.379195
-1.319195
-0.109070
-1.387322
-1.589044
0.685720
-1.891944
-0.069246
-0.057208
0.615063
0.653252
0.042227
0.677358
-0.032765
1.186630
0.148061
0.245376
0.808768
1.142869
2.084070
-0.750259
-0.704027
-0.677358
-1.792255
-0.502758
-0.704487
0.730620
0.036515
0.199016
1.158489
0.484823
0.463836
-0.665583
0.793771
0.910769
-1.182177
-0.087836
-1.049752
-0.264314
-0.567695
-0.631184
0.443294
-0.922003
0.337740
-0.056288
1.267177
1.264052
0.677358
2.828569
-0.079187
0.714684
-0.126242
-0.510600
1.045814
0.075117
-0.270886
-0.638338
0.184761
-0.368146
-1.310742
-0.584881
-1.812625
1.129387
-1.222547
-1.322543
0.128247
-1.005527
0.785257
-0.395763
1.155124
1.007958
0.506817
1.103795
-0.124887
0.503569
-0.694907
-0.770270
2.031954
-1.030216
0.307145
-1.158775
0.447716
0.209515
-0.085621
1.412506
0.034473
0.708840
-0.291862
-0.590137
0.274945
0.048858
0.715313
-2.128389
-1.263275
-0.948907
-0.896026
-0.154691
-0.452651
0.545342
0.394648
0.479285
0.870801
0.240025
0.822978
0.085279
1.500461
1.834002
-1.224883
-0.110242
-0.967470
-0.560325
-0.739920
-0.899299
-0.090894
0.073415
0.677358
0.134468
1.029245
1.990363
-0.379426
0.978855
-0.930671
0.165583
-0.905233
-1.087430
0.100221
-0.134257
-0.101840
-0.249673
-0.707732
-0.717493
-1.215350
0.013864
-0.556802
0.837565
0.129356
-0.170373
0.770733
-0.007987
0.648288
0.204131
1.313602
1.276990
0.197398
-0.113732
-0.169061
-0.851829
-1.231235
-0.920587
1.080046
-2.055521
-0.839182
-0.224010
0.236466
0.644493
-0.347975
1.304806
0.076376
1.301980
0.772661
0.724811
1.527501
0.067655
1.012469
-1.086566
-0.475366
-0.282776
-1.433759
-1.110663
-2.236703
-0.360489
-0.496403
-0.309445
0.639307
-0.320475
1.294561
0.804285
2.722506
2.647392
-0.712590
0.303611
-0.373815
-0.250356
-0.717674
-0.589308
0.000771
-1.153466
-1.288572
-1.658291
-0.263081
-0.483534
-1.065634
1.689716
0.094412
0.867943
0.234161
-0.369801
1.227026
0.425923
1.337961
-0.592567
-0.065942
0.212159
-0.059802
0.051877
-0.645021
0.677358
-2.294438
-2.149793
-1.196123
-1.611787
-0.239834
-0.162134
0.779572
1.008456
0.676963
1.636207
1.214997
1.536408
1.027300
1.004862
1.814877
-0.208172
0.027724
-0.849998
-0.359120
-0.426832
-0.906466
-0.156795
-0.735023
-0.250162
-1.067439
-0.880769
0.706820
0.396609
0.287993
-0.420917
0.827836
1.274739
-0.076404
1.152248
-0.299383
1.436413
-0.968137
-1.170970
0.615369
-0.081905
-1.177537
-2.174308
0.546902
0.591336
0.431048
0.714325
-0.179544
0.489859
-0.187163
-0.054689
1.229653
0.621409
1.776580
0.217964
0.895371
0.152598
-0.025257
1.842493
-1.447381
-1.237944
-2.689035
-1.738473
0.168902
-0.875055
0.494382
-0.416319
1.369960
1.392571
0.046576
-0.169409
-0.105279
3.493915
0.914799
-0.041700
0.677358
-0.175562
0.213275
-1.239810
-1.296301
-0.922586
-1.788593
-0.472903
-2.170424
-0.507538
-0.326291
0.203199
3.815359
-0.722440
0.178204
-0.454753
1.378560
1.459725
0.428619
0.879102
-0.583882
0.587342
-2.412010
-2.548265
-0.219760
-2.255980
2.000289
-1.516862
0.677358
0.659308
-0.180561
1.636162
0.347025
0.429175
-0.991641
-0.635090
0.357228
-0.013324
-0.017627
-0.445456
1.554797
1.185023
-1.651899
-0.977967
-2.508047
0.130043
-0.064507
-0.146540
0.691081
0.238043
1.453417
0.379324
1.144472
0.947617
-0.341411
1.535246
-0.809909
0.533024
-0.666945
-0.959783
-0.454024
-1.472271
-0.737252
-2.000333
0.035821
-0.018068
-0.384084
1.513986
0.908320
1.925466
-0.628682
-1.168120
-0.170406
-0.131608
0.926011
0.445562
0.395519
0.221321
-0.823263
-0.392796
-1.844798
-0.265788
-0.961879
-0.611978
1.476421
0.024167
0.964191
0.314628
0.914837
0.733135
0.507269
0.826808
0.462992
0.659539
-0.207343
-0.251528
0.625516
-0.348939
0.710822
-1.941344
-0.723964
-0.626609
-0.731498
0.096691
-0.287837
0.717763
0.626589
0.610416
1.194852
0.080738
0.878632
0.339228
0.933834
0.712814
-1.758986
-1.354205
-1.373770
-0.677358
-1.254626
-1.247903
0.139621
-0.245619
0.730723
0.326216
0.836972
0.880256
0.662492
1.624928
-0.784793
0.181310
-0.255516
-0.392867
-0.048120
-1.021667
-0.306853
-1.088087
-0.588210
-0.347741
-0.748206
3.354907
3.254025
3.605821
0.011736
0.289888
0.678444
-0.446710
-0.296616
-0.705028
0.681090
0.081152
-1.558975
0.043678
-1.705305
-0.433473
-2.846388
-2.524649
1.763397
-0.458342
0.600271
0.062723
0.741637
0.678745
0.064744
1.033018
-0.495384
0.728792
-0.272656
-0.158397
0.374736
0.161763
2.049061
-1.540341
-0.991791
-1.274472
-1.111165
-0.320680
-0.298240
0.609314
0.310153
0.590272
1.477505
0.677358
1.409112
0.521576
1.190963
1.313308
-1.013126
-0.697350
-1.129660
-0.923787
-1.131834
-1.201506
-0.003358
-0.251925
0.294993
0.207830
1.083617
1.334451
0.714611
1.510138
0.078635
0.258968
-0.766177
-0.734985
-0.409458
-0.935512
-0.220096
-0.759946
-0.682333
-0.677358
-1.156740
-0.159891
-0.568861
1.750908
0.183947
-0.132309
0.490326
-0.166575
0.908066
0.478102
1.341780
1.140561
0.199238
1.385118
0.006969
-0.527230
-1.617401
-1.642820
0.455795
-1.373703
-0.421847
-0.806548
0.307926
0.915344
0.140140
0.769066
-0.037877
0.556402
0.615914
0.295335
0.893435
0.029473
1.165519
-0.752247
-1.339935
-0.884077
-1.781259
-0.457138
-0.338949
1.152223
-0.056664
0.132048
1.360702
0.536765
2.920892
3.285883
3.814981
3.815359
-1.482334
0.019686
-0.913430
-0.501553
-1.934953
-2.184749
-0.290009
-2.222337
0.031603
-1.982486
0.138424
0.726240
-0.713222
0.370818
-1.615423
-0.369062
-0.306517
-0.151028
0.686072
-0.656416
-0.226982
-1.057910
-0.417319
-0.175522
-1.353093
0.462106
-0.262096
1.633415
0.020631
0.102379
0.651922
0.282254
1.210454
-0.016199
1.032131
1.114683
-0.117622
0.311385
-0.686254
0.366427
-0.554697
-0.614657
0.954400
-2.617136
-0.928495
-1.788424
0.677358
0.605658
0.607427
0.854347
0.096756
1.326857
0.954688
0.947273
1.295770
0.428054
-1.262906
-1.884601
-1.130481
-1.146487
-1.413580
-0.456036
-0.900175
-0.040363
-0.272227
-0.294607
0.945856
0.047943
1.022886
0.424318
1.554319
1.907985
-0.010020
0.009417
-0.407533
-0.562501
-1.011467
-1.519005
-0.221389
-2.026661
-0.137793
-1.196363
-0.007013
0.004601
-1.196856
3.210969
-0.622378
1.001717
-0.220398
0.233734
1.216384
0.682779
1.231956
0.310901
0.603073
0.329492
-0.742396
-0.323075
-0.983472
1.178344
-1.620393
-1.576748
0.586247
0.333595
0.738381
-0.103478
1.529915
1.223142
0.269626
0.618018
-0.308310
0.268892
0.091552
-0.147838
1.377195
-1.381765
-1.422768
-2.595901
-0.746329
-0.977509
-0.359828
1.052425
0.169140
0.677358
0.677358
0.365915
1.031483
-0.446837
1.226658
-1.092122
-0.213330
0.014326
-0.809169
-0.713564
-1.044573
0.125454
-0.911927
-0.985363
0.229912
0.238189
1.234667
0.498541
1.906010
2.099593
-1.091207
0.541391
-0.244345
0.103809
-0.494260
-0.295940
-0.086317
-0.637736
-0.666802
-1.427469
-0.495440
-0.751838
-0.588463
0.922074
-0.236316
1.462612
0.601135
0.335463
0.985010
0.481045
0.838987
-0.066384
1.228712
0.800764
0.629539
1.735823
1.064724
0.499138
-1.964545
-2.221349
-2.084247
-1.548583
-0.145739
-0.748272
0.712481
0.764969
0.677358
0.640463
0.387889
0.691655
0.069308
0.457670
1.204906
-0.624865
-0.357707
-1.607736
-0.584214
-0.601828
-1.105877
-0.119002
-0.701805
-0.095522
-0.643693
-0.677358
1.445509
2.329586
2.568607
-0.303055
-0.133031
-0.112185
-1.294582
-0.200289
-1.611769
-0.597519
-1.516679
-1.521626
0.017472
-0.886716
0.553748
0.136964
1.378016
1.695739
-0.535442
0.708889
0.439148
0.815333
0.011643
-0.020102
1.690013
-0.537015
-0.262093
-1.146345
-0.529786
-0.599212
-1.241915
0.865988
-0.675680
0.405641
0.042997
0.461619
1.615932
0.771212
0.993687
0.388783
1.125309
0.965622
-0.294297
0.220017
0.042599
0.393708
-1.994925
-2.093068
-1.183102
-1.862508
-0.721240
-1.172963
0.566231
0.629720
0.490051
1.674143
0.888832
0.896125
0.232427
0.074014
1.429565
-0.371451
0.014135
-0.814858
-1.424111
-1.214443
-1.535984
-0.048370
-0.866343
0.138461
-0.547695
-0.684203
1.043600
0.311868
2.188730
-0.551602
0.447306
0.266967
0.017407
1.203152
-0.677358
0.737170
-0.797259
-0.759994
0.131768
-1.065756
0.329173
-0.959836
1.650045
1.960964
-0.912659
0.221937
-0.347982
-0.299096
-0.677358
-0.276453
0.361201
-1.138827
-0.366411
-0.861480
0.009590
0.105346
-1.351177
0.598029
-0.993523
0.432804
-0.180886
-0.169052
1.517495
0.793355
1.257269
0.432050
1.349418
1.110553
0.182937
0.540581
-0.427586
0.423418
-1.856672
-1.795655
-1.406437
-1.884489
-0.727292
-1.711557
-0.193178
-0.281252
-0.268315
1.215077
0.666512
2.115203
1.246136
1.301797
1.848151
-0.867847
-0.834864
-1.532117
-0.464164
-0.677358
-1.679816
0.197387
-0.325910
0.499360
0.130009
0.006186
0.741928
0.081796
3.161966
0.202368
0.343719
0.565148
0.175909
0.476381
-1.187083
0.533924
-1.417063
-1.538753
-0.654034
-1.499705
0.387518
-1.393719
2.413051
2.436302
0.768645
0.731388
-0.165729
0.885847
-0.393189
-0.567824
-0.239100
-1.349158
1.003814
-0.218639
0.402159
0.801565
-0.309751
0.707925
-0.572756
0.277592
-0.079056
0.495686
0.457317
-0.685838
-0.005320
-0.936570
1.003002
0.773721
0.677358
1.710665
-0.242878
1.142387
-2.371896
-2.399671
-1.411468
-2.337124
-0.722062
-0.200938
1.304221
1.490764
0.422181
1.069349
0.397941
-0.274511
0.324621
0.153931
0.909247
-1.133266
0.532788
-1.225907
0.407074
0.517780
-1.359322
0.194095
-0.536977
1.256325
0.544360
0.704859
1.817721
0.393058
0.073012
-0.358100
0.477103
0.650930
-0.925121
1.002123
-1.237824
-0.026295
-1.168459
-1.402926
0.007670
-1.014829
1.081696
0.043095
2.258272
2.714952
-0.558767
0.217601
-0.497240
0.170357
-0.830482
-0.640817
-0.542104
-0.859813
-0.364817
-0.868640
-0.406705
-0.319107
-0.824285
1.004227
0.011167
0.580895
-0.677358
-0.757710
1.024121
0.309569
1.257812
0.429144
1.096553
1.485171
-0.612403
0.677358
1.130106
1.337668
-1.848197
-2.210152
-0.806618
-1.166451
-0.165814
-0.739165
0.378854
0.180916
-0.013773
0.487449
0.409917
1.266653
0.982775
0.677358
0.885942
-0.528367
-0.022639
-0.691570
-1.207382
-0.931264
-1.914306
-0.313315
-1.651947
0.004705
-0.678845
-0.677358
0.503862
0.053005
2.695187
0.256069
0.682727
0.559256
-0.025828
1.131908
0.339684
-0.043826
-0.958127
-1.187225
0.116615
-0.996002
-0.305255
-1.517879
0.400923
0.672032
-0.545960
0.396911
-0.375498
0.890135
0.799689
0.904246
1.273871
0.515473
1.131774
0.255503
0.861331
0.800420
0.038624
1.000209
-2.039861
-1.309384
-2.003564
-1.852364
-0.676455
-0.982468
0.036295
0.085547
1.061450
1.093897
0.385807
1.001490
0.163343
1.357263
-0.523718
-0.787972
-0.115289
-1.295934
-0.607169
-0.927929
0.286314
-0.010532
-0.692026
0.756669
0.553194
1.380896
0.677358
0.457378
1.951074
0.230721
0.564787
-0.290569
-0.313574
-0.005838
-1.226997
-0.124786
-1.161997
-0.090265
-1.169665
-1.528883
-0.267469
-0.416633
2.154055
0.605306
0.887195
0.829391
-0.556415
0.562795
-0.098880
0.248316
-0.734725
-1.188932
0.446228
-0.225696
0.145514
-0.855827
1.101113
1.182054
-0.576237
0.677358
0.170214
0.800095
0.001883
-0.294247
0.677358
0.084539
1.043934
-0.498720
1.091455
0.977638
-0.426914
0.874006
-1.776264
-1.289243
-1.778650
-1.486257
-0.831167
-0.862297
0.441795
0.091076
1.750474
1.227033
0.681095
1.490485
1.080311
2.144389
-0.504997
-0.874470
0.626613
-0.302964
-0.318864
-0.339494
0.677358
0.559175
-1.275816
-0.431908
-0.570095
0.906709
-0.340408
-0.460722
1.206309
-0.177425
-0.671841
-0.921580
-0.215765
-0.049334
-0.204853
0.166518
-0.831476
1.110891
0.378687
0.303072
1.205686
0.542873
2.193779
-1.287237
-0.632826
-0.613513
-2.021596
-1.311463
-1.444048
0.456136
-0.984714
-0.966217
0.486231
-1.498655
0.357826
0.091046
1.776299
1.473492
-0.785537
-0.538901
-0.370149
0.333887
-0.243445
-0.848826
0.677358
-0.179433
1.220302
-0.267444
0.114206
0.165499
-1.180196
1.867904
-1.438854
0.164500
-0.260202
-0.217127
1.058088
0.546686
0.794496
-0.846761
-0.200022
0.110934
-0.705409
0.527246
-0.351079
0.922921
-2.051761
-2.073874
-0.848820
-0.954052
0.417861
0.409833
0.677358
0.953842
-0.355168
1.066398
0.903277
1.296787
0.189792
0.016218
1.678749
-0.870672
-0.692954
-1.354136
-0.936435
-0.677358
-1.107833
0.130585
-1.132426
0.959432
-0.024862
0.134051
1.670779
0.632515
1.916436
-1.603466
0.435749
0.431446
-0.561737
0.417843
-0.276271
0.644226
-0.550734
-0.726772
0.397941
-0.677358
0.229454
0.010964
1.605144
1.534352
-1.290035
-0.152773
-0.894261
-0.263904
-0.640482
-1.302016
0.214881
-0.911511
-0.638965
-2.098579
1.215127
1.642453
0.331099
2.016982
0.611527
0.538014
-0.304887
0.049414
1.179451
0.456502
0.942106
0.220541
0.424095
0.699334
-0.082586
0.299105
-0.926828
0.764411
-1.792109
-1.728521
-0.400912
-0.239491
0.933704
0.090161
0.759628
0.937736
0.151561
1.026082
0.140069
1.038797
-0.454445
0.032795
1.014108
-1.540870
-0.981462
-1.488524
-0.753092
-0.777378
-0.876152
0.308163
-0.558833
0.430842
-0.040421
0.003131
0.677358
-0.152749
-0.530365
-1.149708
-0.052239
0.203747
-0.785804
-0.591500
-0.785965
0.493784
-0.263752
-0.659040
1.074945
0.791357
0.999493
0.483128
1.701631
1.750759
-1.328324
-0.418313
-0.892477
0.118051
-0.913701
-1.243742
-0.565568
-0.970300
-0.929853
-1.235468
-0.138236
0.001279
-0.136427
1.445596
0.309483
0.512055
0.680712
0.832830
1.168933
0.623197
0.738278
0.214509
0.549393
0.552430
0.009765
0.129491
-0.400058
0.551281
-1.307868
-1.317120
-0.832268
-0.888011
0.252515
-0.203618
1.439260
1.912688
-0.032674
1.084711
0.609341
0.930324
-0.129754
0.268301
2.119801
-1.430138
-0.124516
-2.446556
-1.016158
-1.292904
-1.605571
0.292841
-1.009969
0.278899
0.257169
-0.043247
0.786432
-0.176644
1.199020
-0.944543
-0.658373
-0.755849
-0.870713
0.696890
-0.290236
0.505044
-0.139595
-0.109607
0.823670
-0.516903
0.001822
-1.178491
3.506089
3.815359
-2.432372
0.649320
-1.731170
0.424762
-0.578552
-0.845538
0.544224
-0.274099
0.670782
-1.518855
0.314045
0.633266
-0.818823
2.026437
-1.603229
0.386622
-0.468461
-0.135962
0.420393
0.116100
0.447756
-0.089935
0.598808
0.855748
0.497060
1.059632
-0.910177
0.496379
-2.552479
-2.701382
-1.229416
-1.358183
0.677358
-0.403370
0.789883
0.776216
-0.013493
0.592843
-0.150424
1.105234
1.972205
1.991529
1.978554
-1.796554
-0.813155
-1.589099
-0.949887
-0.677358
-1.997389
-0.382781
-0.603458
0.044135
0.155930
0.176396
0.754616
0.284436
2.585620
0.149189
0.406672
0.218587
-0.426651
0.295264
-0.293582
0.496632
-0.930152
-1.791122
-0.164312
-1.423878
0.835908
0.833625
2.573798
2.595423
-1.260328
1.661385
-1.218580
0.605142
-0.609404
-0.992042
-0.082973
-1.121909
-0.458767
-2.056396
-0.182208
0.080048
0.121502
2.127087
0.192767
0.676002
0.610632
0.325586
0.241329
0.172778
0.082061
-0.890945
0.039402
-0.056165
-0.857043
-0.672226
-1.072225
0.566547
-0.986764
-1.075274
0.187044
-0.438442
0.720617
0.461833
1.213627
1.252705
0.254001
1.262286
0.746184
1.682764
1.331383
1.064821
0.960454
-1.983275
-1.382698
-1.756528
-0.776648
-0.677358
-0.918848
-0.315377
-0.911372
0.733261
0.167037
-0.028368
0.653491
0.263862
1.253047
-0.644957
0.143986
0.296793
-0.793382
-0.112366
-0.711387
0.207468
-0.287092
-0.371755
0.677358
0.386402
1.049751
0.207123
2.277941
2.360855
-0.479871
-0.126356
-0.829853
-0.762559
-1.657832
-1.484838
0.234542
-0.271595
-0.136607
-1.971451
0.894463
1.117530
0.664575
1.831162
-0.972309
0.665191
0.142621
0.318765
0.624466
0.224881
0.602868
0.154836
0.509129
0.773983
-0.747289
0.048134
-0.966573
1.367691
-1.229719
-1.394917
-0.541468
-0.446409
-0.241707
-0.135006
0.719354
1.239864
0.823674
1.034178
-0.238533
0.033135
-0.120831
-0.158576
0.670092
-1.673664
-0.732055
-2.014818
-0.672878
-0.663639
-1.584718
-0.677358
-0.040064
1.365978
0.500110
0.630458
1.539366
0.820300
1.780688
-0.022531
0.270363
0.305021
-0.826562
-0.594663
-1.503541
-0.264871
-1.267245
-1.494999
0.476434
-0.130106
0.796367
0.477449
2.364613
2.907970
-1.672080
0.468260
-1.479082
0.681281
-0.361095
-0.106105
1.975602
0.282001
0.044483
-1.511064
-0.312393
-0.342276
-1.958319
3.060246
-0.305186
0.960970
-0.397010
-0.155115
1.165356
-0.011685
0.467000
-0.358700
0.078529
0.204261
0.160883
0.186302
-0.943544
-0.257807
-2.133920
-2.554841
-1.086026
-1.797887
0.407333
-0.154107
0.970937
1.318903
-0.021222
1.123283
0.623425
2.007673
2.298333
2.171207
1.345694
-1.460680
-0.161776
-0.989051
-0.615761
-0.554595
-1.805656
-0.620577
-1.165964
0.179108
0.392958
0.225381
0.847309
1.128762
-0.563884
-1.276510
-0.227567
-0.124534
-0.806590
0.677358
-0.230568
0.831107
-0.157527
-0.255183
0.155260
-0.836980
-0.194202
-1.283248
1.331347
1.065234
0.154552
0.723043
0.058405
0.855240
0.469028
0.314648
0.731935
0.322847
0.626837
0.558959
0.663540
0.557426
0.057174
1.611718
-2.086383
-1.071886
-1.998913
-2.059257
-0.870029
-1.567609
-0.688284
-0.628694
1.117105
1.293456
0.677358
1.394438
1.310405
2.151660
-0.443294
-0.218778
0.269102
-0.760572
-0.575011
-0.677358
0.160953
0.523373
-0.695752
-0.254132
-0.677718
0.180670
0.008189
-0.214043
2.433732
-0.964431
0.134789
-0.329475
-0.388625
-0.142528
-0.399006
1.411668
-0.266098
1.558687
-0.692118
-1.098300
-1.326083
-2.280797
1.506010
-0.647543
0.677358
0.685357
-0.323015
1.040828
0.236731
1.838539
0.743108
0.513842
1.170474
0.170008
0.537326
-1.143854
-0.475021
-0.080332
-2.519235
-1.801831
-1.432136
-0.483290
-0.396854
-0.385313
0.691997
0.518078
1.543117
0.102902
0.819648
0.805186
-0.141467
2.304865
-1.485807
-0.394568
-1.103717
-1.400870
-0.414916
-1.072103
-0.029224
-1.499111
-0.869160
-0.974077
-0.828641
2.309063
2.802970
3.815359
-0.489737
-0.213787
0.137971
-0.504044
0.677358
-0.473663
0.186740
0.501258
-0.720395
0.103036
-2.139982
0.218217
-0.677358
-0.842107
2.293141
-0.672867
0.823887
-0.425017
0.327666
0.508204
-0.082400
0.795260
-0.916855
-0.161354
-1.430900
-1.418314
0.224175
-0.771855
1.508959
-1.351612
-0.047919
0.274982
0.341160
0.492111
0.665084
1.204749
0.398030
0.500421
1.206971
-0.114773
0.698638
-0.306781
0.822371
1.087504
-2.495565
-1.648957
-1.548469
-0.751927
-0.403245
-0.485391
-0.332176
-0.637400
0.954392
0.736535
0.873138
1.144720
1.508070
1.885930
-0.860233
-0.188622
-0.936153
-1.281466
-0.630318
-0.866574
-0.143679
-0.677358
0.460587
0.439084
-0.160002
1.013891
0.321748
2.406132
-0.398288
-0.832129
0.606912
-0.095391
0.422966
-0.354814
-0.177352
0.338566
-0.685864
-0.456971
-1.005558
-0.794211
-1.464342
-1.639449
1.642178
-0.522429
1.083872
0.491453
0.562523
0.997137
-0.080346
0.736602
0.016950
1.175958
0.231052
0.344312
1.739111
0.184599
0.973017
-2.178672
-0.929159
-0.862781
-1.306164
0.316039
-0.077695
0.677358
0.013556
-0.289290
0.852224
0.620602
1.060209
0.139475
1.340535
1.344772
-2.251609
-0.345578
-1.240386
-0.095460
-0.356323
-0.546495
0.739966
-0.921535
0.406441
-0.283171
0.677358
1.198231
0.427219
2.627751
-1.811926
-0.447621
-0.626807
-0.731986
-0.336675
-1.001221
-1.116449
-1.010073
0.522326
1.275199
-0.318598
0.246993
-0.553977
1.957858
-0.264287
0.092610
1.221132
-0.155920
0.769081
-0.796833
-0.202862
-0.331784
-0.793443
0.701794
-0.855705
0.424732
0.030587
-0.021715
1.144272
-1.280383
-0.164850
-0.005958
0.607828
0.704789
-0.370790
0.862870
0.369902
0.948512
0.888987
0.692182
0.892915
0.003528
0.789488
-2.653619
-1.560600
-1.322017
-1.563936
-1.217625
-1.715446
-0.089094
-0.303455
-0.077631
-0.387178
-0.239216
0.588613
-0.038948
1.684976
1.706240
-0.507602
0.202795
-1.027004
-0.559358
-1.650841
-1.483979
-0.293594
-0.956993
-0.121077
-1.668782
2.155296
2.194781
1.789763
3.290233
0.054696
0.094949
-0.165911
-0.462614
0.779483
-0.098149
0.871978
-0.761702
0.098126
0.142099
-0.602354
-0.145245
-1.294562
0.178458
-1.377241
-1.035737
0.040570
-0.223495
1.065486
0.587646
1.114209
0.908402
-0.345025
0.528683
-0.247090
0.698132
0.124025
0.340857
1.102659
-2.655499
-1.328318
-1.531037
-0.677358
-0.420580
-0.677358
0.728907
0.340942
0.938367
0.441502
0.304833
1.641777
1.331717
-0.901936
-1.449507
-0.564848
-0.371011
-1.039728
0.287483
-0.958690
-0.113338
-0.612696
-0.705321
0.650472
0.999072
1.829962
1.845657
2.407268
2.473177
-1.156229
0.258445
-0.373341
0.772368
-0.677358
-0.581541
-0.024624
-1.356805
-0.130270
0.474945
0.858345
0.463106
0.410044
1.374591
-0.995016
-0.136643
-0.832343
-0.677358
0.407038
-0.428454
0.971363
0.303565
0.613248
0.996957
-2.346628
0.131229
-3.248745
3.815359
-3.248745
-3.248745
-2.542767
-0.141480
3.815359
3.242951
