4.683271
4.683271
2.934238
1.185206
0.536381
-0.118215
-1.416704
-1.119353
-0.863838
-1.612527
-2.350213
-2.402056
-2.283433
-2.022213
-1.813398
-1.503296
-1.155156
-0.733403
-0.356221
-0.063883
-0.000796
0.035337
-0.006638
-0.151042
-0.190792
-0.072447
0.096030
0.398871
0.742506
0.808091
0.032284
-0.353999
-0.580513
-0.366438
0.036658
0.309626
0.951477
0.748162
0.831715
0.300663
0.807943
0.455056
0.723487
0.068044
0.316467
0.263347
0.245075
0.256595
0.337174
-0.347938
-0.489677
-0.612703
-0.833313
-0.960254
-0.524337
-0.413512
-0.152485
0.093970
0.351032
0.826552
1.134158
1.158126
1.530289
0.879100
-0.042824
-0.624514
-1.241211
-1.966489
-1.722657
-1.228766
-0.862886
-0.310543
-0.054386
0.201134
0.296498
0.238422
0.192017
0.099507
-0.188838
-0.332924
-0.464081
-0.612511
-0.672852
-1.075070
-1.294001
-1.418248
-1.447371
-1.308460
-0.545905
0.013952
0.494227
0.779241
0.391218
0.238131
-0.134248
-0.451195
-0.602318
-0.193346
0.093189
0.442349
0.813357
1.003699
1.171178
1.294381
1.277636
1.107943
0.993988
0.570447
0.107043
-0.283483
-0.567598
-0.836636
-0.826638
-0.697376
-0.598677
-0.503441
-0.416007
-0.363412
-0.483585
-0.428160
-0.186906
-0.172233
-0.286261
-0.001151
0.121417
0.465276
0.609270
0.928942
0.934973
0.835478
0.371841
0.560711
0.677408
0.777234
0.800275
0.105061
-0.704176
-1.190041
-1.628941
-1.831723
-1.129287
-0.545052
-0.183387
0.092719
0.282441
0.236926
0.228943
0.372931
0.528116
0.458888
-0.090538
-0.365506
-0.864438
-1.214809
-1.293851
-0.698820
0.079123
0.297848
0.896051
0.907899
0.838848
0.447011
0.785762
0.471798
0.352637
0.324338
0.073415
-0.250582
-0.508834
-0.453249
-0.745365
-0.615121
-0.498317
-0.523831
-0.247159
0.140325
0.331589
0.652400
1.162641
0.700578
0.775412
0.246605
-0.337251
-0.596954
-0.088010
-0.216510
0.307973
0.415305
0.513887
0.956863
1.533347
1.441245
1.436322
0.971604
-0.236282
-0.771388
-0.914379
-1.290546
-1.123154
-0.693891
-0.587116
-1.013115
-1.021666
-1.029251
-0.810761
-0.778358
-0.218506
0.190379
0.182850
0.044060
-0.228756
-0.458987
-0.557408
-0.118317
0.338606
0.398637
0.396677
0.725957
0.430621
0.465164
0.906925
0.933303
0.535806
0.125002
-0.380510
-0.924190
-1.003446
-0.597717
-0.237880
0.293906
0.552019
1.021333
1.177867
1.210019
1.195575
1.158817
0.914784
0.584444
0.527991
0.418643
0.381002
0.549590
0.593060
-0.214089
-1.205059
-1.308226
-1.336906
-1.346456
-1.079252
-0.325194
-0.188417
-0.246202
-0.344619
0.385940
0.267684
0.289814
0.259099
0.399439
0.545321
0.829550
1.030248
0.982360
0.912119
1.062002
0.869186
0.282850
-0.589784
-0.835667
-1.529086
-2.023644
-1.961689
-1.340653
-0.943096
-0.669907
-0.170797
0.393125
1.437445
1.635030
1.631831
1.529830
1.115599
-0.138510
-0.408432
-0.544105
-0.374795
-0.352491
-0.008370
-0.017816
-0.034027
-0.054146
0.620280
0.949653
1.225652
1.375252
1.408715
0.442686
0.227725
-0.328761
-0.608039
-0.723041
-0.825378
-0.949295
-1.007584
-0.560103
-0.248291
-0.229656
0.470789
0.108858
-0.150437
-0.772387
-0.564806
-1.200530
-0.716521
-0.632747
-0.368991
-0.095455
-0.062389
0.169592
0.546694
0.628394
1.003254
0.943078
0.779333
0.002307
-0.114896
-0.771072
-0.854262
-0.888265
-0.662633
-1.000543
-0.699592
-0.499362
-0.091134
0.394602
1.139446
1.128682
0.476849
0.109553
-0.443663
-0.743184
-0.783719
-0.384466
-0.290455
0.503768
0.349664
0.234876
0.245367
0.491362
0.033603
0.424372
0.589510
0.715487
0.425513
-0.509340
-0.754274
-0.907601
-0.705269
-0.677855
0.196654
0.543809
0.900935
1.494163
1.908260
2.619267
1.934592
1.906479
0.326516
-0.222531
-0.967755
-0.706383
-1.056454
-1.055584
-0.967272
-1.738713
-1.633650
-1.261499
-1.129053
-1.027449
-0.958146
-0.907712
-1.051010
-0.405489
-0.485283
0.366582
0.181958
0.162437
0.166615
0.548721
0.612819
0.682278
0.955960
1.087789
0.932366
1.331014
1.199481
0.675886
1.123573
0.825580
-0.171221
-0.095797
0.006863
-0.793701
-0.788805
-0.523933
-0.077915
0.054545
0.345591
0.870051
0.820882
0.186005
-0.622596
-0.967974
-1.745648
-1.799719
-1.458077
-0.741258
-0.064087
0.229260
0.286018
0.539450
0.538752
0.282567
0.355582
0.465978
0.102055
-0.118760
-0.098186
-0.202416
-0.035963
-0.012947
0.213503
0.480687
0.673735
0.839349
0.729699
0.877998
0.617543
0.475404
0.315298
0.261361
0.257020
-0.042811
-0.240916
-0.317016
-0.305091
-0.280308
-0.261860
-0.056846
-0.127992
0.682594
0.849977
0.978805
0.808315
0.342132
-0.740557
-1.185330
-1.988699
-1.864106
-1.337344
-0.698758
-0.390327
0.233053
0.503084
0.366848
0.408484
0.192924
0.410083
-0.037340
-0.318608
-0.600659
-0.685167
-0.650068
-0.290560
0.069666
0.582591
0.749704
1.145498
1.120188
1.166267
1.242822
1.358286
1.022323
0.851217
1.066567
-0.195019
-0.439878
-0.548915
-0.616822
-0.792717
-0.264163
-0.380042
-0.367207
-0.369742
-0.407850
-0.312625
-0.022365
0.149969
0.193108
0.393307
0.445506
0.470405
0.071821
-0.025584
-0.289049
-0.430692
-0.391321
0.438817
0.960290
1.299751
1.324346
0.938624
-0.504532
-0.960881
-1.620056
-1.788463
-1.631068
-1.062565
-0.938819
-0.602069
0.043679
0.420544
0.783644
1.155534
1.105934
0.682598
0.249999
0.015819
-0.313060
-0.605675
-0.534630
-0.528044
-0.223776
-0.032013
0.433243
1.050171
1.277276
1.441143
1.356875
1.320188
0.769133
0.286407
-0.223578
-0.770789
-0.803610
-0.779609
-0.536831
-0.204441
0.141567
-0.746265
-0.716426
-0.521692
-1.453982
-1.351582
-0.685129
-0.844796
-0.915188
-0.135667
-0.039156
0.246910
0.972473
1.075986
1.749681
2.278114
2.033301
1.388285
1.268812
0.669077
-0.216337
-0.358437
-0.374451
-0.349211
-0.675178
-0.757647
-0.682780
-0.876950
-1.232290
-1.160191
-0.881103
-0.439541
0.169767
0.878259
1.074181
0.923839
0.521502
-0.257009
-0.676728
-0.779500
-0.744822
-0.668463
-0.379050
-0.353439
-0.220033
-0.041220
0.100476
0.179221
0.200925
-0.244489
-0.622492
-1.039510
-1.252054
-1.088325
-0.579126
-0.189510
0.334440
0.683298
1.220382
1.278472
1.254387
1.264080
1.850661
1.918758
1.265163
0.987310
0.575081
-0.334402
-1.182470
-0.820796
-0.626019
-0.541161
0.109182
0.214572
0.278449
0.336763
0.427990
0.522606
0.158191
-0.040714
-0.182147
-0.284473
-0.318811
-0.115860
0.037918
0.185312
0.181097
0.181300
0.106495
-0.021064
-0.202727
0.483395
-0.386459
-0.517303
-0.259714
-0.045349
-0.635353
-0.345500
-0.023127
-0.028531
-0.082678
-0.003564
0.115060
0.077435
0.173895
0.276540
0.263272
-0.025549
0.060882
-0.145016
-0.383191
-0.531714
-0.489604
-0.794511
-1.015809
-0.866108
-0.602251
-0.273569
0.161523
0.603812
0.438779
0.102809
-0.338551
-0.704656
-1.157129
-0.968539
-0.787177
-0.400892
0.002847
0.510448
0.807606
1.260097
1.513267
1.711846
1.650022
1.494347
1.034913
0.651212
0.237272
0.010246
-0.200883
-0.208869
-0.204536
-0.207051
-0.065002
0.144891
0.302707
0.458132
0.068720
0.169998
-0.352809
-0.551026
-0.804643
-0.482443
-0.555795
-0.607640
-0.305839
-0.395832
-0.073286
0.062460
0.192186
0.187624
0.368815
0.246063
-0.164511
-0.079974
-0.278246
-0.500326
-0.521807
-0.349053
0.022665
0.178707
0.288344
0.399441
0.403579
0.439118
0.262068
0.408218
0.390675
0.098014
-0.037366
-0.263249
-0.178790
-0.238481
-0.152367
-0.111630
-0.066029
-0.029213
-0.277771
-0.189207
-0.181579
-0.095772
-0.046116
-0.171082
0.094377
0.103450
0.040084
0.003897
0.068773
0.007249
-0.320905
-0.364505
-0.422322
-0.072374
-0.015340
0.023491
0.370711
0.439849
0.072912
0.048925
-0.019188
-0.025494
-0.300135
-0.216597
-0.144716
-0.042434
-0.037018
-0.044537
0.224138
0.213040
0.278839
0.335288
0.386122
0.402678
0.139267
0.086751
0.035887
-0.012112
-0.045155
-0.092770
0.076164
-0.000716
-0.056230
-0.049696
-0.044016
0.071691
-0.166536
0.012552
0.017359
-0.012842
-0.013513
-0.003332
0.078301
0.038049
0.023412
-0.058149
-0.056112
0.039831
-0.124906
-0.015572
0.096108
0.032296
0.001469
-0.120000
0.064073
-0.030008
-0.045310
-0.080059
-0.178890
-0.197574
-0.553393
-0.611588
-0.545120
-0.412413
-0.325654
-0.415085
-0.111933
-0.227359
-0.329614
-0.473113
-0.046587
-0.012990
0.036894
0.414868
0.491839
0.610652
0.625496
0.672726
0.621013
0.588119
0.370258
0.331974
-0.139100
-0.201666
-0.585976
-0.882908
-0.895697
-0.469839
-0.376036
0.141991
0.618737
0.820738
0.616438
0.678800
0.584076
0.502170
0.110360
0.047118
0.020510
-0.279517
-0.232672
0.174503
0.479201
0.494911
0.565160
0.532359
0.165365
0.177644
-0.308290
-0.524343
-0.628917
-0.768328
-0.892540
-0.748053
-0.300847
-0.165560
0.007530
0.129073
0.196372
0.218460
-0.058689
-0.101461
-0.065603
0.167751
0.061319
-0.045128
0.190859
0.080986
-0.272096
-0.196559
-0.218391
-0.229042
-0.600420
-0.654022
-0.659579
-0.773660
-0.787338
-0.501680
-0.214922
-0.321498
0.223055
0.210773
0.402984
0.500239
0.848086
1.086518
1.112328
1.176842
1.750785
1.664781
1.222334
1.118032
0.877753
0.229348
-0.006431
-0.760010
-0.774313
-0.817046
-1.118846
-1.166238
-0.760118
-1.019713
-1.105477
-0.939291
-0.817605
-0.502155
-0.224457
-0.110646
0.206066
0.270639
0.332629
0.562049
0.589909
0.671988
0.321420
0.143587
0.089781
-0.225522
-0.202987
0.147213
0.415798
0.339966
-0.147328
-0.253754
-0.565885
-0.444343
-0.579792
0.170848
0.104973
0.224030
0.270211
0.496079
0.900292
1.172522
1.279651
0.962723
0.230485
-0.066117
-0.588308
-0.755556
-0.646968
-0.251527
-0.274633
-0.070670
0.087190
0.186043
0.513069
0.701035
0.784390
0.508343
0.229651
-0.025589
-0.379127
-0.676587
-0.535019
-0.315949
-0.141600
0.009734
0.336628
0.641789
0.837554
0.951378
1.159483
1.241898
0.912263
0.598288
-0.041243
-0.290750
-0.873783
-1.099445
-0.991018
-0.863770
-0.755144
-0.752718
-0.300944
-0.233690
-0.150383
-0.297914
-0.606611
-0.724454
-1.211798
-1.334751
-1.226406
-0.809837
-0.696821
-0.014140
0.615427
0.769739
1.216689
1.296388
1.201254
1.013832
0.754467
0.364048
0.176957
-0.116601
-0.162068
-0.088660
0.116272
0.204947
0.350128
0.542721
0.710440
0.868134
0.882392
0.946901
0.904422
0.330907
-0.083613
-0.553213
-0.908179
-1.235882
-0.950801
-0.690179
-0.262959
-0.073976
0.144761
0.302144
0.423761
0.449740
0.218800
-0.103728
-0.329121
-0.655955
-0.905193
-0.625062
-0.454897
-0.370915
-0.152479
0.122445
0.172929
0.428167
0.605028
0.942038
0.953046
1.092061
0.791873
0.594700
0.090644
0.043819
-0.443656
-0.571678
-0.301675
-0.324523
-0.170747
-0.057604
0.496211
0.666487
0.629962
0.446808
0.026846
-0.409099
-1.137003
-1.354901
-1.344813
-1.104864
-0.964704
-0.863092
-0.284217
-0.138019
-0.063206
0.126622
0.518889
0.440857
-0.020816
0.041482
-0.192866
-0.333758
-0.562900
-0.263493
0.047518
0.282375
0.541931
0.859241
0.952841
0.972173
0.814386
0.643430
0.396119
-0.266708
-0.722943
-0.910201
-1.030887
-1.100795
-0.452997
-0.087270
0.034172
0.298240
0.718679
0.926758
0.953900
1.097932
1.152212
0.510422
0.114686
-0.044715
-0.209018
-0.362333
0.236036
0.382700
0.497823
0.566858
0.332101
0.055805
0.089401
0.167629
0.089041
0.255285
-0.064079
-0.229358
-0.772545
-0.641156
-0.968085
-0.922065
-0.729568
-0.218979
-0.085083
0.543977
0.998159
1.033334
0.818341
0.813703
0.114467
-0.041029
-0.446432
-0.476908
-0.596696
-0.448640
-0.437416
-0.566347
-0.325348
-0.360155
-0.308176
-0.302805
-0.081402
-0.042448
-0.401338
-0.543694
-0.552807
-0.560564
-0.438075
-0.189172
0.305989
0.482034
0.944747
1.126250
1.184838
1.194333
0.692164
0.065920
-0.018026
0.124155
0.129465
0.504092
0.770615
0.423344
-0.066161
-0.163559
-0.703434
-0.609252
-0.549365
-0.155421
-0.173168
0.258863
0.344189
0.263055
0.308484
0.312994
0.390135
0.325919
0.492998
0.639395
0.651348
0.740124
0.780134
0.314842
0.168629
0.115081
0.120834
0.156658
0.163453
0.194717
-0.007865
0.067833
-0.195627
0.045990
0.123112
0.127556
0.046965
-0.033274
0.067758
-0.107883
-0.150255
-0.202420
-0.524783
-0.400009
-0.737313
-0.824490
-0.750990
-0.499478
-0.475514
-0.515471
-0.157786
-0.228437
-0.362169
-0.386133
-0.072102
0.106687
-0.156092
0.048309
0.125738
0.095842
0.050433
0.147248
0.418326
0.324506
0.280992
0.210197
0.148830
0.234040
0.044235
0.094713
0.094174
0.013774
0.012611
-0.083836
0.167811
0.233152
0.400858
0.471997
0.474991
0.448061
0.289832
0.375939
0.071826
0.215979
0.075506
-0.007978
-0.039231
0.032544
-0.229249
-0.245215
-0.494320
-0.451841
-0.685297
-0.645552
-0.737423
-0.321846
0.210451
0.564308
0.868428
1.037970
0.718074
0.099757
-0.304296
0.043509
-0.311085
-0.357538
0.219643
0.367666
0.334765
0.329114
0.358412
-0.393585
-0.426314
-0.729922
-0.626859
-0.271106
0.002583
0.265075
0.121497
0.241606
0.009981
0.075327
-0.153850
-0.173647
0.110317
0.300556
0.370504
0.575503
0.519807
0.164618
-0.162073
-0.374464
-0.770066
-0.656383
-0.757188
-0.748115
-0.731976
-0.635361
-0.541971
-0.454729
-0.147086
-0.021567
0.035096
-0.065342
0.203761
0.428121
0.473141
0.815681
1.106506
1.906244
1.550936
1.297198
0.956393
0.438814
-0.519613
-0.514882
-0.477683
-0.559818
-0.430465
-0.506177
-0.626208
-0.818476
-0.812822
-0.881471
-0.924129
-0.937467
-1.003958
-1.110473
-0.955740
-0.629455
-0.189198
0.482354
0.990483
1.146535
1.060536
0.875209
0.488804
0.315399
0.317331
0.096672
-0.103715
-0.174048
-0.047874
-0.042867
0.220848
0.581139
0.574775
0.431217
0.282499
0.124259
-0.132425
-0.079807
-0.224373
-0.449213
-0.594788
-0.744528
-0.643764
-0.515736
-0.085757
0.214999
0.164000
-0.086409
-0.246426
-0.614837
-1.067626
-1.067071
-1.057441
-1.072499
-1.037245
-0.812590
-0.784186
-0.489104
0.113555
0.663567
1.148372
1.223939
1.210366
0.814261
0.492589
0.165338
0.241570
-0.039074
-0.137166
-0.246771
-0.113557
0.097114
0.504516
0.864666
0.761583
0.457310
0.106273
-0.265935
-0.668321
-0.574184
-0.612830
-0.707742
-0.778229
-0.850532
-0.883877
-0.584299
-0.355073
-0.061634
0.414292
0.897827
0.843230
0.784225
0.785500
0.657686
0.387590
0.456417
0.647287
0.580680
0.491408
0.459985
0.514546
0.622916
0.830778
0.779307
0.261248
-0.388528
-0.946681
-1.453578
-1.709090
-1.523141
-1.307461
-0.961828
-0.598287
-0.217349
0.171458
0.504570
0.720873
0.671645
0.336553
0.124113
-0.082426
-0.449424
-0.709040
-0.663628
-0.586981
-0.516508
-0.351062
0.103805
0.793993
1.012289
1.176366
1.311906
1.328976
0.492215
0.167883
-0.099713
-0.286276
-0.540753
-0.219300
-0.222866
0.037308
0.085452
0.065472
0.066289
0.220489
0.273725
0.422504
0.534950
0.383968
0.246238
-0.107066
-0.518761
-0.735365
-0.711037
-0.637515
-0.473832
-0.036720
0.287456
0.717994
0.996403
1.291513
1.403496
1.027489
0.612820
0.168575
-0.352296
-0.849237
-0.835805
-0.795797
-0.607612
-0.415831
-0.251517
-0.069936
-0.015190
0.022467
0.065373
-0.151202
-0.363913
-0.563741
-0.819259
-0.979773
-0.928886
-0.569447
-0.096076
0.330946
0.703278
1.121145
1.119437
0.993956
0.870876
0.426122
0.104677
-0.094967
-0.479289
-0.648062
-0.537995
-0.480997
-0.480073
-0.156262
-0.037262
0.193848
0.503333
0.805750
1.006819
1.128566
0.711023
0.290251
-0.186104
-0.532810
-0.730276
-0.666614
-0.609681
-0.416116
-0.366269
-0.219088
0.151867
0.460870
0.616541
1.074235
0.812651
0.562988
0.351508
0.126219
-0.451692
-0.633384
-0.784230
-0.886072
-0.906600
-0.681416
-0.217946
0.268543
0.547033
0.757140
0.862094
0.376599
-0.126827
-0.567556
-0.862845
-1.312699
-1.161822
-1.000070
-1.076184
-1.023687
-0.719601
-0.395423
-0.155218
0.733943
1.276595
1.187865
1.056621
0.788414
0.081542
-0.512294
-0.513270
-0.542714
-0.342157
-0.099545
0.164219
0.401203
0.472476
0.554769
0.715029
0.624707
0.417847
0.350509
0.135278
-0.197370
-0.392350
-0.595079
-0.807280
-0.850894
-0.896843
-0.612901
-0.298821
0.282790
0.745986
1.165090
0.963246
0.724158
0.198401
-0.204922
-0.514887
-0.406132
-0.351034
-0.318216
-0.180614
-0.020034
0.151366
0.375305
0.817275
0.970604
0.616564
0.267697
-0.014887
-0.385091
-0.730844
-0.595363
-0.554922
-0.703167
-0.918304
-0.846576
-0.784278
-0.372050
0.392297
1.039167
1.419944
1.420061
0.961963
0.571155
0.069921
-0.435952
-0.609607
-0.701194
-0.897786
-1.105994
-1.161467
-0.950223
-0.646287
-0.283530
0.327463
0.556240
0.757492
0.832095
0.724808
0.533270
0.686248
0.470009
0.449638
0.311365
0.226407
0.100368
-0.104057
-0.079913
0.014210
0.283538
0.424421
0.611157
0.807987
0.552366
0.279795
-0.119306
-0.310561
-0.598319
-0.874362
-1.254360
-1.055979
-0.442344
-0.010483
0.731430
0.964537
0.929442
0.524987
0.151797
-0.098303
0.302311
0.384694
0.391196
0.194129
-0.059075
-0.476392
-0.604737
-0.666474
-0.503783
-0.448922
-0.101652
0.139188
0.227274
-0.142281
-0.166564
-0.661464
-0.906001
-1.062805
-0.938798
-0.863004
-0.439736
-0.246383
0.197935
0.769413
1.024013
1.136618
1.455986
1.315088
1.079448
0.985150
0.732508
0.196033
-0.297732
-0.586585
-0.911588
-1.063810
-1.183313
-0.650702
-0.393433
0.016055
0.528812
1.119417
0.805246
0.802684
0.784840
0.504837
0.042935
-0.077567
-0.415697
-0.672073
-0.572930
-0.299592
-0.194469
-0.063721
0.191120
0.287484
-0.000477
0.485559
0.664156
0.640231
0.602525
0.587992
0.156584
0.025491
-0.324183
-0.579057
-0.113951
-0.135857
-0.026029
0.197277
0.361589
0.209972
0.314745
0.101370
-0.173995
-0.246239
-0.499404
-0.629864
-0.473819
-0.338408
-0.855695
-1.268408
-1.559559
-1.943630
-1.936522
-1.524023
-0.897717
-0.481730
0.069821
0.374699
0.603945
0.674665
0.886887
0.715962
0.833026
0.921783
0.233158
-0.210973
-0.204667
-0.396898
-0.640563
-0.019453
0.250598
0.484697
0.499955
0.562165
0.614354
0.790713
0.850752
1.100763
0.774346
0.506474
0.233204
-0.032137
-0.411849
-0.206849
-0.284779
-0.455107
-0.448947
-0.390077
-0.102887
0.195253
0.529780
0.643841
0.173882
-0.468348
-0.813776
-1.066675
-1.218064
-0.639227
-0.229131
-0.025426
0.328956
0.406050
0.433712
0.575678
0.753396
0.740829
0.839209
0.426877
0.144986
-0.286891
-0.728628
-1.065751
-0.970565
-0.931836
-0.518082
-0.147765
0.099631
0.285763
0.410414
0.269064
0.262344
0.116306
-0.135185
-0.337769
-0.440569
-0.607429
-0.674063
-0.452209
-0.127721
0.093841
0.225825
0.422796
0.557445
0.507793
0.517434
0.559947
0.364862
0.153061
0.010817
-0.186622
-0.497059
-0.502227
-0.533413
-0.346170
-0.122901
0.173028
0.493132
0.771458
0.982381
1.152888
0.801556
0.464735
0.120864
-0.388734
-0.862752
-0.722171
-0.561157
-0.248376
-0.131630
-0.037296
0.311998
0.384929
0.420842
0.583391
0.465424
0.058839
-0.016812
-0.314992
-0.607509
-0.816050
-0.819854
-0.923400
-0.923641
-0.723515
-0.129919
0.089409
0.463156
0.825281
1.233667
0.968209
0.957489
0.752471
0.380731
-0.064014
-0.019272
0.455249
0.314194
0.296492
0.249104
0.219305
-0.295687
0.120509
0.480566
0.251359
0.051447
-0.200104
-0.619764
-0.886655
-0.669450
-0.471697
-0.232098
-0.137802
0.068802
0.366547
0.581525
0.706853
0.870704
0.917857
0.460187
0.213183
0.084325
-0.227258
-0.649856
-0.668832
-0.775596
-1.074906
-1.064519
-0.915675
-0.409124
0.006477
0.522085
1.014772
0.996319
0.658452
0.353600
0.067555
-0.325338
-0.334647
-0.326896
-0.471022
-0.596031
-0.752824
-0.840953
-0.797393
-0.626119
-0.166402
-0.065116
0.001289
0.014354
0.041303
-0.335707
-0.321125
-0.339516
-0.486275
-0.563446
-0.205059
0.275870
0.662117
1.273758
1.725404
1.766459
1.229096
0.873419
0.253132
-0.209937
-0.605398
-0.696203
-0.817278
-1.042312
-0.634484
-0.603485
-0.512954
-0.203082
0.227207
0.636867
0.708964
0.904006
0.847248
0.730396
0.018429
-0.019821
0.222223
-0.029838
-0.188016
-0.305051
-0.452473
-0.399056
-0.189332
0.465303
1.025592
0.964046
0.888780
0.865239
0.426300
-0.122448
0.014467
0.014571
-0.088153
0.056747
-0.057470
-0.064955
-0.434040
-0.390814
-0.309762
-0.240440
-0.180290
-0.203227
-0.215476
-0.271893
-0.297701
-0.106328
-0.105499
-0.110023
-0.157949
-0.237298
-0.214154
-0.170860
0.114054
-0.153100
-0.090845
-0.244575
-0.169793
-0.021937
0.063563
0.386748
0.521208
0.366937
0.131915
0.145366
0.184310
-0.104627
-0.103583
0.122584
0.183288
0.286099
0.442187
0.867798
0.477696
0.447707
0.453798
0.478475
0.442143
0.540331
0.623190
-0.023390
-0.132087
-0.615559
-0.934829
-1.441834
-1.585095
-1.577647
-0.893925
-0.468255
0.017027
0.652979
0.834148
0.365286
0.343648
0.888907
0.972405
0.877487
0.913769
0.548686
-0.293541
-0.502046
-0.669268
-0.567902
-0.170177
-0.020754
0.006290
-0.007188
-0.037609
-0.340735
-0.368534
-0.177699
0.035101
-0.064580
-0.084927
-0.377324
-1.035993
-1.138014
-0.911859
-0.641507
-0.426637
0.170362
0.395673
0.042299
0.074118
0.363178
0.452682
0.104388
0.100164
-0.022095
-0.296191
-0.525024
-0.514117
-0.276013
-0.125720
0.119795
0.290110
0.506162
0.564623
0.582197
0.703041
0.869209
0.758469
0.661858
0.380425
0.070424
-0.425340
-0.584718
-0.656351
-0.651445
-0.383594
-0.195253
0.084116
0.399514
0.690955
0.377245
0.082869
-0.146447
-0.544894
-0.878481
-0.718975
-0.507271
-0.291334
-0.120920
0.103520
0.285200
0.359608
0.491335
0.553684
0.653095
0.680668
0.369855
0.064426
-0.278324
-0.577673
-0.964478
-0.935626
-0.913574
-0.880656
-0.823493
-0.921197
-0.464565
-0.131177
0.239026
0.498778
0.624614
0.344150
0.245548
0.194739
0.103026
0.411343
0.389836
0.452571
0.390340
0.391408
0.501066
1.154200
0.532126
0.557731
-0.276422
-0.819586
-1.574553
-1.666191
-1.673633
-0.906306
-0.540407
-0.300385
0.092502
0.027893
-0.115665
0.122936
0.393643
0.848391
1.518647
1.549607
1.252726
0.857164
0.533434
-0.170228
-0.089623
0.021921
0.064092
0.008805
-0.305967
-0.664514
-0.472170
-0.415678
-0.206002
0.031745
0.735551
0.758163
0.799963
0.799157
0.739566
0.606734
0.135022
-0.050435
-0.213189
-0.429469
-0.585793
-0.550711
-0.193333
0.052193
0.007448
-0.080094
0.056878
-0.082723
-0.458184
-0.225198
-0.065364
-0.325602
-0.337241
-0.423277
-0.240414
-0.407488
-0.439893
-0.281793
-0.482303
-0.359075
-0.435046
-0.318008
-0.306254
0.157705
0.360105
0.796459
1.211521
1.261761
1.056689
0.840687
0.395250
0.420356
-0.099156
-0.239504
-0.279348
-0.106523
-0.098002
0.280210
0.602412
0.535113
0.357714
0.147949
-0.081463
-0.048276
-0.199951
-0.222027
0.482237
-0.009749
-0.211234
-0.157093
0.110647
-0.606030
0.045509
0.411667
0.769932
0.864376
0.528516
0.177127
0.107681
-0.280834
-0.377141
-0.676597
-0.466901
-0.582485
-0.598907
-0.714719
-0.217271
-0.106852
-0.037442
0.351224
0.471549
0.490778
0.700521
0.623818
0.748768
1.003802
0.327357
-0.349254
-0.932101
-1.340565
-1.882112
-1.314958
-0.780594
0.112994
0.312523
0.567566
0.679040
0.576359
0.244462
0.452318
0.183207
0.383911
0.249861
0.066713
-0.243599
-0.068673
-0.128402
0.143213
0.398433
0.484477
0.531890
0.614617
0.512613
0.483681
-0.211717
-0.691208
-1.296460
-1.760570
-2.000554
-1.537845
-1.046203
-0.573853
-0.392760
0.128124
0.504403
0.598589
0.687488
0.984130
0.951247
0.372276
0.103573
-0.299595
-0.513459
-0.965725
-1.036415
-0.828674
-0.545051
-0.329351
-0.175788
0.186131
0.323697
0.637913
0.767902
0.601671
0.519522
0.239079
-0.326573
-0.799110
-0.837626
-0.791312
-0.767450
-0.573552
-0.245183
0.090116
0.324918
0.674945
1.021862
1.257572
0.954640
0.648265
-0.171484
-0.574118
-1.112947
-1.156524
-1.193778
-0.387254
-0.311371
0.525565
0.711535
0.843198
1.008209
1.068048
0.460328
0.367811
0.379886
-0.084660
-0.186753
-0.266010
-0.311167
-0.421419
-0.514398
-0.530987
-0.481949
-0.077622
-0.046112
0.331713
0.264235
0.163597
0.148707
0.087257
-0.055618
-0.066268
0.241107
0.209190
0.175020
0.252120
0.346458
0.543845
0.384312
0.577180
0.651703
0.485544
-0.058132
-0.272892
-0.189194
-0.680063
-0.663029
-0.425198
-0.465367
-0.361417
-0.243481
-0.095991
0.107684
0.315590
0.362608
0.255147
0.471429
0.076134
0.020589
-0.127022
-0.043278
-0.077085
-0.124550
-0.216622
-0.200274
-0.211666
-0.204794
-0.091178
0.307465
0.435254
0.468483
0.551623
0.545018
0.468432
0.111758
0.099618
0.075701
-0.005101
-0.019560
-0.081264
0.168510
0.146655
0.149985
0.147631
0.076177
-0.095144
-0.415821
-0.450726
-0.456505
-0.344176
-0.216491
-0.204054
-0.091586
-0.091586
-0.142993
-0.376631
-0.277717
0.071767
-0.208516
-0.167318
-0.096837
-0.064729
-0.039783
0.081684
0.431912
0.723208
0.678691
0.629720
0.585925
0.249995
-0.161694
-0.232952
-0.073560
-0.202028
-0.234507
-0.142192
-0.093926
-0.566923
-0.275450
0.287346
0.335968
0.779995
0.863928
0.791228
0.280365
0.469473
-0.201836
-0.461155
-0.731794
-0.811573
-1.049085
-0.940968
-0.787456
-0.540127
-0.237970
0.087756
0.420557
0.627150
0.731619
0.973347
0.812017
0.766063
0.422724
-0.002192
-0.716248
-0.990181
-1.132154
-0.968072
-0.825058
-0.480368
-0.457568
-0.267748
-0.058462
0.300411
0.798403
1.282697
1.056857
0.665543
0.335900
-0.261298
-0.773924
-0.687394
-0.579081
-0.340227
-0.276966
-0.099119
-0.011411
-0.076057
-0.092523
0.001121
-0.165282
-0.409619
-0.438412
-0.738085
-1.090600
-1.067470
-0.945696
-0.707832
-0.485430
-0.274237
0.028607
0.094497
0.521776
1.066550
1.564583
1.453705
1.540297
1.388861
0.794509
0.238932
0.134700
-0.235390
-0.875301
-1.191895
-1.140317
-1.180250
-0.698802
-0.035355
0.513796
0.370211
0.354971
0.015243
-0.164048
-0.282865
-0.018968
0.079144
0.018167
-0.253810
-0.689173
-1.025484
-1.375584
-1.089660
-0.024582
1.281832
1.582517
1.769610
1.728869
0.757850
-0.202136
-0.231610
-0.164119
-0.313690
-0.556423
-0.905837
-0.981468
-0.992603
-0.815256
-0.343706
0.025658
0.155793
0.466694
0.635769
0.590699
0.900292
0.929097
1.093330
0.954110
0.881481
0.529098
0.590005
0.069155
-0.059259
-0.398984
-0.546333
-0.746813
-0.758912
-0.966218
-0.915574
-0.842382
-0.895878
-0.866085
-0.498187
-0.143683
-0.084585
-0.051764
-0.023609
-0.119425
-0.796831
-0.861188
-1.076239
-0.918328
-0.958828
-0.502574
-0.428902
-0.182782
-0.087437
0.143498
0.385572
0.728891
0.923619
1.296272
0.466736
0.339393
0.135221
-0.326838
-0.525350
0.019592
0.384693
0.524271
1.080691
1.198906
1.276967
1.052183
0.905865
0.713577
0.315345
-0.049307
-0.430314
-0.806589
-0.945297
-1.132503
-0.943693
-0.712657
-0.465028
-0.203755
0.099345
0.468411
0.711148
0.993944
1.086070
0.826149
0.441238
-0.017159
-0.466245
-0.894626
-1.092427
-1.137232
-1.094056
-0.890180
-0.668844
-0.352458
-0.170748
-0.059396
0.180737
0.130616
0.110130
0.168474
0.182529
0.018946
-0.071261
-0.017302
-0.079581
-0.198746
-0.399783
-0.450519
-0.283699
-0.111068
0.107356
0.615221
0.787030
0.708340
0.364066
0.591542
0.524371
0.238530
0.270646
0.194239
-0.317129
-0.940338
-0.998120
-1.170535
-0.956629
-0.271287
0.000878
0.338424
0.420001
0.484989
0.298296
0.287759
0.460960
0.302547
0.172820
0.006637
-0.151322
-0.187322
-0.215109
0.125588
0.242839
0.327825
0.432813
0.521121
0.467602
0.145051
0.189335
0.157756
0.121293
0.119307
0.031212
0.237805
0.146932
0.028673
0.013666
-0.048905
-0.003117
-0.213287
-0.104254
-0.065481
0.081494
0.117254
0.103824
0.344605
0.328646
0.182854
0.001427
-0.079862
0.011795
-0.382627
-0.370351
-0.278474
-0.224593
-0.315969
-0.157106
0.246861
0.353215
0.345719
0.341374
0.269972
0.313929
-0.029090
-0.013277
-0.050233
-0.285955
-0.431820
-0.494182
-0.247649
-0.207912
-0.033848
-0.037809
0.014422
-0.007386
-0.306745
-0.256496
-0.105148
-0.036368
0.006039
-0.177856
0.000826
-0.189073
-0.369395
-0.377141
-0.214513
-0.088625
-0.216523
-0.075755
-0.040321
0.057545
0.046834
0.041585
0.303573
0.292572
0.150682
0.032591
-0.054387
-0.165417
-0.531632
-0.534445
-0.398466
-0.310546
-0.183863
-0.031127
0.394531
0.440479
0.466832
0.565570
0.429389
0.350060
-0.024866
-0.120911
-0.342713
-0.349463
-0.350931
-0.350411
-0.097352
-0.060694
0.057192
0.133161
0.242152
0.341388
0.133795
0.050646
-0.015362
-0.079960
-0.215780
-0.235956
0.000681
-0.041266
-0.123672
-0.021054
-0.013075
0.159759
0.014045
0.162419
0.214073
0.155487
0.029926
-0.080415
0.132627
0.058918
0.041980
-0.039459
-0.051232
-0.159770
-0.470836
-0.460371
-0.281487
-0.099845
-0.044149
-0.012263
0.329700
0.277462
0.118097
0.112263
0.148406
0.145845
-0.191288
-0.191437
-0.214809
-0.195515
-0.200210
-0.171179
0.290585
0.502773
0.480551
0.502714
0.536974
0.344338
-0.046397
-0.038388
-0.128351
-0.201367
-0.239480
-0.357482
-0.270275
-0.314036
-0.341745
-0.165458
0.192554
0.409643
0.351690
0.504894
0.425828
0.217037
0.153466
0.144704
0.401634
0.436300
0.372424
0.325606
0.207526
0.178568
-0.229859
-0.287628
-0.233721
-0.219212
-0.224336
-0.157520
0.152697
0.146779
0.136178
0.062580
0.064352
0.041342
-0.140359
-0.017990
-0.027801
-0.262027
-0.365071
-0.566008
-0.378996
-0.325762
-0.067432
0.144881
0.297126
0.268507
0.134185
0.225669
0.227260
0.274492
0.389823
0.024474
-0.054511
-0.373291
-0.704024
-0.905155
-0.710933
-0.386543
-0.320335
0.004132
0.194550
0.247330
0.180154
0.472250
0.843280
0.946605
0.873445
0.763651
0.320622
0.039245
-0.467535
-0.470503
-0.365117
-0.308718
-0.184091
-0.069891
0.188835
0.092516
0.117542
0.126920
0.010872
-0.046473
-0.212179
-0.212792
-0.236506
-0.231510
-0.103463
-0.209295
0.061914
0.126727
0.207011
0.175949
0.297479
0.458684
0.100234
0.022625
-0.009059
-0.092571
-0.384224
-0.443336
-0.231456
-0.155498
-0.126769
-0.128656
-0.100684
-0.072712
-0.225880
-0.092485
0.366177
0.365788
0.361041
0.106453
0.219488
0.181904
0.243024
0.577119
0.664332
0.649062
-0.096907
-0.350711
-0.412349
-0.409487
0.087718
0.008100
0.201889
-0.100305
0.101742
-0.539715
-0.128833
-0.149538
-0.070415
0.046682
-0.015967
0.047392
0.197135
0.083045
-0.183854
-0.066989
-0.543317
-0.670170
-0.791698
-0.778400
-0.799264
-0.398925
-0.394364
-0.258002
-0.336607
-0.361398
-0.487348
-0.442177
-0.248203
0.295343
0.094715
-0.092481
-0.219792
-0.634321
-0.900963
-0.700065
-0.593924
-0.212812
0.370706
0.657624
0.918966
1.247451
1.364133
1.484955
1.030694
0.766181
0.443380
0.192613
-0.166946
-0.189540
-0.294444
-0.221971
-0.254919
-0.477014
-0.456876
-0.368291
-0.216990
-0.137436
-0.172379
-0.210515
-0.253047
-0.369881
-0.600510
-0.655008
-0.340270
-0.413441
-0.195314
-0.215416
0.131510
0.080994
0.107872
-0.173913
0.267399
0.229904
0.260067
0.619197
0.669104
0.639441
0.414667
0.380595
0.010846
-0.059521
-0.164843
-0.255720
-0.330318
-0.338456
-0.025794
0.028925
0.064292
0.177658
0.252073
0.261698
-0.001768
0.055410
0.002749
-0.085965
-0.167307
-0.200234
-0.031646
-0.080552
-0.005823
0.051450
-0.011571
-0.016096
-0.273014
-0.313356
-0.332896
-0.239764
-0.161931
-0.117905
0.190490
0.231783
0.257609
0.267991
0.345814
0.373537
0.013730
-0.138068
-0.253555
-0.412028
-0.504795
-0.431443
-0.047623
0.069821
0.220925
0.317089
0.368868
0.360831
0.088016
0.041648
0.027643
-0.084256
-0.072316
-0.122278
0.051189
-0.019408
0.002864
-0.039014
-0.031829
0.034561
-0.201152
-0.163161
-0.123044
-0.074206
-0.037909
-0.069535
0.156890
0.111255
0.107822
0.034121
0.089548
0.110181
-0.131536
-0.174122
-0.131953
-0.091995
-0.042599
0.022615
0.341516
0.379968
0.235190
0.198442
0.084719
0.047424
-0.293933
-0.234344
-0.240489
-0.249262
-0.273724
-0.340785
-0.042243
-0.033851
0.010851
0.122091
0.192420
0.269460
0.019157
0.037660
-0.053383
-0.075051
-0.142700
-0.149927
0.135372
0.156537
0.194272
0.271146
0.297356
0.441712
0.130317
0.140378
-0.024633
0.019152
-0.210615
-0.161002
0.218396
0.414251
0.328132
0.217891
0.204689
-0.074841
-0.300616
-0.109994
-0.025259
-0.023100
-0.093092
-0.228790
-0.380136
-0.497465
-0.455647
-0.383327
-0.338936
-0.385077
-0.481493
-0.564832
-0.713113
-0.900963
-0.928997
-1.000754
-0.477521
0.084820
0.197510
0.753044
0.784214
0.716397
0.151552
0.147750
0.126070
0.278458
-0.080750
0.175589
0.803087
0.959091
0.887405
0.808885
0.589842
0.017356
-0.636243
-0.660593
-0.400275
-0.337197
-0.404832
-0.361518
-0.098729
-0.128619
-0.177414
0.674182
0.456299
0.247514
0.086413
0.177002
-0.591466
-0.251362
0.148699
0.287326
0.568923
0.874855
0.869521
0.495894
0.533678
0.350678
-0.244441
-0.682535
-0.797140
-1.022650
-1.109255
-0.835293
0.020257
0.811313
1.098087
1.183958
1.461848
0.908121
0.256462
0.071002
0.517554
-0.048237
-0.187388
-0.342524
-0.490768
-1.117520
-0.694014
-0.716477
-0.567803
-0.443760
-0.321165
-0.346264
-0.038908
0.088042
0.130807
-0.378778
-0.696955
-0.988794
-1.242490
-1.331953
-1.069427
-0.918586
-0.459978
-0.028711
0.151401
0.679708
0.914794
0.871787
0.924649
1.518145
0.962774
0.836813
0.792299
0.309219
-0.345431
-0.117110
-0.331603
-0.738362
-0.698242
-0.730500
-0.672718
-0.368339
0.151373
0.913879
0.867200
0.665485
0.719862
0.636912
-0.136564
0.002653
0.064277
-0.249011
-0.650297
-0.829349
-0.957626
-1.102478
-0.930119
0.252016
0.523975
0.498339
0.737745
0.831513
-0.244349
-0.140140
0.307716
0.625978
0.430854
0.504948
0.446344
0.335344
-0.123918
-0.139842
0.595274
0.695885
0.278815
0.554778
0.488119
-0.341535
-0.320974
-0.055327
-0.019459
0.105971
0.417767
0.432098
0.128559
-0.083989
-0.066715
-0.738217
-1.153006
-1.112258
-1.088303
-1.168095
-0.773412
-0.592558
-0.447168
-0.433453
-0.479856
-0.232039
-0.270756
-0.199860
0.235841
0.881262
0.468988
0.352786
0.066621
-0.148557
-0.674049
-0.422295
-0.032924
0.129748
0.079158
0.136942
0.383993
0.469843
0.658236
0.901992
0.618809
0.445660
0.016201
-0.342065
-0.604707
-0.507900
-0.484129
-0.398036
-0.104347
-0.093726
0.066254
0.264290
0.405475
0.706273
0.430511
0.322338
0.277050
0.111634
-0.202450
-0.309113
-0.106324
-0.245018
-0.279136
-0.181270
-0.011311
0.140788
0.053242
0.263626
0.390078
0.211842
0.049379
-0.093407
-0.223318
-0.348444
-0.201105
-0.130483
-0.164618
0.040420
-0.286423
-0.320610
-0.286194
-0.177731
0.021496
0.058209
0.397699
0.415227
0.367077
0.180729
0.292145
0.200373
-0.075728
-0.049461
-0.102386
-0.342315
-0.476672
-0.582895
-0.275638
-0.153222
-0.093440
0.156519
0.311585
0.326580
0.082544
0.209176
0.157092
0.113436
0.030864
0.041089
0.322872
0.403867
0.402278
0.486319
0.323144
0.200774
-0.174953
-0.226151
-0.299212
-0.150900
-0.082900
-0.072710
0.122382
0.131064
0.011408
-0.028131
-0.056934
0.144085
-0.238076
-0.350245
-0.378672
-0.425173
-0.516303
-0.378169
0.090780
0.205863
0.317735
0.298430
0.312966
0.299875
0.074253
0.134151
0.241092
0.054431
-0.032975
-0.291344
-0.218018
-0.403716
-0.342094
-0.278642
-0.138562
-0.023802
-0.190939
-0.122893
-0.024918
0.374588
0.431893
0.343538
0.593267
0.452321
-0.028642
-0.208158
-0.066554
-0.100225
-0.347600
-0.270794
-0.182860
-0.184790
-0.113177
-0.050596
0.319624
0.417594
0.272369
0.193425
0.075701
-0.158553
-0.419173
-0.241566
-0.565901
-0.222499
-0.322017
0.004852
0.328435
0.863126
0.999402
1.022791
0.755771
0.223896
0.066052
-0.086453
-0.172255
-0.093328
0.019290
-0.319147
-0.572531
-0.543857
-0.593288
-0.601679
-0.126138
-0.004642
0.272974
0.363388
0.405480
-0.023063
-0.049730
0.029508
-0.179475
-0.140682
0.207899
0.188518
-0.248890
-0.240862
-0.020134
-0.028537
0.005665
0.418335
0.372804
0.026634
-0.196146
-0.235942
-0.215200
-0.169014
0.167067
0.108260
0.255737
0.126215
0.010418
-0.048495
-0.100280
-0.127295
-0.354589
-0.322812
-0.204768
-0.109535
0.047456
0.051682
0.352704
0.318231
0.309271
0.255189
0.589000
0.376756
0.107799
0.075951
-0.027005
-0.494080
-0.596365
-0.686707
-0.495504
-0.452550
-0.028701
0.261779
0.356841
0.460219
0.603661
0.680666
0.507351
0.800802
0.533017
0.024345
-0.166605
-0.097182
-0.530184
-0.591811
-0.514600
-0.588900
-0.776531
-0.674160
-0.289298
0.170275
0.477833
0.619622
0.870583
0.775407
0.365561
0.296627
0.201991
0.325639
0.057018
0.073069
0.053618
0.013608
-0.481034
-0.296988
-0.295089
-0.577512
-0.280298
0.251465
0.169807
0.166591
0.253040
0.087899
-0.373328
-0.387484
-0.435615
-0.387199
-0.533689
-0.457112
-0.231762
-0.024842
0.232223
0.285896
0.466143
0.362197
0.263887
0.067034
-0.056112
-0.093263
-0.397965
-0.372400
-0.481135
-0.640165
-0.667318
-0.341471
-0.021798
0.310956
0.415367
0.696543
0.442457
0.376148
-0.263601
-0.243616
-0.439933
-0.632160
-0.829530
-0.952044
-0.634623
-0.643671
-0.223855
0.000165
0.115659
0.380105
0.281380
0.233599
-0.012606
0.188035
0.000124
0.057630
0.174691
0.372816
0.028832
-0.173262
-0.552163
-0.478500
-0.829026
-0.572515
-0.540578
-0.139479
-0.332582
-0.196703
0.099073
0.136626
0.385452
0.539074
0.560171
0.612513
0.939919
0.989334
0.957720
0.383094
0.250775
-0.089442
-0.440326
0.089602
0.772032
0.890550
0.970258
0.970637
0.267416
0.114585
-0.185908
-0.521401
-0.448690
-0.729347
-0.782577
-0.719377
-0.587856
-0.487856
-0.295633
0.176999
0.276904
0.447714
0.648496
0.825165
0.942933
1.046693
1.359670
1.283725
0.890484
0.136993
-0.271477
-0.836641
-1.382712
-1.250309
-1.087265
-0.851130
-0.458121
-0.299023
0.153364
0.533830
0.701988
1.027030
1.037582
0.712009
0.217464
-0.089384
-0.711119
-0.828014
-0.792375
-0.634147
-0.360909
0.071360
0.261226
0.505018
0.674281
1.348916
0.738058
0.391982
0.196245
-0.106827
-0.987683
-0.956562
-0.743955
-0.833766
-1.003067
-0.820249
-0.546710
-0.305626
-0.177022
0.263294
1.020875
0.935737
0.826805
0.644697
0.518801
-0.339546
-0.222320
-0.351249
-0.383721
-0.570569
-0.605644
-0.749603
-0.730348
-0.351989
0.426017
0.345742
0.613840
0.899130
0.758566
0.104351
0.095177
0.289702
-0.052756
-0.274906
-0.005903
-0.092142
-0.799670
-0.950799
-0.407437
-0.055762
0.160820
0.773546
1.208054
1.046372
0.595150
0.754337
0.515282
0.626728
0.442377
0.556203
0.552574
0.604272
0.431733
0.289476
-0.204812
-0.379670
-0.651853
-0.869956
-0.813896
-0.493279
-0.360388
-0.106781
-0.206792
-0.418757
-0.475140
-0.607229
-0.806988
-0.712796
-0.851418
-1.144595
-1.327796
-1.293580
-1.306257
-1.026303
-0.761484
-0.588191
-0.484562
-0.351452
0.481457
0.526755
1.123087
1.550337
1.526041
1.013105
0.852346
0.490617
-0.128653
-0.254715
-0.423062
-0.437787
-0.426857
-0.395050
-0.047813
0.048947
0.200050
0.064658
0.140766
0.126532
-0.165491
-0.236190
-0.244734
-0.327393
-0.360781
-0.368077
-0.056245
0.137459
0.192252
0.319060
0.388159
0.554257
0.273392
0.305001
0.181524
0.094644
-0.108188
-0.230383
-0.021092
-0.008239
-0.033799
-0.070752
-0.038715
0.051807
-0.189640
-0.112242
0.019562
0.072513
0.002798
0.002946
0.285480
0.220468
0.209920
0.212801
0.187928
0.146518
-0.262398
-0.372027
-0.433603
-0.511557
-0.470284
-0.371822
0.061282
0.184166
0.277728
0.353752
0.388907
0.402091
0.093828
0.103638
0.038302
0.050183
0.011700
-0.003548
0.212855
0.141933
0.088454
-0.059451
-0.135211
-0.121398
-0.339392
-0.311471
-0.151303
-0.079918
-0.006252
-0.025681
0.274979
0.282094
0.565334
0.525375
0.466147
0.343054
-0.057202
-0.437330
-0.615355
-0.614251
-0.540043
-0.496570
-0.134552
0.047110
0.097138
0.139029
0.183298
0.281078
0.048654
0.110348
-0.053359
0.197380
0.058626
-0.085648
0.082577
0.156965
-0.301790
-0.292714
-0.304467
-0.253956
-0.164425
0.344530
0.033554
0.494735
0.284921
0.256800
0.014183
0.145304
0.021458
-0.041097
-0.079342
0.047612
0.219484
-0.171289
-0.198686
-0.184163
-0.300639
-0.192415
0.100121
0.276916
0.359217
0.397144
0.372880
0.348423
0.150717
-0.229625
-0.365282
-0.356391
-0.475397
-0.141013
0.004626
0.142959
0.068215
0.021536
-0.028705
-0.212552
-0.046472
0.007985
0.026030
0.064745
0.137922
0.112342
-0.211549
-0.194175
-0.168931
-0.034774
0.032010
0.069286
0.280986
0.187613
0.059969
-0.020573
-0.193409
-0.145498
-0.375547
-0.380696
-0.320426
-0.057941
0.026748
0.096628
0.452100
0.519023
0.384710
0.322443
0.256206
0.174998
-0.159090
-0.106688
-0.142385
-0.196612
-0.234761
-0.346100
-0.169276
-0.180469
-0.136942
-0.016799
0.021658
0.083177
-0.026783
0.094839
0.065590
0.098446
0.116533
0.014801
0.147602
0.059589
0.033231
-0.010147
-0.032797
0.052015
-0.190149
-0.194667
-0.179020
-0.183170
-0.235453
-0.243437
0.031911
0.005552
0.008427
0.043424
0.092875
0.160051
-0.008408
0.087651
0.162802
0.062217
-0.030165
-0.127536
0.034381
-0.063587
0.010907
0.084093
0.142920
0.147910
-0.156074
-0.200521
-0.183940
-0.149441
-0.079486
-0.113515
0.123540
0.022581
-0.100608
-0.172092
-0.140496
-0.071080
-0.229609
-0.131682
-0.061340
0.074025
0.118664
0.115440
0.396498
0.403457
0.277315
0.231440
0.160588
0.087709
-0.280996
-0.294112
-0.322906
-0.323075
-0.276620
-0.205114
0.113578
0.177819
0.257554
0.287694
0.257891
0.314245
0.049483
0.034747
0.016180
0.036487
-0.024085
-0.087043
0.070719
-0.014016
-0.070951
-0.085645
-0.085756
-0.002316
-0.222017
-0.210138
-0.170749
-0.111365
-0.076648
-0.063296
0.228291
0.210058
0.183561
0.151421
0.153537
0.122803
-0.137314
-0.123576
-0.094098
-0.130859
-0.078312
-0.109459
0.167054
0.160090
0.237471
0.263672
0.268444
0.224985
-0.089518
-0.148169
-0.230238
-0.201673
-0.176521
-0.238128
-0.004033
0.014116
-0.012436
0.005251
0.104207
0.170732
0.007792
0.090012
0.093029
0.102986
0.107832
0.000093
0.200267
0.186542
0.065809
-0.053087
-0.112535
-0.152865
-0.483973
-0.461074
-0.378138
-0.285427
-0.241803
-0.149580
0.214530
0.253989
0.322579
0.415317
0.383563
0.352446
0.045571
-0.037479
-0.285689
-0.356623
-0.389886
-0.416394
-0.171489
-0.035433
0.009635
0.089986
0.170955
0.276745
0.057117
0.112673
0.118629
0.112879
0.067147
0.091995
0.303064
0.257254
0.164213
0.032922
-0.071243
-0.090269
-0.422511
-0.423053
-0.289102
-0.207782
-0.130810
-0.030136
0.304858
0.307522
0.314301
0.306925
0.244976
0.244070
-0.048639
-0.080924
-0.127378
-0.130083
-0.166252
-0.259219
-0.035416
-0.037168
-0.004517
0.092173
0.220263
0.345382
0.192659
0.260834
0.213096
0.173399
0.127639
0.055803
0.318381
0.390595
0.294845
-0.000326
-0.140206
-0.581170
-0.949066
-0.884240
-0.456833
-0.287698
0.369354
0.416525
0.680039
0.503321
0.587145
0.075972
0.022524
-0.230050
-0.533033
-0.664861
-0.718747
-0.754218
-0.489182
-0.453587
-0.129744
0.224683
0.528857
0.376697
0.519024
0.230963
-0.296020
-0.724036
-0.786711
-0.825239
-0.857913
-0.711216
-0.305523
-0.079427
-0.205265
-0.177353
-0.260196
-0.696537
-0.879731
-0.804749
-0.399012
-0.043701
0.506534
0.733486
0.795888
0.437972
0.448620
0.217249
0.116099
0.382382
0.297356
0.076305
-0.124385
-0.170448
-0.856446
-1.141350
-1.170199
-1.135042
-1.140962
-0.754707
0.173226
0.358362
0.597722
0.561743
0.405472
-0.150034
-0.327588
-0.298209
0.133400
1.275558
1.025391
1.099430
0.985407
0.498886
-0.609670
-0.395121
0.399537
0.286854
0.991373
1.029731
0.956827
0.083159
0.157782
0.119708
-0.172544
-0.318217
-0.404320
-0.522784
-1.287995
-0.951079
-0.704773
-0.571571
0.061449
0.716693
0.780805
1.254672
1.228176
0.699385
0.007293
-0.172580
-0.822275
-0.996476
-0.946145
-0.983494
-0.558408
-0.090586
0.081867
0.502036
0.673552
0.300490
-0.063937
-0.048844
0.215841
0.133854
0.196057
0.158214
0.661106
0.377368
0.383453
0.277553
0.310132
-0.015706
-0.354681
-0.183288
-0.018149
0.069928
0.355113
0.241453
0.149213
0.119485
0.096680
-0.391579
-0.337334
-0.484328
-0.656752
-0.823466
-0.947129
-1.222252
-1.287386
-0.965962
-0.786643
-0.574167
-0.317653
-0.024229
-0.037425
0.280037
0.263013
0.196785
0.337196
0.122153
0.355057
0.298162
0.502845
0.432149
0.432149
0.470331
0.444904
0.268391
0.199106
0.331482
-0.340574
-0.391956
0.207080
0.010203
0.006357
0.569153
0.424858
-0.294061
-0.363090
0.046052
-0.667872
-0.659804
-0.723008
-0.701327
-1.144339
-0.957953
-0.178053
0.525935
0.681982
0.792548
0.803324
0.744335
0.295520
0.358770
0.586461
0.467086
0.057090
-0.111712
-0.221195
-0.633208
-0.511184
-0.095726
0.001105
0.548765
0.648859
0.731303
0.454381
0.380252
0.386954
0.191814
0.063034
-0.148086
-0.070006
-0.660864
-0.669408
-0.683434
-0.730794
-0.765994
-0.237732
-0.157436
-0.028026
0.012857
0.447966
0.426221
0.430036
0.482526
0.436937
0.009372
-0.504648
-0.503727
-0.318035
-0.337716
0.022099
0.033347
0.062657
0.007687
0.162281
0.319971
0.302765
0.713606
0.417783
0.287275
-0.270320
-0.207437
-0.453354
-0.437160
-0.051836
0.371300
0.357213
0.306941
0.252254
0.402445
-0.017866
-0.033544
0.024469
0.057801
-0.317895
-0.287903
-0.321923
-0.572246
-0.603268
-0.325807
-0.407407
-0.169532
-0.088217
-0.022350
0.130309
0.173540
-0.010948
0.023942
-0.012214
-0.596775
-0.514078
0.016021
0.015161
0.469410
0.563698
0.587705
0.143669
0.130823
0.095693
-0.026493
-0.137889
-0.055991
-0.151131
-0.285315
-0.261470
0.041767
-0.131711
-0.086346
0.025843
0.131016
0.288680
0.356845
0.639584
0.517524
0.284370
-0.204377
-0.294983
-0.334453
-0.642109
-0.558826
-0.278766
-0.341198
-0.298292
-0.271762
0.160519
0.327766
0.534923
0.633131
0.630324
0.320194
-0.046991
-0.140060
-0.342837
-0.298306
-0.088604
-0.104785
0.157278
0.263827
0.206423
0.077600
0.056905
0.158843
-0.177652
-0.181599
-0.041870
-0.065196
-0.282715
-0.233471
0.088860
0.093776
0.120180
0.262994
0.290763
0.357416
0.098824
0.146543
0.245535
0.309025
0.016617
0.119683
0.233579
-0.006133
-0.050629
-0.122608
-0.334379
-0.127301
-0.339950
-0.422930
-0.508489
-0.431121
-0.281398
-0.343252
-0.021511
0.390428
0.451963
0.062053
0.138354
0.181625
0.098766
0.243034
0.544298
0.721340
0.425391
0.251305
0.105025
-0.035396
-0.367547
-0.478483
-0.705194
-0.914736
-1.313335
-1.159451
-0.555573
-0.149234
0.092111
0.419571
0.330014
-0.285872
-0.326382
0.184834
-0.040110
-0.018365
0.095824
-0.080554
-0.640940
-0.423920
-0.200664
-0.232385
-0.238610
-0.243826
-0.265766
-0.326494
-0.114034
0.330994
0.186737
-0.095929
-0.101950
-0.185555
-0.670415
-0.333646
0.221094
0.999071
1.102833
1.501817
1.411424
0.794853
0.063405
-0.010134
0.168407
0.095009
0.594283
0.532616
0.261865
-0.411148
-0.566575
-0.559074
-0.756235
-0.131527
0.131391
0.351807
0.356373
0.623954
-0.021048
-0.239022
-0.270228
-0.472721
-0.633894
-0.273564
-0.119464
0.145598
-0.057841
-0.129021
0.050336
-0.041348
-0.251180
-0.081780
0.468647
0.552467
0.624390
0.755707
0.666814
0.575978
0.121969
0.069985
0.022299
-0.014200
-0.132554
-0.172236
-0.042284
-0.134027
-0.171209
0.030538
-0.050300
0.055931
-0.112976
-0.098069
-0.126704
0.124301
0.152512
0.242551
0.383201
0.099984
-0.120235
-0.180088
-0.282050
-0.128784
-0.382605
-0.458873
-0.377621
-0.410713
-0.653208
-0.414394
0.004857
-0.022710
0.044199
0.295336
0.281086
0.341084
0.353599
0.606759
0.938266
0.594638
0.336918
-0.205480
-0.330239
-0.697620
-0.557147
-0.317337
-0.014604
0.267224
0.101706
0.262917
0.240927
0.354893
0.307184
0.172420
0.221460
0.050939
-0.212363
-0.427274
-0.457601
-0.439945
-0.637285
-0.600942
-0.502391
-0.363552
-0.174409
0.017883
0.587690
0.806464
0.707188
0.558913
0.441246
0.220036
-0.257625
-0.191006
-0.090415
-0.140833
-0.184278
-0.240581
0.104632
0.199745
0.601756
0.711507
0.776135
0.226592
0.019149
-0.191621
-0.510237
-0.420788
-0.180291
0.042124
-0.122013
-0.176355
-0.237206
-0.350319
-0.478995
-0.528021
-0.395928
-0.297257
-0.283595
-0.273843
-0.146653
0.051923
-0.019548
0.084013
0.173443
0.151789
0.225302
0.577982
0.917573
0.942621
1.007548
0.855657
0.377835
-0.165222
-0.558128
-0.697292
-0.640246
-0.549288
-0.083346
-0.016853
-0.018678
-0.320957
-0.170392
-0.038943
0.102093
0.382350
0.442741
0.281417
-0.223732
-0.418129
-0.411735
-0.470028
-0.251154
0.070089
0.039635
0.076607
0.067160
0.191455
0.088102
0.298555
0.366325
0.418632
0.461188
0.363176
0.572024
0.595279
0.594652
0.138042
0.106680
-0.389569
-0.652333
-0.551846
-0.477471
-0.314000
-0.360576
-0.258565
-0.346066
-0.353683
-0.202229
-0.033514
0.076836
0.226208
0.516661
0.477056
0.556406
0.358966
0.093865
0.107378
-0.443542
-0.791756
-0.784915
-0.695709
-0.845391
-0.562438
-0.015682
0.139063
0.209424
0.382790
0.517370
0.506847
0.164779
0.041801
-0.023701
-0.452050
-0.705303
-0.881701
-0.671574
-0.806784
-0.627730
-0.091175
0.301135
0.685932
0.687083
0.897166
0.505022
0.496121
0.418780
0.305010
0.197358
0.082707
-0.092667
-0.598775
-0.593400
-0.541370
-0.525535
-0.436716
-0.029397
0.030316
0.354553
0.340091
0.740339
0.816203
0.681703
0.610799
0.552636
0.440497
-0.047426
-0.060510
-0.484958
-0.613524
-0.702904
-0.692778
-0.422452
-0.097670
-0.011348
0.106266
0.154489
0.222468
0.042381
0.114611
0.038168
0.051996
0.080667
0.106664
0.320262
0.240791
0.146917
0.040238
-0.163631
-0.094060
-0.282656
-0.245247
-0.055112
0.067078
0.125531
0.105028
0.407792
0.259309
0.152981
-0.044352
-0.130875
-0.162388
-0.402114
-0.297211
-0.123546
-0.215563
-0.121816
-0.243086
0.012295
-0.081290
0.132663
0.116856
0.297782
0.425094
0.242150
0.215576
0.128656
0.118470
0.002136
-0.213260
0.025301
0.133511
-0.022592
0.038257
0.108019
0.108019
-0.292232
-0.185828
-0.254435
-0.163626
-0.156446
-0.130023
0.093632
0.076575
-0.179872
-0.237914
-0.364696
-0.394016
-0.566814
-0.250206
-0.140033
0.097436
0.247624
0.306109
0.627077
0.699696
0.754786
0.872277
0.661333
0.525588
0.013820
-0.197999
-0.379246
-0.420564
-0.542265
-0.443051
-0.287800
-0.424973
-0.254500
-0.099719
-0.055405
0.177962
0.034183
0.015078
0.006182
-0.013828
-0.025910
-0.052842
0.186618
0.192792
0.255647
0.188412
0.266891
0.554709
0.628815
0.987054
1.342155
1.312483
1.146248
0.875977
0.450980
-0.144163
-0.054492
-0.666960
-0.892335
-1.106050
-1.150402
-1.261596
-1.105611
-0.799514
-0.378780
-0.177849
-0.093204
0.103765
0.139870
0.097663
0.193747
0.190259
0.163828
0.078458
-0.086205
-0.220797
-0.314953
-0.364908
-0.448298
-0.466250
-0.671454
-0.741117
-0.337324
-0.488937
-0.027494
0.484248
0.509356
0.449254
0.569328
0.511018
0.134553
0.224365
0.249246
0.302185
0.211504
0.087797
0.300551
0.141492
0.012041
-0.070292
-0.075672
-0.060911
-0.358612
-0.336577
-0.369810
0.013687
-0.073752
0.263179
0.269482
0.042853
0.010799
-0.159575
-0.224382
-0.203136
0.059457
0.011245
-0.033244
-0.039133
-0.024896
0.033987
-0.128922
-0.046929
0.055818
0.027219
0.031431
-0.008727
0.247871
0.243479
0.296085
0.333651
0.374434
0.368254
0.117582
0.170497
-0.103681
-0.173326
-0.160948
-0.346277
-0.423804
-0.485390
-0.459727
-0.800646
-0.702980
-0.362302
-0.304839
-0.270289
0.169625
0.264180
0.156938
0.226317
0.565443
0.548702
0.398225
0.175159
-0.015149
-0.074507
-0.376257
-0.219612
-0.040646
0.093987
0.115071
0.041592
0.200912
0.298957
0.432794
0.572472
0.491566
0.324721
0.015369
-0.224960
-0.765722
-0.817119
-0.581980
-0.627296
-0.175753
0.278663
0.419858
0.044110
0.159446
0.461307
0.045671
0.060334
0.251093
0.297556
-0.420525
-0.478090
-0.086016
0.258089
0.110472
0.078523
0.137326
-0.335190
-0.719223
-0.564382
0.087022
0.087022
0.284820
0.337306
0.270742
-0.275280
0.040306
-0.126596
-0.368439
-0.372534
-0.284424
-0.447248
-0.602647
-0.981039
-0.952897
-1.093904
-1.168845
-0.782390
0.144958
0.257825
0.546392
0.577865
0.644296
0.688674
0.667198
0.449534
0.490129
0.394327
0.697224
1.401228
0.930887
0.423855
0.144649
-0.671452
-1.397849
-0.788689
-0.230999
-0.154825
0.360928
0.586427
0.392653
0.807400
0.843627
0.321403
-0.475869
-0.412821
-0.952690
-0.962027
-1.030862
-0.734466
-0.831158
-0.743898
-0.776289
-0.153065
0.048684
0.139183
0.428185
1.361076
1.013030
1.146417
1.086016
0.677544
-0.253181
-0.489504
-0.585842
-0.470665
-0.653515
-0.522384
-0.481524
-0.333766
-0.535762
-0.374728
-0.236823
-0.124891
-0.059379
0.123608
0.463824
0.547922
0.394220
0.212525
0.053532
-0.036929
-0.380311
-0.313537
-0.188941
-0.162426
0.049723
0.006825
0.326618
0.413195
0.444600
0.266675
0.371669
0.360321
0.038071
-0.028396
-0.003655
-0.064115
-0.280689
-0.451346
-0.204592
-0.273010
-0.371177
-0.103260
0.044139
0.108260
-0.164383
-0.052883
-0.082151
-0.027804
0.054555
0.067379
0.383471
0.420496
0.436089
0.559339
0.362685
0.186291
-0.089248
-0.030153
-0.341400
-0.001243
0.098263
0.015457
0.289205
0.527818
0.450099
0.526772
0.564586
0.427783
0.070397
0.061982
-0.154144
-0.086255
-0.453426
-0.249707
-0.348077
-0.514586
-0.352304
-0.279745
-0.195140
-0.136471
0.190793
0.188142
0.255470
0.213598
0.176323
0.198668
-0.088358
-0.092751
-0.090850
-0.089930
-0.083183
0.005227
-0.081203
-0.427520
-0.213262
0.037273
0.156523
0.760293
0.937669
0.874500
0.283467
0.223783
-0.299398
-0.262810
-0.457657
-0.508130
-0.447729
-0.557814
-0.550531
-0.541698
-0.194198
-0.118216
-0.071226
-0.048789
0.023398
0.033563
-0.153126
-0.000238
0.089020
0.068568
0.045160
-0.095221
-0.047190
-0.167676
-0.255573
-0.337432
-0.541579
-0.518555
-0.740729
-0.709410
-0.665929
-0.449424
-0.030607
0.137544
0.763909
1.126124
1.169275
0.811045
0.883212
0.802998
-0.023550
-0.291352
-0.553224
-0.733762
-1.075822
-0.693762
-0.315401
-0.153007
-0.039145
0.277959
0.274994
0.544645
0.453735
0.383418
0.240482
-0.000833
-0.019182
-0.050669
0.211015
0.182318
0.290244
0.200591
0.253259
0.313802
0.091007
0.139983
0.251373
0.327769
0.232784
0.139211
0.357101
0.207888
0.059578
-0.210385
-0.254915
-0.296984
-0.564887
-0.572199
-0.231834
-0.084421
-0.069004
0.001818
0.418598
0.521439
0.460159
0.701708
0.722956
0.654188
0.206479
0.166409
-0.300849
-0.399414
-0.553748
-0.628256
-0.369826
-0.086554
0.019231
0.243403
0.187212
0.154668
-0.133835
-0.219544
-0.292506
-0.103218
-0.092542
-0.110904
0.144156
0.070559
0.009264
0.096334
0.125862
0.203671
0.022179
0.090247
-0.001344
0.104614
0.161029
0.146996
0.465380
0.637473
0.613705
0.270937
0.211851
-0.217022
-0.615779
-0.730710
-0.183449
-0.224889
-0.096218
-0.088851
-0.100921
-0.710785
-0.538072
-0.549852
-0.267067
-0.164744
0.124890
0.261280
0.504577
0.450074
0.645829
0.377635
0.034400
-0.353117
-0.607979
-0.894506
-0.891035
-0.853726
-0.577646
-0.296929
-0.225357
0.017870
0.287135
0.318566
0.445811
0.748010
0.690304
0.435148
0.254414
-0.116754
-0.455954
-0.585250
-0.543040
-0.517633
-0.594837
-0.596864
-0.631079
-0.642356
-0.506532
-0.341710
0.117675
0.119980
0.466560
0.600428
0.492613
0.377575
0.294631
0.240482
-0.169581
-0.213107
-0.274988
-0.272429
-0.293569
-0.237535
0.162237
0.195220
0.219087
0.284767
0.334831
0.322152
0.021795
0.085698
-0.083927
-0.156455
-0.202905
0.044501
0.173552
0.168657
0.230051
0.120976
0.139435
0.154779
0.271539
0.224565
0.075125
0.048440
-0.135010
-0.173436
-0.158245
-0.183666
-0.205860
-0.212431
-0.176310
-0.224126
0.033214
0.045664
0.060710
0.061325
0.151580
0.181710
-0.038663
-0.004120
0.013358
-0.044678
-0.039140
-0.093817
0.147331
0.123483
0.090831
0.009126
-0.053812
-0.085286
-0.359314
-0.304714
-0.202387
-0.093890
-0.063562
-0.040649
0.251323
0.232174
0.256500
0.296427
0.243302
0.217339
-0.067749
-0.154892
-0.231055
-0.252514
-0.272833
-0.254115
0.009868
0.028950
0.087653
0.131169
0.150171
0.264346
-0.011704
-0.050312
-0.030478
-0.056133
-0.087393
-0.073325
0.205947
0.143271
0.113710
0.075285
0.033379
0.086941
-0.117163
-0.052187
0.073766
0.084459
-0.043382
-0.100084
0.232224
0.237182
0.261469
0.438525
0.475674
0.463975
0.040468
0.058435
-0.113004
-0.185744
-0.432897
-0.508136
-0.583270
-0.802129
-0.674271
-0.757510
-0.641795
0.044799
0.083620
0.032844
0.281926
0.335693
-0.168233
-0.050676
0.153322
0.118158
-0.008904
-0.178690
-0.349381
-0.561090
-0.780541
-0.690590
-0.536392
-0.333575
-0.309031
-0.211318
-0.020492
0.508815
0.619008
1.439041
1.051886
0.775474
0.112384
-0.168648
-1.024559
-0.860216
-0.895740
-0.947885
-0.641278
-0.374338
-0.348022
0.054707
0.159501
0.312365
-0.014020
0.096612
-0.202686
0.017700
-0.336428
-0.185790
0.120059
0.482522
0.341643
0.623385
0.575531
0.495838
0.152112
0.087456
-0.294749
-0.477108
-0.686610
-0.684958
-0.345260
-0.001248
0.266232
0.561375
0.578851
0.548137
0.257368
0.182676
0.230136
0.258991
0.478491
0.300734
0.151223
-0.067108
-0.222543
-0.622156
-0.451657
-0.068359
-0.161742
-0.020440
0.086555
0.135510
0.090888
0.089573
0.318710
0.360291
0.236865
-0.027038
-0.178591
-0.338105
-0.716253
-0.773342
-0.668086
-0.709812
-0.701269
-0.648843
-0.194580
0.080598
0.464407
0.781183
0.886099
0.891319
0.611002
0.419361
0.237570
0.201911
0.086761
0.057540
0.149802
0.063758
-0.014876
-0.165730
-0.300481
-0.150560
-0.441660
-0.485471
-0.406279
-0.336102
-0.437513
-0.151114
0.152184
0.257109
0.550511
0.618863
0.692253
0.776774
0.733661
0.708217
0.346965
0.243905
-0.260317
-0.319535
-0.619631
-0.572584
-0.413492
-0.202890
0.013228
0.097720
0.474359
0.522814
0.602215
0.715736
0.519405
0.318007
-0.188470
-0.390853
-0.626859
-0.575252
-0.408698
-0.369370
0.026237
0.102221
0.228702
-0.180784
-0.044531
-0.333907
-0.447449
-0.226255
0.428951
0.515324
0.486177
0.397325
0.143147
-0.349838
-0.343474
-0.181229
-0.211565
-0.235089
-0.131013
-0.079941
-0.278285
-0.117624
-0.226456
-0.126830
-0.259525
-0.100008
-0.147554
-0.054035
-0.108589
-0.188093
-0.180645
-0.245323
-0.231447
-0.329460
-0.317268
-0.026182
-0.331879
-0.439872
-0.471175
-0.488653
-0.727273
-0.513369
0.056182
0.376869
0.401436
0.664782
0.521817
0.228676
-0.263468
-0.320549
-0.338769
-0.308240
-0.226892
-0.297707
0.039657
-0.092063
-0.178412
-0.125359
0.135168
0.228593
0.123624
0.404110
0.565499
0.670660
0.719369
0.614838
0.753519
0.592752
0.381516
0.212506
0.153610
0.064813
-0.208686
-0.249401
-0.335554
-0.427864
-0.383479
-0.418978
-0.045381
0.141274
0.238719
0.339685
0.490662
0.501944
0.224215
0.281384
0.228215
0.154526
0.036798
-0.055910
0.085058
0.025055
-0.059963
-0.037839
-0.111334
-0.145529
-0.382663
-0.344228
-0.260555
-0.110803
-0.051857
0.087257
0.431063
0.408597
0.400973
0.444304
0.260531
0.179709
-0.247800
-0.451711
-0.629154
-0.695785
-0.732992
-0.662448
-0.127573
0.166139
0.346194
0.467252
0.599397
0.669418
0.441986
0.545032
0.739377
0.443245
0.285367
-0.094725
-0.044431
-0.309096
-0.215435
-0.275572
-0.218711
-0.162397
-0.480169
-0.379550
-0.538785
-0.285319
0.180900
0.152869
0.264269
0.360678
0.384485
-0.252791
-0.114429
-0.240050
-0.330005
-0.274530
-0.270700
-0.399500
-0.427563
-0.618769
-0.411854
-0.068529
0.152582
0.620536
0.840219
0.552226
0.270620
0.360850
0.259993
0.393435
0.224294
0.159723
-0.201940
-0.578324
-0.843998
-0.728791
-1.115346
-1.022398
-1.023584
-1.082269
-1.151301
-0.688917
-0.537061
-0.245088
-0.238362
-0.304839
-0.385400
-0.500148
-0.610407
-0.424706
-0.279219
-0.385720
-0.450233
-0.469445
-0.363849
-0.108661
0.122400
0.393847
0.733130
0.888190
1.102754
1.259825
1.863466
2.299772
2.154811
1.396808
0.921451
-0.017934
-1.140635
-1.546567
-1.234964
-1.222127
-1.046547
-0.724717
-0.422093
-0.314911
0.130405
0.447154
0.584014
0.538689
0.387208
0.045572
-0.202942
-0.301316
-0.177380
-0.270858
-0.243776
-0.315857
-0.501786
-0.048325
-0.118212
-0.174587
-0.179927
-0.087255
0.040921
0.178919
0.952892
0.958681
0.998538
0.279502
0.251662
0.226669
0.118948
0.544902
0.874613
1.296946
0.531294
0.936120
0.278585
-0.224762
-0.674043
-0.689429
-0.846433
-0.600595
-0.370669
-0.209880
0.515076
1.041747
1.042710
0.971324
0.995511
0.650953
-0.154460
-0.287310
-0.445790
-0.622488
-1.091503
-1.018354
-1.208289
-1.292364
-1.178998
-0.778040
-0.733846
-0.466784
0.085387
0.466995
0.424594
0.514799
0.738723
0.554849
0.330505
0.379713
0.592595
0.158053
0.223330
-0.184320
-0.424019
-0.633051
-0.358553
-1.116203
-0.736489
-0.469200
-0.516275
-0.482006
0.373994
0.237597
0.097450
0.101127
0.027245
-0.205295
-0.572739
-0.699059
-0.885483
-0.634003
-0.669962
-0.314620
-0.740998
-0.658199
-0.971889
-0.622241
-0.310397
0.445628
0.944316
1.358836
1.017631
0.936732
0.737175
0.407805
0.380868
0.459797
0.330554
0.152251
-0.025912
-0.401864
-0.755905
-0.886209
-0.659550
-0.359536
-0.172485
0.210491
0.111476
0.194450
0.367432
0.753476
0.154492
-0.183202
-0.331647
-0.978403
-1.474454
-0.847692
-0.363681
-0.424974
-0.272269
-0.197538
-0.540240
-0.469694
-0.600106
-0.614410
-0.439673
-0.032425
0.095801
0.409771
0.734251
0.662083
0.565917
0.474342
0.164652
0.058155
0.493545
0.224238
0.212256
0.163672
-0.013089
-0.323540
-0.169298
-0.296448
-0.385760
-0.281559
-0.110144
-0.009737
-0.153841
-0.076604
-0.062309
-0.072967
-0.134095
0.488709
0.671258
0.655645
0.395976
0.228728
-0.003621
-0.071695
-0.281008
-0.658734
-0.561466
-0.513606
-0.512684
-0.004004
0.167649
0.180467
0.133161
0.191573
0.218163
0.240524
0.634826
0.800838
0.728385
0.731383
0.639723
0.558243
0.135040
0.127273
-0.422154
-0.274503
-0.123132
0.018888
-0.125946
-0.111424
-0.105040
-0.755220
-0.675556
-0.510859
-0.118418
-0.005678
0.126033
0.143925
0.079228
-0.016184
-0.343493
-0.420032
-0.414733
-0.434363
-0.276503
-0.198272
0.103815
0.081076
0.116211
0.048454
0.150652
0.206179
0.108361
0.304181
0.404391
0.498976
0.572999
-0.096793
-0.110137
-0.284948
-0.666279
-0.870486
-0.391582
-0.200379
-0.066987
0.407515
0.488706
0.560977
0.476946
0.193804
0.196913
0.253853
-0.118730
-0.156416
-0.029735
-0.183528
-0.458685
-0.111033
-0.186492
-0.409395
-0.367109
-0.355798
-0.000529
0.225517
0.510742
0.736202
0.742129
0.707608
0.419133
0.286196
0.200018
-0.131508
-0.196167
-0.555312
-0.376937
-0.433596
-0.307405
-0.278255
-0.053356
-0.053356
-0.130170
0.248463
0.158242
-0.001763
-0.037842
-0.482512
-0.466480
-0.473544
-0.468113
-0.518543
-0.336604
-0.387903
-0.620294
-0.500606
-0.475877
-0.576044
-0.346949
0.049304
0.509732
0.648698
0.980213
0.951533
0.584532
0.424542
0.451233
0.626079
0.444003
0.653486
0.661497
0.286727
-0.165061
-0.427462
-0.589524
-0.530673
-0.329462
-0.101053
0.079774
0.176279
-0.076656
0.096368
0.065274
0.358690
0.867788
1.521886
0.927065
0.629629
-0.100128
-0.591270
-1.213726
-1.002530
-0.772706
-0.250996
-0.268745
-0.160522
0.074879
0.287733
0.313070
0.504509
0.273507
0.073713
-0.149477
-0.362971
-0.368853
-0.495772
-0.251097
-0.268982
0.059431
0.114272
0.347032
0.437225
0.542860
0.781370
0.409347
0.319759
0.093299
0.109432
-0.050365
0.008268
0.274883
0.435206
0.273714
0.063036
-0.084445
-0.021688
-0.323496
-0.288511
-0.011216
0.144895
0.228747
0.292653
0.469956
0.387847
0.312963
0.245049
0.108384
0.162211
-0.240532
-0.245300
-0.380260
-0.411506
-0.314236
-0.264916
0.091712
0.289285
0.425988
0.435507
0.448428
0.386627
0.030624
-0.004604
-0.098352
-0.213091
-0.349773
-0.493223
-0.277022
-0.275011
-0.411452
-0.398803
-0.304985
-0.248533
-0.445118
-0.212479
-0.037025
0.122120
0.218891
0.291385
0.567138
0.556494
0.534801
0.509027
0.250717
0.088258
-0.418133
-0.698379
-0.858274
-0.864745
-0.764860
-0.627098
-0.102249
0.086469
0.230763
0.405158
0.696008
0.837551
0.202725
-0.078523
-0.270996
-0.773233
-1.059445
-0.732467
-0.171119
-0.129471
-0.240431
-0.161610
-0.001459
0.055884
0.154594
0.795630
0.984191
1.016419
0.834123
0.659342
0.376105
-0.088201
-0.253406
-0.388092
-0.510753
-0.547935
-0.442244
-0.438088
-0.226314
0.222185
0.726933
0.656597
0.712598
0.678510
0.396313
-0.256338
-0.458498
-0.405512
-0.817024
-1.048734
-0.703971
-0.331297
-0.384208
-0.095073
0.537736
0.924542
0.619031
0.747752
0.918019
0.684332
0.484534
0.887670
0.937744
0.908485
0.784662
0.625615
0.525049
0.431528
0.375191
0.306256
-0.074983
-0.282448
-0.688949
-0.985091
-1.181691
-0.894843
-0.655352
-0.141743
0.337092
-0.246795
-0.137273
0.144799
0.334193
0.579507
1.088303
0.826393
0.528573
0.068664
-0.486575
-0.459167
-0.323945
-0.453974
-0.567656
-1.273100
-1.030644
-0.615826
-0.401626
-0.055399
1.114426
1.184970
0.940185
0.607807
0.421760
0.042397
-0.234812
-0.552887
-0.489962
-0.397998
-0.454064
-0.477799
-0.362233
-0.416583
-0.455826
-0.576627
-0.392331
-0.228951
-0.070024
0.021016
0.435917
0.596266
0.522955
0.531753
0.504847
0.082728
-0.223249
-0.413014
-0.255332
-0.212302
-0.205152
-0.003872
0.196314
0.201709
0.229348
0.535194
0.600012
0.632183
0.607081
0.398718
0.494840
0.523892
0.623523
0.051619
-0.046446
-0.848889
-1.024648
-1.156445
-0.601341
-0.266190
0.580413
0.773667
0.541101
0.192262
0.169303
-0.162468
-0.136011
-0.022935
0.219458
0.068996
-0.141807
-0.367513
-0.534476
-0.526616
-0.779683
-0.692115
-0.543235
-0.387803
-0.270907
0.157678
0.505547
0.544828
0.597038
0.591135
0.235752
0.186547
-0.202406
-0.321598
-0.381470
-0.399660
-0.438945
-0.439120
-0.214996
-0.251155
0.128935
0.327019
0.449274
0.492620
0.691835
0.327315
0.247117
0.528343
0.533569
0.085399
0.315357
0.235935
-0.147749
-0.172989
-0.318527
-0.386502
-0.241304
-0.383750
-0.459393
0.074842
0.073356
-0.496365
-0.054417
0.065568
-0.387500
-0.320737
-0.256185
-0.298611
-0.170749
0.327946
0.235428
0.673905
0.336200
0.221405
-0.156535
-0.272015
-0.357758
-0.208324
-0.184877
-0.016501
0.296920
0.392288
0.453338
0.519818
0.543007
0.750391
0.350551
0.147703
0.002666
-0.295116
-0.653522
-0.737055
-0.532042
-0.642891
-0.576082
-0.514746
-0.347018
-0.135602
-0.086861
0.093814
0.368196
0.440608
0.468310
0.410551
0.552755
0.337719
0.327069
0.229835
0.178749
0.119242
-0.321417
-0.573541
-0.701118
-0.831617
-0.719697
-0.639783
-0.084794
0.248997
0.493325
0.538987
0.698156
0.674466
0.429232
0.492100
0.468964
0.550101
0.428432
0.173213
0.137726
-0.044507
-0.564178
-0.691650
-0.818598
-0.809450
-0.977193
-0.661001
-1.288390
-1.001969
-0.737562
-0.562114
0.093279
1.284865
1.545997
1.715691
1.512376
1.178102
0.535165
0.173376
-0.187825
-0.172720
-0.253012
-0.721346
-0.636177
-0.815504
-0.826288
-0.869655
-0.343224
-0.013080
0.003478
0.141291
0.197148
0.079323
0.048615
0.189311
0.410426
0.561817
0.693446
0.567957
0.265918
0.201107
-0.167374
-0.242834
-0.061937
-0.573692
-0.548269
-0.470849
-0.199519
-0.322229
0.424787
0.495598
0.164194
0.233043
0.160986
0.228687
0.203758
0.640525
0.630157
0.314305
0.107399
-0.185810
-0.905286
-1.162410
-1.055490
-0.814196
-0.754715
-0.110679
0.123075
0.358222
0.366944
0.450639
0.672347
0.677739
0.370445
0.288992
0.006335
-0.135306
-0.441367
-0.376157
-0.335524
-0.331609
-0.229111
-0.506499
-0.239202
-0.153220
-0.225360
-0.011857
0.242449
0.287611
0.073609
0.354054
0.256353
0.499283
0.443877
0.437952
0.534206
0.361771
-0.101077
-0.051564
-0.049289
0.011531
-0.368721
-0.264127
-0.271878
-0.374891
-0.369726
-0.077965
0.315112
0.333713
0.464560
0.386900
0.339930
0.326653
0.004379
-0.100199
-0.023113
-0.409742
-0.490373
-0.570045
-0.442953
-0.531782
-0.588890
-0.533059
-0.483210
-0.332990
-0.443360
-0.022095
0.188360
0.079521
0.337910
0.263550
0.334811
0.031262
-0.380257
-0.757019
-0.875686
-0.685248
-0.699493
-0.053947
0.176254
0.342265
0.405634
0.396062
0.762111
0.842510
0.878662
0.823126
0.236239
0.098515
-0.257043
-0.303424
-0.348642
-0.384447
-0.505819
-0.715777
-0.605181
-0.699337
-0.143870
-0.003530
0.114622
0.396065
0.178979
0.171791
0.131241
0.209533
0.034282
0.212601
0.436245
0.390191
0.405775
0.391741
0.323064
0.500015
0.112438
-0.159816
-0.023707
-0.235839
-0.382906
-0.357909
0.079115
-0.031341
0.122534
0.153050
0.192784
0.304202
0.227662
0.374703
0.420844
0.445534
0.066621
-0.375530
-0.386970
-0.569944
-0.541080
-0.297549
-0.036661
0.040113
0.046842
0.265123
0.474564
0.687915
0.703464
0.299813
0.359486
0.121709
-0.213769
-0.364815
-0.251231
-0.360158
-0.633145
-0.550630
-0.420266
-0.248096
0.052919
0.271153
0.737147
0.983689
0.925397
0.877032
0.283897
0.150853
-0.235401
-0.092446
-0.301104
-0.188062
-0.391255
-0.626782
-0.550230
-0.520461
-0.238651
-0.027910
0.070909
0.031914
-0.228641
-0.171205
-0.165394
0.030039
0.108777
0.220739
0.572538
-0.280543
-0.163396
-0.083263
-0.079058
-0.211632
0.293961
-0.021531
-0.066554
-0.100832
-0.785413
-0.648338
-0.331155
-0.378530
-0.264161
0.390764
0.456133
0.497251
0.381285
0.384610
0.515732
0.424984
0.308277
0.108012
0.244573
0.243755
0.346129
0.469581
0.809038
0.238910
0.017094
0.001427
0.066135
0.081633
0.076029
-0.030442
0.002481
-0.175924
-0.365391
-0.325318
-0.237535
-0.615961
-0.567146
-0.400361
-0.294504
-0.142931
0.376844
0.350787
0.008724
0.069725
-0.007360
-0.081444
-0.052161
-0.174926
0.019406
-0.013579
-0.415299
-0.478552
-0.387918
-0.320446
-0.085522
0.437220
0.599151
0.693232
0.683275
0.189035
0.053797
-0.004538
-0.165717
-0.102446
-0.250781
-0.344092
-0.862267
-0.912299
-1.037309
-0.589320
-0.570889
-0.048603
0.347184
0.387895
0.489495
0.478147
0.407080
0.463299
0.586535
0.119280
0.166418
-0.194130
-0.265071
-0.325706
-0.047477
-0.144749
0.274577
0.212379
0.246151
0.313049
0.499943
0.122378
0.231530
-0.147274
-0.078246
-0.435500
-0.086624
-0.013940
0.088100
0.175606
0.257612
0.192011
-0.199021
-0.277123
-0.433966
-0.584856
-0.521386
-0.453567
-0.090677
0.016001
0.107033
0.169602
0.190254
0.188521
-0.003232
0.136142
0.088271
0.124530
0.092276
0.002659
0.159858
0.163178
0.127763
0.134907
0.105487
0.084393
-0.175634
-0.156295
-0.110756
-0.061690
-0.100257
-0.159659
0.115841
0.097853
0.067315
0.159665
0.205647
0.220350
-0.070731
-0.116861
-0.147699
-0.228576
-0.260434
-0.195158
0.040587
-0.021673
-0.017838
-0.028232
-0.118132
-0.071019
-0.307928
-0.271980
-0.221063
-0.199192
-0.166769
0.131707
0.350197
0.255093
0.611049
0.479470
0.547538
0.527736
0.275413
-0.137401
-0.029641
-0.417122
-0.374154
-0.035035
0.183671
0.057814
0.374895
0.385325
0.026945
-0.040744
-0.284814
-0.652693
-0.699047
-0.346442
-0.217684
-0.182957
0.154138
0.256649
-0.117202
-0.042201
0.366386
0.452343
0.228677
0.371204
0.290456
-0.092776
-0.226705
-0.007073
0.134285
0.114262
0.132119
0.224360
-0.074951
0.036393
-0.144249
-0.064983
-0.017429
0.026714
-0.108614
-0.175804
-0.008660
-0.134693
-0.174420
-0.030292
-0.003553
0.060569
-0.314835
-0.471917
-0.580729
-0.254359
-0.260233
-0.128510
0.318256
0.367920
0.119407
0.185313
0.266307
0.323044
0.101064
0.100933
0.113291
0.065394
0.011524
-0.086270
0.079064
-0.071153
-0.094067
-0.224530
0.092634
0.130452
-0.103752
-0.090533
0.022957
-0.197828
-0.146343
-0.118210
0.205130
0.259068
0.569013
0.567979
0.572498
0.467690
0.045106
-0.400692
-0.482436
-0.603519
-0.703547
-0.737119
-0.418911
-0.355929
-0.316043
-0.179232
0.317542
0.365876
0.167938
0.346766
0.274719
0.232629
0.159046
-0.017319
0.110719
0.173698
-0.239302
-0.249994
-0.382038
-0.413497
-0.393771
-0.056675
-0.017247
0.220853
0.288770
-0.013800
0.075351
0.142328
0.483630
0.544400
0.597496
0.555862
0.170417
-0.262743
-0.300985
-0.067989
-0.118932
-0.062325
0.132561
-0.034445
-0.423064
-0.505384
-0.581132
-0.481510
-0.618416
-0.470916
-0.256350
-0.090637
0.071753
0.496162
0.846453
0.840609
0.871840
0.740133
0.332629
0.244666
-0.182268
-0.385884
-0.394006
-0.436409
-0.489250
-0.474506
-0.178591
-0.229523
-0.216713
-0.165424
-0.104705
-0.012314
-0.143193
-0.073028
0.016322
0.068172
0.156660
0.157821
0.372570
0.261232
0.209413
0.139234
0.313686
0.231999
-0.046132
-0.086070
-0.062268
-0.307392
-0.143383
-0.120082
0.211280
0.208584
0.255082
0.278842
0.321558
0.316024
0.011788
-0.036140
-0.094117
-0.084050
-0.157934
-0.243832
-0.051917
-0.151394
-0.211264
-0.170392
-0.101203
-0.011724
-0.181749
-0.118924
-0.042049
-0.027288
0.032888
0.091344
0.365416
0.311816
0.287612
0.219066
0.115872
0.056070
-0.282629
-0.320231
-0.282260
-0.298841
-0.364340
-0.367912
-0.032401
-0.022635
0.084910
0.145720
0.210797
0.260394
0.025926
0.000177
0.112562
0.136133
0.084743
-0.008661
0.153597
0.000538
-0.050553
-0.139121
-0.118101
-0.126347
-0.355212
-0.342935
-0.251320
-0.241194
-0.099047
-0.089290
0.202975
0.223576
0.194719
0.145104
0.437052
0.460771
0.185596
0.218133
0.092558
-0.268465
-0.400059
-0.449965
-0.197279
-0.087533
-0.005482
0.148969
0.181217
0.209117
-0.025151
-0.002580
-0.008649
0.020286
0.025167
-0.012175
0.237288
0.196478
0.094644
-0.007915
-0.102388
-0.189598
-0.519450
-0.505245
-0.376970
-0.245593
-0.052815
0.054607
0.334379
0.225743
0.124089
0.088691
0.073140
0.182012
-0.041465
-0.001246
-0.080951
-0.200174
-0.320863
-0.341886
-0.068447
-0.080355
0.026946
0.097163
0.188953
0.236476
0.014308
0.018180
0.065791
0.029535
0.039580
0.006467
0.258839
0.210975
0.194113
0.123451
0.125667
0.026276
-0.301325
-0.337696
-0.306116
-0.345252
-0.234145
-0.184865
0.181605
0.281406
0.367956
0.390430
0.385506
0.372803
0.024346
-0.015603
-0.147525
-0.245001
-0.362174
-0.452508
-0.226337
-0.177969
-0.122298
0.017744
0.124607
0.257273
0.057681
0.133560
0.167989
0.141519
0.014628
-0.029200
0.204298
0.108669
0.059043
0.075468
0.021852
-0.016908
-0.359929
-0.390151
-0.355440
-0.220840
0.116145
0.241314
0.601622
0.623505
0.548985
0.250578
0.139025
0.112184
-0.166422
-0.166422
-0.172606
-0.131197
-0.137083
-0.251797
-0.075296
-0.141864
-0.117192
-0.158905
-0.096804
-0.000412
-0.217200
-0.297687
-0.207583
-0.244429
-0.246318
-0.252237
0.073864
0.042444
0.415510
0.440035
0.414368
0.246388
0.212195
-0.310298
-0.442515
-0.138187
-0.039435
-0.419937
0.054244
0.180576
-0.125737
-0.046511
0.427649
0.428521
0.505976
0.525340
0.410683
0.310204
0.219739
-0.281638
-0.142137
-0.163356
-0.626086
-0.563483
-0.599550
-0.496251
-0.258625
0.347073
0.365142
0.469421
0.474334
0.413837
0.207616
0.148698
0.068577
0.065902
-0.382216
-0.321177
-0.660356
-0.688199
-0.689912
-0.281802
-0.266257
-0.174388
0.294300
0.356024
-0.008592
-0.018048
-0.054803
0.059108
-0.355789
-0.437166
-0.344085
-0.544688
-0.686383
-0.265179
0.071979
-0.089608
0.617305
0.508900
0.519132
0.476752
0.622762
-0.044323
0.047620
0.111061
0.146797
0.090648
0.508127
0.386387
0.297676
0.291399
0.322012
0.199896
0.158618
-0.001301
-0.173748
-0.931304
-0.876667
-0.583971
-0.583866
-0.443987
0.415965
0.515433
0.652266
1.050936
1.518505
1.768751
1.488051
1.288864
0.762744
0.349679
-0.518630
-0.647843
-0.847176
-0.945529
-0.987745
-0.993633
-0.646880
-0.535351
-0.423466
-0.308623
-0.191163
-0.087545
-0.203961
-0.057768
0.033931
0.074621
0.100316
0.030775
0.048430
-0.120424
-0.007983
-0.092371
-0.072661
0.130108
-0.126189
-0.246132
-0.080327
0.039493
0.041775
0.280955
0.707762
0.697152
0.342135
0.223189
0.079772
-0.107731
-0.375008
-0.147448
-0.064305
-0.472283
-0.567679
-0.831010
-0.562851
-0.582750
-0.016795
0.223723
0.586912
0.572396
0.526887
0.647661
0.665065
0.435818
0.235808
-0.063279
-0.212756
-0.386517
-0.530222
-0.473154
-0.280817
-0.221065
-0.215654
0.138762
0.237900
0.047244
0.086892
-0.103012
0.028035
0.080788
0.042875
0.095829
0.128486
0.100096
-0.289354
-0.299047
-0.320860
-0.378537
-0.367525
-0.265596
0.106046
0.119647
0.170567
0.254954
0.224844
0.237829
-0.014206
0.029568
-0.045123
-0.023414
-0.021687
-0.048117
0.158775
0.127863
0.063158
0.034424
-0.029784
0.004084
-0.295260
-0.301735
-0.274978
-0.169262
-0.133863
-0.021595
0.317252
0.312941
0.295048
0.276549
0.214254
0.251408
0.018739
0.032203
0.082279
0.040160
-0.221233
-0.411834
-0.325296
-0.519908
-0.443321
-0.081302
0.079254
0.363186
0.298349
0.316477
0.112399
0.110128
0.172090
-0.039972
0.040692
-0.033069
-0.145128
-0.473915
-0.397560
-0.088687
-0.266248
-0.207391
-0.176857
-0.144712
-0.375655
-0.336049
0.273845
0.693461
0.669280
0.588729
0.664697
0.499375
0.035750
0.258293
0.205040
0.150902
-0.050048
-0.189083
-0.465320
-0.624733
-0.635768
-0.320164
-0.383551
-0.331601
-0.202348
-0.185356
-0.398477
-0.200700
0.195471
0.280658
0.764120
1.008269
1.163554
0.911309
1.182718
1.099005
0.397978
-0.019353
-0.246943
-0.589533
-0.942872
-0.724753
-0.668141
-0.624467
-0.413769
-0.374490
-0.284063
-0.191305
0.163065
0.297005
0.303559
0.322796
0.434741
0.055362
-0.325226
-0.501364
-0.681954
-0.945800
-0.785218
-0.905484
-0.681300
-0.562774
-0.086687
0.806389
1.112438
0.992142
0.966642
0.561116
-0.326625
-0.331714
-0.562325
-1.227695
-1.341695
-1.482517
-1.611299
-1.405390
-0.636600
-0.156889
0.482405
0.889324
1.163808
1.336385
1.518117
1.114361
0.719171
0.504335
0.187230
-0.115555
-0.275990
-0.321071
-0.608829
-0.657768
-0.691502
-0.705382
-0.708468
-0.192643
0.076846
0.295376
0.519806
0.895031
0.730915
0.777206
0.467249
0.229915
-0.020611
-0.096621
-0.138996
-0.190925
-0.322318
-0.637193
-0.769215
-1.158279
-1.092411
-0.834533
-0.374450
-0.039545
0.395439
0.676936
0.948023
0.966050
0.996639
0.906480
0.825789
0.404963
-0.011440
-0.275848
-0.538460
-0.858249
-0.858612
-0.624969
-0.707824
-0.608673
-0.289331
-0.035503
-0.180447
-0.006327
0.141383
-0.113667
-0.255110
-0.184028
-0.248138
0.041162
0.344477
0.651943
0.735798
0.936828
0.564455
0.249594
-0.219993
-0.425997
-0.398756
-0.117699
-0.213276
-0.220692
-0.139547
-0.329087
-0.765200
-0.514622
-0.310554
-0.517794
-0.816802
-0.562898
-0.624691
-0.579387
-0.221676
0.314145
-0.132104
0.014586
0.076551
0.138399
0.208005
0.789498
0.706962
0.711802
0.681146
0.441111
0.129264
-0.032037
-0.068349
-0.111781
-0.427327
-0.590118
-0.623992
-0.977023
-1.293426
-1.199100
-1.057075
-0.964199
-0.523821
0.151190
0.651209
1.015368
1.378110
1.533772
1.820268
1.357101
0.929551
0.400927
-0.007869
-0.829985
-0.894369
-0.896890
-0.721316
-0.663032
-0.561033
-0.373879
-0.304463
-0.332055
0.449574
0.480546
0.435605
0.534789
0.693027
0.155120
0.089017
0.597341
0.426885
0.142639
0.076904
-0.094183
-0.802701
-0.782217
-0.530303
-0.193421
-0.015533
0.249711
0.357411
0.237784
-0.310132
-0.357472
-0.422180
-0.559617
-0.148276
-0.092255
0.205397
0.490286
0.520023
0.351324
0.289589
0.289712
-0.025436
0.048690
0.063183
0.009773
0.046551
0.040646
0.281089
0.277715
0.356304
0.360719
0.375694
0.482719
0.073264
-0.101261
-0.241485
-0.369332
-0.541175
-0.425960
-0.022424
0.041370
0.145449
0.195500
0.202109
0.188787
-0.048042
-0.051466
0.007931
-0.038496
0.005510
-0.128910
0.063820
-0.015059
-0.054515
-0.077242
-0.046783
0.020789
-0.278827
-0.234701
-0.176800
-0.094285
-0.145062
-0.219636
0.023864
-0.061056
-0.268884
-0.161915
-0.309130
-0.281359
-0.380905
-0.058394
-0.168418
0.250468
0.300640
0.415712
0.847524
1.209667
1.286066
1.269703
1.124588
0.760329
0.212753
0.012927
-0.263872
-0.366756
-0.512033
-0.518427
-0.548567
-0.523710
-0.513668
-0.251763
-0.127208
0.151800
0.262591
0.371519
0.447899
0.566619
0.590448
0.726064
0.936670
0.905264
0.890101
0.843312
0.943105
0.899767
0.511221
0.299827
0.089602
-0.175548
-0.689344
-0.509159
-0.676841
-0.850886
-0.671227
-0.517279
-0.389192
0.001245
0.425918
0.466065
0.455932
0.433968
0.138300
0.093104
-0.268646
-0.213638
-0.214053
-0.226097
-0.225933
-0.201515
0.106796
-0.189934
-0.174583
-0.101329
0.005340
0.044150
0.153010
0.225541
0.255545
0.251674
-0.031174
-0.031574
0.288506
-0.116468
-0.175066
0.154355
0.110284
-0.332242
-0.193916
-0.123130
-0.559181
-0.482646
-0.467442
-0.462166
-0.571554
-0.533322
-0.581580
-0.058262
-0.075930
0.406788
0.485943
0.494439
0.484733
0.518227
0.260273
0.110293
0.316463
0.123814
-0.074642
0.007029
0.029156
0.134002
-0.096181
0.022681
0.192718
0.322407
-0.180554
-0.084735
0.215839
0.103064
0.008752
0.481332
0.319290
0.346680
0.024264
0.082503
0.166321
0.276454
-0.092687
0.042477
-0.031557
-0.495352
-0.315638
-0.403628
-0.393468
-0.579286
-0.420094
-0.574669
0.106952
0.065596
0.062420
0.114712
-0.208659
-1.038186
-1.051027
-0.188064
-0.162832
0.223780
0.640585
0.702415
0.162325
0.073211
-0.055949
-0.180702
-0.728359
-1.017004
-1.091194
-0.607455
-0.667426
0.032646
0.302307
0.342504
0.182272
0.241574
0.311443
0.287619
0.645034
0.702887
0.645427
0.647573
0.652070
0.582291
0.164163
0.173435
0.073705
0.031881
-0.141258
-0.308871
-0.138140
-0.238968
-0.355031
-0.250122
-0.159909
-0.006745
-0.222319
-0.132854
-0.097000
0.385397
0.381900
0.358096
0.577553
0.415003
-0.092605
-0.209457
-0.404117
-0.417417
-0.301868
-0.509545
-0.589472
-0.080588
-0.090457
-0.063084
0.402057
0.423334
0.514799
0.405578
0.344381
0.248472
0.347105
0.231072
-0.028868
-0.062912
-0.082728
-0.019649
-0.060293
0.340640
0.434071
0.597531
0.644751
0.522632
0.538690
0.463004
0.177797
0.027593
-0.117068
-0.101896
-0.382132
-0.362759
-0.368369
-0.444734
-0.463933
-0.493920
-0.175324
-0.118841
-0.024054
0.038622
0.097555
0.108518
-0.170076
-0.166761
-0.163351
-0.155303
-0.148761
-0.138590
0.142509
0.114472
0.092999
0.123426
0.087606
0.097054
-0.137267
-0.068333
-0.085323
-0.023930
-0.018440
-0.039082
0.150700
0.110507
0.082725
0.095658
0.078142
0.137212
-0.213952
-0.302663
-0.347418
-0.364356
-0.366535
-0.273016
0.103554
0.173472
0.211482
0.229254
0.283298
0.319875
0.045909
0.070889
0.127049
0.109899
-0.072190
-0.127164
-0.037274
-0.112510
-0.163399
0.041388
0.012336
0.288324
-0.009362
-0.001994
-0.153338
-0.056150
0.159059
0.089581
0.390299
0.486460
0.460047
-0.174842
-0.053494
0.237109
-0.020297
-0.054067
0.587110
0.533556
0.166185
0.143486
0.143356
-0.481950
-0.481298
-0.725409
-0.714440
-0.413091
-0.394964
-0.404303
-0.055372
-0.065241
-0.101085
-0.118310
-0.105716
-0.025261
0.101904
0.376588
0.510647
0.688495
0.499382
0.595435
0.268696
0.358571
0.207736
0.207330
-0.146571
-0.384012
-0.335586
-0.207767
-0.289578
-0.182791
-0.285063
-0.638672
-0.747637
-0.705357
-0.348836
0.039880
0.084404
0.043507
0.177733
-0.185828
-0.257192
0.027223
0.318335
0.350233
0.553708
0.215710
-0.083751
-0.398647
-0.790445
-1.018070
-0.824916
-0.545615
-0.318381
-0.068563
0.323441
0.649670
0.565916
0.578381
0.315014
-0.082286
-0.355926
-0.411254
-0.545723
-0.483279
-0.472741
-0.448490
-0.377348
-0.302575
-0.092984
0.292245
0.322307
0.553623
0.853734
1.095790
0.758729
0.561724
0.127198
-0.346477
-0.720715
-0.666216
-0.759179
-0.723574
-0.709899
-0.766140
-0.905672
-0.796516
-0.733569
-0.345991
-0.157529
0.106651
0.353090
0.543402
0.453266
0.520120
0.630592
0.683335
0.740675
0.727184
0.742303
0.490746
0.272993
0.261232
-0.112261
-0.442665
-0.365824
-0.333200
-0.383945
0.007305
0.414800
0.721603
0.935277
0.973013
0.872179
0.527960
0.262116
0.154328
0.353512
-0.207045
-0.284480
-0.713991
-1.109187
-1.777818
-1.665898
-1.554554
-1.134616
-0.873704
-0.401787
0.215263
0.323454
0.242187
0.449660
0.054547
-0.119553
-0.129973
-0.190584
-0.363003
-0.053997
-0.155830
-0.126138
0.010093
-0.003813
-0.086258
-0.105456
-0.318047
0.576044
1.580516
1.278802
1.167771
0.910844
-0.115892
-1.178711
-0.993072
-0.848542
-0.490552
0.085436
0.019299
0.394756
0.638125
0.518556
0.390681
0.393266
0.108960
-0.214489
-0.135124
-0.479085
-0.359181
-0.101426
-0.083156
-0.045201
-0.087191
-0.016045
0.021134
-0.026286
0.257038
0.056518
-0.208019
-0.317936
-0.359789
-0.384776
-0.259533
0.175724
0.241464
0.311452
0.303283
0.348066
0.373876
0.202457
0.330386
0.456812
0.248987
0.124406
-0.143009
-0.129314
-0.376253
-0.340455
-0.368529
-0.308821
-0.186285
-0.362732
-0.215018
-0.135023
-0.077233
0.044891
0.013459
0.267926
0.273118
0.257000
0.151154
0.220156
0.196261
-0.129028
-0.234386
-0.323748
-0.452330
-0.432889
-0.263949
0.228762
0.414687
0.456905
0.533685
0.357321
0.227700
-0.126917
-0.083468
-0.121633
-0.096801
-0.152324
-0.257998
-0.034429
-0.096458
-0.023705
0.218167
0.317391
0.378558
0.184798
0.221829
0.057921
0.024485
-0.080394
-0.201586
-0.067753
-0.138344
-0.204864
-0.280593
-0.355373
-0.341236
-0.686803
-0.750345
-0.599435
-0.508712
-0.451256
-0.015843
0.414518
0.473206
0.517415
0.574316
0.599661
0.689611
0.790647
1.159355
1.155854
0.765837
0.361482
-0.088312
-0.395765
-0.619343
-0.460106
-0.345171
-0.205977
-0.025513
0.058592
0.154859
0.231525
0.356230
0.392613
0.341609
0.363562
0.408026
0.344217
-0.152309
-0.115192
-0.556717
-0.553375
-0.495212
0.027125
0.190879
0.329092
0.384682
0.132869
-0.146875
-0.200849
-0.342268
-0.346264
-0.384871
-0.175102
-0.196147
-0.049736
-0.005152
0.007243
-0.000494
-0.228755
-0.094834
-0.010869
0.164714
0.226982
0.187268
0.438034
0.357533
0.202416
0.281263
0.264137
0.307096
-0.010638
0.015841
-0.428086
-0.433265
-0.483080
-0.397267
-0.148195
0.206517
0.219350
0.320817
0.252330
0.414689
0.229297
0.349539
-0.059628
0.016845
0.098522
0.087013
0.000479
0.041946
0.081319
0.026335
0.004180
-0.372028
-0.297951
-0.336245
-0.883438
-0.795730
-0.433443
-0.195912
-0.332202
-0.289878
-0.101343
-0.240213
-0.048699
0.128929
0.376147
0.258086
0.031916
-0.285923
-0.606650
-0.798387
-1.003855
-0.618339
-0.696680
-0.368109
-0.114748
0.131604
0.832513
1.429082
1.318861
1.270939
0.914943
0.465300
-0.147415
-0.053361
-0.103863
0.157364
-0.083340
-0.342084
-0.500121
-0.678817
-1.040844
-0.612978
0.128872
0.295222
0.205779
0.287063
-0.002476
-0.718056
-0.737429
-0.047599
0.120882
0.014865
0.673335
0.579975
0.445687
0.443443
0.651397
0.354397
0.302797
-0.130313
-0.130999
-0.573737
-0.766023
-0.700864
-0.805679
-0.789184
-0.535197
-0.450717
0.015424
0.610751
0.627491
0.823537
0.729071
0.497549
0.038036
-0.020620
-0.027915
-0.048843
-0.044073
-0.088853
0.205825
0.234750
0.220307
0.242794
0.202493
0.114538
-0.214494
-0.236376
-0.294939
-0.275046
-0.163826
-0.135446
0.176042
0.217974
0.178455
0.110116
0.007575
-0.128502
-0.431582
-0.392817
-0.406023
-0.338344
-0.154918
-0.171751
0.131307
0.149563
0.081867
0.027411
0.329148
0.344562
0.327111
0.687260
0.628501
0.246783
0.076629
-0.019637
-0.299091
-0.534260
-0.300037
-0.422641
-0.456053
-0.277151
0.076506
0.300036
0.379377
0.608003
0.760702
0.809212
0.453101
0.389685
0.313770
0.140228
-0.070782
0.014331
0.165659
0.076882
-0.084858
-0.111690
-0.063166
0.022437
-0.011572
0.173142
0.452672
0.386734
0.370028
0.020819
0.063414
-0.143154
-0.341854
-0.254955
0.013225
0.082607
-0.252821
-0.205135
-0.340882
-0.531420
-0.518877
-0.338464
0.037171
0.153481
0.261029
0.325700
0.274301
0.314376
0.043589
0.058910
-0.001673
-0.023237
-0.068600
-0.131310
0.117806
0.101758
-0.012483
-0.118922
-0.152472
-0.148879
-0.397810
-0.261097
-0.128670
-0.038226
0.003764
-0.011376
0.230115
0.202121
0.166578
0.186376
0.081788
-0.038230
-0.354164
-0.386158
-0.400604
-0.346267
-0.171977
-0.162224
0.170543
0.152731
0.234787
0.418991
0.565032
0.768215
0.424616
0.342648
0.054735
-0.088494
-0.557838
-0.478785
-0.249642
-0.211876
-0.239011
-0.031632
-0.143546
-0.068972
-0.284103
-0.230785
0.022726
0.129788
-0.067744
-0.029546
0.065925
-0.306834
-0.139985
0.212872
0.131882
0.332757
0.093812
-0.142391
-0.637811
-0.585673
-0.502484
-0.512899
-0.461201
-0.306751
-0.173458
-0.365319
0.030612
0.396344
0.609211
0.729473
0.693783
0.532976
0.419340
0.295851
0.062541
0.045306
-0.439958
-0.984805
-1.327473
-1.456498
-1.544839
-1.173879
-0.639725
-0.186774
0.150150
0.647186
1.038116
1.170758
1.496514
1.852614
1.288780
1.047429
0.664536
0.085663
-0.600185
-0.537515
-0.797363
-0.797363
-0.670004
-0.452985
-0.400459
-0.120773
0.093816
0.352733
0.095490
-0.133425
-0.190668
-0.303608
-0.260421
-0.035865
0.144454
0.148885
0.184186
-0.323110
-0.434160
-0.607103
-0.735931
-0.889106
-0.442173
-0.361229
0.316847
0.637449
0.951378
0.868293
0.929645
0.494928
0.329878
0.283435
0.091639
0.068926
0.226042
0.356478
0.436054
-0.034723
-0.312375
-0.639141
-1.190097
-1.561736
-1.149093
-0.824181
-0.497614
0.054791
0.474008
0.686145
0.920122
0.912444
1.470226
1.970855
1.303919
0.672348
0.156234
-0.635325
-1.394963
-0.893243
-0.564023
-0.332079
-0.220732
-0.155746
-0.308378
-0.413576
-0.241813
0.689772
0.296287
0.355744
0.436326
0.343671
-0.682266
-0.372854
-0.437378
-0.492640
-0.527456
-0.489508
-0.631913
-0.074015
-0.097896
0.421215
0.311912
0.356727
-0.157144
-0.152526
-0.248808
-0.311511
0.017819
0.315364
0.203042
0.238171
0.314089
0.548326
0.414555
0.641094
0.872949
0.705742
0.154815
0.068216
0.017397
-0.609871
-0.414317
0.040158
0.023316
0.284629
0.320667
0.402603
0.235862
0.141347
0.063075
-0.259346
-0.175663
-0.263451
-0.333116
-0.383235
-0.296533
-0.236410
-0.436866
-0.307919
-0.294721
-0.189122
-0.124615
-0.160785
0.187139
0.346490
0.257364
0.227761
0.096155
-0.058657
-0.557545
-0.589984
-0.584654
-0.595050
-0.576948
-0.709053
-0.089551
0.134209
0.393245
0.729831
0.827923
0.577594
0.308309
0.423081
0.193790
0.011024
-0.017596
-0.134330
-0.256543
-0.477563
-0.063271
-0.273911
-0.330319
0.004736
-0.102084
-0.166201
0.089670
0.250316
0.157530
0.478822
0.752763
0.879059
0.916881
0.755897
0.550673
0.393076
0.182620
0.184725
0.330235
-0.154448
-0.483120
-0.789868
-1.053003
-1.374748
-0.955112
-0.581416
-0.201184
0.179358
0.535056
0.759312
0.854682
0.929464
0.539655
0.104194
-0.142746
-0.342261
-0.610470
-0.451654
-0.292624
-0.119642
-0.071363
0.008282
0.199341
0.544779
0.742026
1.140923
1.466055
1.126396
0.951111
0.327009
0.143427
-0.386287
-0.067892
0.019514
0.196672
0.081331
0.313802
-0.073109
-0.368540
-0.305967
-0.156420
-0.032078
-0.002688
0.021115
-0.022702
-0.410602
-0.608624
-0.508656
-0.266863
-0.181698
-0.054377
0.159252
0.128165
-0.064450
-0.161694
0.031845
-0.312308
-0.397228
-0.456667
-0.412116
-0.404106
-0.316983
0.074885
0.381498
0.400895
0.529759
0.480275
0.610529
0.330364
0.342579
0.381026
0.159618
-0.077988
-0.321526
-0.131796
-0.367214
-0.421208
-0.186123
-0.337413
0.040350
-0.306738
0.136007
-0.359151
