4.641895
4.641895
3.238267
1.351337
-0.913986
-3.179309
-5.444633
-6.306328
-5.306697
-3.818132
-2.616368
-1.424390
-0.256712
-0.336184
-0.460719
-0.267056
-0.025326
0.364791
0.677168
0.883390
1.138732
1.257921
1.307760
1.177459
1.039843
0.799268
0.603692
0.406556
0.245897
0.019229
-0.069172
-0.256882
-0.600500
-0.759918
-0.622654
-0.530702
-0.233335
0.156181
0.443477
0.605229
0.659462
0.605537
0.530014
0.414385
0.323194
0.288916
0.335093
0.402704
0.508931
0.497838
0.432237
0.295154
-0.290792
-0.573478
-0.788557
-1.479812
-1.642741
-1.392951
-1.314307
-1.670188
-1.435604
-1.266132
-1.162126
-1.065139
-0.645501
0.121744
0.233418
0.685700
1.065610
1.586617
1.586473
1.767065
1.714915
1.591847
1.088214
0.808547
0.358593
0.115109
-0.082007
-0.251618
-0.182595
-0.258074
-0.161821
-0.455000
-0.433833
-0.443458
-0.428950
-0.639748
-0.742908
-0.527801
-0.646097
-0.869984
-0.676961
-0.759330
-0.682548
-0.885800
-0.727988
-0.852806
-0.059706
-0.068333
0.195229
0.560768
0.684321
0.422870
0.433553
0.425535
0.524092
0.653613
0.716739
0.987626
1.700199
1.654953
1.449564
1.250643
0.929137
0.056948
0.052357
0.128293
0.103437
-0.138549
-0.100415
-0.466926
-0.675727
-0.834838
-0.895558
-0.928719
-0.780040
-0.814790
-0.645453
-0.421340
-0.669113
-0.773876
-0.779859
-0.854621
-0.922369
-0.769639
-0.616420
-0.432645
0.613807
0.815608
0.938220
0.876109
0.610515
-0.538559
-0.679235
-0.715148
-0.697310
-0.425512
-0.047323
0.203756
0.407470
0.631792
0.797858
1.007056
1.018528
1.184958
1.205193
1.096527
0.745450
0.414487
-0.040579
-0.297339
-0.535122
-0.552055
-0.404393
-0.287625
-0.040567
-0.764235
-1.573424
-1.577527
-1.535363
-1.530394
-0.576890
0.378103
0.682801
0.828289
0.852686
0.814260
0.935407
0.701315
0.790049
0.904119
1.011596
0.670388
0.489409
0.353833
-0.046033
-0.331145
-0.370818
-0.501547
-0.790541
-0.895090
-0.841671
-0.817541
-0.780728
-0.516123
-0.553274
-0.586060
-0.599780
-0.700630
-0.662098
-0.494212
-0.407701
-0.415075
-0.195434
-0.156558
-0.025218
0.064749
0.333714
0.687756
0.793905
-0.043070
0.335793
0.498614
0.492302
0.529749
1.531306
1.284625
1.047142
1.059826
0.697019
0.565772
0.373955
-0.525483
-0.820668
-0.616113
-0.694217
-0.918408
-0.296646
-0.339702
-0.646383
-0.734236
-0.520988
-0.306326
-0.214819
0.082930
0.402683
0.520457
0.620301
0.694750
0.704618
0.640578
0.497540
0.526464
0.364092
0.306788
0.171010
0.113385
-0.093022
-0.709074
-0.869485
-1.149226
-1.241017
-1.084882
-0.730500
-0.523596
-0.646235
-0.277786
-0.223696
0.263664
0.383052
0.998267
1.104238
1.151912
1.184519
1.266709
1.177287
0.994258
0.342021
0.065880
-0.243950
-0.403057
-0.412348
0.035142
0.200909
0.047644
-0.521485
-0.698801
-1.077662
-1.092567
-0.848597
-0.153551
0.083208
0.438997
0.385359
0.311316
0.134760
0.051046
0.339415
0.583560
0.530710
0.463654
0.305940
-0.065491
-0.467004
-0.529049
-0.478497
-0.719698
-0.711486
-0.833271
-1.001681
-1.133968
-0.999351
-0.967995
-0.755390
-0.412857
-0.200001
0.003053
0.096015
0.169576
0.268439
0.708106
1.195517
1.308797
1.353262
1.432840
1.155982
0.773025
0.747133
0.692367
0.504397
0.236396
-0.096902
-0.477390
-0.809487
-1.096006
-1.333476
-1.469876
-1.537442
-1.468759
-1.437370
-1.250240
-0.982365
-0.557594
-0.274052
0.001245
0.192938
0.450033
0.577632
0.794383
1.157201
1.268718
1.224160
1.086580
0.906366
0.435983
0.310850
0.252685
0.244264
0.192628
0.246208
0.365159
0.215534
0.090098
-0.027984
0.371313
0.075055
-0.046063
-0.175677
-0.341869
-0.890512
-0.961485
-1.039276
-0.972026
-0.918490
-0.962108
-0.880712
-0.650513
-0.429311
-0.605712
-0.482467
-0.033024
0.198531
0.135655
0.541999
0.756391
0.779601
0.681855
0.686627
0.686761
0.500615
0.284792
0.281606
0.147683
0.116030
0.240826
0.039036
-0.179136
-0.316410
-0.489039
-0.720591
-0.686843
-0.649465
-0.520802
-0.638068
-0.735911
-0.916532
-0.710815
-0.195704
0.422414
0.788922
1.142035
1.109248
0.764340
0.466626
0.319166
0.234402
0.002117
-0.139225
-0.399663
-0.552907
-0.627548
-1.203658
-1.059136
-0.767880
-0.349067
-0.001954
0.963019
1.125976
1.111831
1.112043
0.992843
0.851960
0.759129
0.873843
0.812033
0.714390
1.007763
0.789267
0.531271
0.312647
-0.286156
-1.225712
-1.155857
-1.624416
-1.683023
-1.201416
-0.685501
-0.728723
-0.222145
0.112204
0.232377
0.422169
0.513661
0.247183
0.210043
0.198347
0.130130
0.167695
0.574274
0.479961
0.154078
0.171162
-0.169554
-0.101032
0.082541
0.625606
0.639111
0.815579
0.579147
0.234212
-0.086386
-0.257314
-0.415420
-0.470059
-0.613596
-0.751197
-0.893582
-0.837847
-0.357667
-0.282094
-0.171554
-0.068389
0.480625
0.488348
0.533218
0.819540
0.808719
0.451436
-0.034163
-0.114558
-0.428663
-0.500341
-0.415027
-0.228554
0.017443
0.169532
0.274627
0.325733
0.298092
0.337386
0.083460
0.001014
0.063357
0.101061
0.152685
0.206297
0.554790
0.579921
0.482547
0.396104
0.577622
0.610145
0.201361
0.031451
-0.261495
-0.587576
-0.785172
-0.891971
-0.641140
-0.362394
-0.245395
-0.207179
0.096467
0.137448
0.003431
0.150236
0.102201
-0.038377
-0.150781
-0.438256
-0.458679
-0.499846
-0.642167
-0.590647
-0.536982
-0.403441
-0.243467
-0.127160
0.044124
0.485708
0.507267
0.410852
0.693261
0.674746
0.646627
0.625155
0.696143
0.669955
0.607009
0.574273
0.598175
0.536664
0.308701
0.101691
-0.087182
-0.322066
-0.743211
-0.672968
-0.946425
-0.911555
-1.096949
-1.016339
-0.983329
-0.834554
-0.679423
-0.448064
0.017887
0.218369
0.631427
0.798084
1.041954
1.087636
1.076915
1.042313
0.895408
0.442307
0.282139
-0.113227
-0.233250
-0.338026
-0.327576
-0.331381
-0.070166
-0.038962
-0.400183
-0.447353
-0.447072
-0.414379
-0.378140
0.050673
0.472072
0.498479
0.175773
0.169823
0.062358
-0.017871
-0.480544
-0.610637
-0.749156
-1.003603
-0.948319
-0.458185
0.028337
0.175323
0.511647
0.511767
0.461780
0.587419
0.343569
0.093912
0.185265
0.268442
0.175306
0.060543
0.347290
0.243269
-0.141042
-0.171939
-0.173149
-0.187938
-0.527180
-0.550505
-0.519956
-0.497314
-0.488021
-0.506451
-0.208438
-0.275491
-0.302215
-0.246542
0.108823
0.175001
0.212517
0.560720
0.519213
0.563802
0.586681
0.302720
0.367139
0.430333
-0.045875
-0.014047
0.245231
0.183747
0.015814
0.293853
0.056922
-0.264415
-0.367598
-0.861102
-0.743919
-0.640914
-0.749937
-0.664765
-0.175637
-0.123779
-0.065971
0.312163
0.338262
0.390455
0.374324
0.360355
0.400696
0.343337
0.404412
0.606116
0.766084
1.111530
1.201432
1.205836
1.112551
0.425329
0.166996
-0.482036
-0.581295
-0.719102
-0.766954
-0.931816
-0.876754
-0.691314
-0.645169
-0.041657
0.193700
0.763130
0.695922
0.291649
0.281655
0.146119
-0.316365
-0.359569
-0.015896
-0.040442
-0.031945
0.424396
0.454793
0.565854
0.619951
0.601144
0.617283
0.654676
0.589737
0.599611
0.439859
0.255546
0.018674
-0.576395
-0.838565
-1.359014
-1.250332
-1.579261
-0.935694
-0.633910
-0.368550
-0.278527
-0.138427
-0.168987
-0.233191
0.219443
0.341956
0.835959
0.867364
0.808992
0.917782
0.824966
0.663449
0.617977
0.552860
0.331830
0.039145
-0.133955
-0.329448
-0.452500
-0.530580
-0.558571
-0.555442
-0.539506
-0.477486
-0.373194
-0.615490
-0.416364
-0.287806
-0.164112
-0.053529
0.492907
0.621898
0.748954
0.935378
1.090030
1.221873
1.286763
1.341598
1.159153
0.348562
-0.453987
-0.723214
-1.026524
-1.138469
-0.795570
-0.459817
-0.656379
-0.738677
-0.776303
-0.778661
-0.746008
-0.614393
-0.407676
-0.290634
-0.986965
-0.583226
-0.446160
-0.401146
-0.362363
0.553601
0.486147
0.513867
0.538570
0.491778
0.483407
0.415491
0.526567
0.564251
0.421554
0.346931
0.387477
0.215295
0.153119
0.359828
0.525811
-0.423029
-1.312649
-1.260840
-1.501965
-1.780314
-1.039866
0.021062
0.074426
0.178633
0.277930
0.176554
-0.094453
-0.296304
-0.168375
-0.001505
0.166497
0.175882
-0.579785
-0.682150
-0.843337
-1.537000
-1.207120
-0.087550
0.376864
0.822476
1.919792
1.955543
1.879743
1.662722
1.421934
0.972166
0.714240
0.387195
0.131406
-0.128651
-0.177455
-0.820768
-0.910268
-1.070978
-1.095041
-1.070510
-0.522582
-0.387264
-0.232609
-0.565207
-0.584515
-0.668738
-0.676567
-0.665950
-0.206042
0.113237
0.524448
0.813608
1.141498
1.391907
1.380353
1.337183
1.215065
1.018243
0.845606
0.603266
0.316013
0.146409
-0.080695
-0.363822
-0.555365
-0.643728
-0.760131
-0.815962
-0.776784
-0.742311
-0.771580
-0.747154
-0.653477
-0.527626
-0.407677
-0.305556
-0.211006
-0.009402
0.097567
0.236464
0.444676
0.625969
0.734147
0.782188
0.832237
0.833316
0.885279
0.848111
0.849763
0.831231
0.747795
0.577462
0.319010
0.007255
-0.292779
-0.482143
-0.620009
-0.655459
-0.532947
-0.402270
-0.344702
-0.270777
-0.174008
-0.428201
-0.273903
-0.068626
0.171835
-0.073417
0.010314
0.063917
-0.011733
-0.078895
0.346214
0.730382
0.728721
0.376926
0.317815
-0.158554
-0.184445
-0.686380
-0.774380
-0.847615
-0.777168
-0.942530
-0.728479
-0.456818
-0.556819
-0.389553
-0.376894
-0.321937
-0.222720
-0.148574
-0.086268
0.122671
0.276878
0.578324
0.781180
1.076334
1.226981
1.618302
1.635599
1.520947
1.402198
1.089927
0.634831
0.449183
0.432865
0.460053
0.563130
0.321514
-0.033041
-0.228444
-0.503770
-0.744327
-0.676669
-0.581461
-0.483860
-0.408410
-0.304316
-0.178220
-0.033442
0.193209
0.487542
-0.283675
-0.165338
-0.356489
-0.459894
-0.723042
0.044027
0.190413
0.403023
0.457726
0.533855
0.662764
0.553764
-0.253721
-0.286052
-0.381368
-0.189836
-0.160528
0.571216
0.566962
0.542317
0.221375
-0.090478
-0.312812
-0.683561
-0.912986
-1.019452
-1.774847
-1.646622
-1.477788
-1.340251
-0.996974
-0.003621
0.367697
0.878142
1.486333
1.768301
2.056246
1.929362
1.474394
0.939494
0.403203
0.109070
0.070784
0.150300
0.391893
-0.354463
-0.382910
-0.385539
-0.530168
-0.675235
-0.005215
-0.109127
-0.321718
-0.211676
-0.484652
-1.083734
-1.056689
-1.632224
-1.496918
-1.151700
-0.299252
-0.148025
0.664495
0.815133
0.949618
1.048134
1.200347
1.318544
1.238086
1.051278
0.897748
0.714431
0.504574
0.368817
-0.497896
-0.702925
-1.002920
-1.218865
-1.447550
-0.782076
-0.705477
-0.588885
-0.349085
-0.081225
0.266798
0.604196
1.000023
1.323520
1.203942
1.127847
0.810503
0.291701
-0.070978
-1.021897
-1.316362
-1.355822
-1.452959
-1.448522
-0.485542
-0.228827
-0.028752
0.398156
0.481820
0.339858
0.175345
0.077494
-0.050766
-0.130526
-0.044178
-0.047017
-0.131634
-0.248392
-0.421608
-0.505886
-0.407362
-0.296861
0.143852
0.628228
0.964038
1.219939
1.369669
1.333920
1.244180
1.106370
0.922836
0.842641
0.550410
0.399826
0.370775
0.104992
-0.148108
-0.255481
-0.628961
-1.015431
-1.202854
-1.139349
-1.185138
-1.076007
-0.745670
-0.384990
-0.344997
-0.158916
0.011235
0.038441
0.030415
0.246677
0.867996
1.068388
1.676666
2.463517
2.536099
1.915382
1.895072
0.908255
0.141433
-0.009777
-0.405434
-0.478204
-0.513789
-0.453566
-0.984561
-0.963780
-1.178166
-1.410500
-1.586142
-1.129969
-0.680572
-0.477797
-0.164625
-0.062672
-0.171170
-0.196497
-0.568259
-0.636312
-0.564590
-0.113757
-0.108826
0.058082
0.526715
0.519883
0.026373
0.000840
-0.004983
-0.453386
-0.877408
-1.107629
-1.094076
-1.263594
-0.527559
0.220471
0.943194
1.006011
1.233070
1.027659
1.004085
0.712291
0.717337
0.894374
0.812186
0.053864
-0.056004
-0.277188
-0.269549
-0.227063
0.053158
0.193516
0.268501
0.293451
0.039586
-0.176528
-0.242091
-0.562816
-0.617756
-0.742145
-0.294432
-0.173873
0.240440
0.179048
0.364078
0.192666
-0.001987
-0.130434
-0.169921
-0.486921
-0.453756
-0.707165
-0.588405
-0.455613
-0.319785
-0.224231
-0.211330
-0.157721
-0.313250
-0.055798
-0.027946
0.339690
0.346444
0.151086
0.337242
0.415219
0.080951
0.079762
0.392498
0.258549
0.346002
0.852080
0.782663
0.875890
0.754461
0.583533
0.202750
0.056709
-0.322931
-0.352523
-0.878961
-0.808805
-0.966008
-1.037341
-0.903516
-0.746865
-0.600373
-0.383259
-0.012476
0.067616
0.264100
0.283771
0.523529
0.677743
0.673819
0.863021
0.857668
0.717965
0.490425
0.091605
0.061776
0.069074
-0.021389
0.010287
0.041987
-0.020548
-0.486250
-0.773820
-0.784993
-0.750499
-0.705756
-0.652575
-0.342575
-0.385800
-0.494585
-0.475385
-0.116876
0.114803
0.214451
0.643846
0.742975
0.750355
0.707571
0.398026
0.498314
0.490808
0.149720
0.069055
0.427165
0.280335
0.240315
0.325367
0.169671
-0.247814
-0.289174
-0.391880
-0.175994
-0.068963
-0.006524
0.034572
-0.064308
-0.013558
-0.325317
-0.386420
-0.250889
-0.229547
-0.212370
-0.231075
0.172392
0.084130
-0.106085
-0.108104
-0.016587
0.011227
-0.365894
-0.397244
-0.437183
-0.447364
-0.491155
-0.154678
0.215631
0.254481
0.532346
0.467681
0.467846
0.400049
0.374904
0.349390
0.329758
0.274190
0.263062
0.141311
0.334948
0.526327
0.371649
0.390050
0.075057
-0.029112
-0.462662
-0.536993
-0.498321
-0.443754
-0.467784
-0.540155
-0.270393
-0.300166
-0.238560
-0.249704
0.159911
0.248319
0.407887
0.874174
0.866205
0.817281
0.776840
0.584079
0.312510
0.181405
-0.191826
-0.280402
-0.618091
-0.625408
-0.771660
-0.652902
-0.795767
-0.626550
-0.587074
-0.493395
-0.205564
0.070632
0.349293
0.612670
0.642419
0.787661
0.537937
0.345249
0.240233
0.124287
-0.137288
-0.189091
-0.104720
-0.246400
-0.352323
-0.289601
-0.382959
-0.376393
-0.416385
-0.096361
-0.064179
0.311459
0.404100
0.363766
0.389635
0.355931
-0.013748
-0.094926
-0.204613
-0.216491
-0.465513
-0.417408
-0.356913
-0.339602
-0.301988
0.005729
0.364906
0.395899
0.566459
0.572410
0.338256
0.318093
0.020379
-0.118131
-0.159040
-0.198465
-0.294297
-0.299492
-0.054992
0.000940
0.012811
0.086994
0.283534
0.253953
0.174868
0.170414
0.193111
-0.012729
-0.065690
-0.306477
-0.067765
-0.119182
-0.120627
-0.040179
0.002533
0.030897
-0.046287
0.136447
0.124968
0.040962
-0.053097
-0.313948
-0.320490
-0.399239
-0.432170
-0.408705
-0.108275
-0.054035
-0.229632
-0.124031
-0.025430
-0.034379
0.037765
0.034857
0.310379
0.287720
0.264198
0.248896
0.246332
0.245800
-0.017114
-0.181014
-0.177238
-0.181440
-0.135163
-0.094869
0.057372
-0.049219
-0.294801
-0.466667
-0.359154
-0.317958
-0.062811
0.621475
0.688830
0.371948
0.334943
0.045179
-0.093159
-0.029377
0.595962
0.616504
0.963111
0.874937
0.639214
0.198301
0.207755
-0.258149
-0.267385
-0.326140
-0.107672
-0.035676
-0.103034
-0.010624
0.085320
0.008324
-0.362329
0.115481
0.034181
-0.232493
-0.262010
-0.474889
-0.780960
-0.848876
-1.010841
-1.033674
-1.010706
-0.812831
-0.306821
0.208363
0.566106
1.231723
1.264021
0.867985
0.991122
0.786472
0.680294
0.569357
0.531200
0.501645
0.436621
0.342168
0.232223
-0.039026
-0.198614
-0.693636
-0.716845
-0.711424
-0.632368
-0.559739
-0.170366
-0.038283
-0.296662
-0.438323
-0.334174
-0.109801
0.033629
0.498066
0.948892
0.996597
0.916687
0.756686
0.348444
0.326323
-0.147441
-0.506335
-0.528119
-0.590942
-0.718891
-0.364198
-0.099917
-0.207108
0.297616
0.263141
0.466020
0.512876
0.797709
0.522063
0.593375
0.157235
0.204642
-0.301880
-0.164370
-0.134489
-0.171738
-0.227481
-0.162795
-0.096826
-0.354622
-0.275854
-0.322679
-0.274383
-0.449640
-0.408701
-0.311022
-0.317396
-0.323325
-0.407731
-0.439863
-0.163345
-0.262552
-0.262133
0.111547
0.265580
0.131466
0.124157
0.404886
0.289921
0.150359
0.187832
0.187433
0.220812
0.085026
0.268523
0.289381
0.400148
0.057333
0.041544
0.091750
0.034468
0.009746
0.198736
-0.166044
-0.270676
-0.672198
-0.956265
-1.049524
-0.825618
-0.753546
-0.401833
0.050598
0.247540
0.459336
0.544870
0.801867
0.789874
0.748496
0.792409
0.783245
0.329002
0.301798
0.025391
-0.009130
-0.033769
0.151136
0.223173
0.235370
0.218667
-0.152858
-0.427129
-0.528359
-0.542974
-0.531134
-0.401834
-0.008795
0.108460
0.164905
0.222701
0.373786
0.321157
-0.011461
-0.015367
-0.006473
-0.139503
-0.329961
-0.293408
-0.285457
-0.554977
-0.584650
-0.602586
-0.660331
-0.384871
-0.264031
-0.076227
0.129620
0.299131
0.222687
0.328436
0.413620
0.459799
0.290721
0.300955
0.298405
0.218270
-0.162628
-0.239624
-0.275327
-0.499365
-0.499351
-0.415661
-0.178589
-0.237029
-0.372810
-0.332047
-0.365124
-0.145831
-0.238697
-0.102915
-0.003228
0.049150
0.079177
0.307681
0.715228
0.837569
1.165276
1.082836
1.045433
0.866311
0.250181
-0.238595
-0.311702
-0.714867
-0.809430
-0.895271
-0.515815
-0.543504
-0.285260
-0.230874
0.208794
0.218038
0.277884
0.462322
0.584721
0.680830
0.713564
0.681199
0.639252
0.568800
-0.233474
-0.211987
0.197441
0.197448
0.059638
0.833334
0.685008
0.461304
0.365668
-0.208309
-0.373747
-0.384617
-1.102095
-1.113246
-0.842484
-0.793621
-0.285255
0.658492
0.759364
1.202409
1.243325
0.685255
0.270970
0.283336
-0.371404
-0.151397
0.052327
0.163413
-0.287830
-0.080082
-0.087710
-0.265156
-0.269018
-0.410799
0.001680
-0.159123
-0.741092
-0.962852
-1.078990
-1.252259
-1.365314
-0.826288
-0.851037
-0.758378
-0.594922
-0.139997
-0.018401
0.084818
0.480586
0.496189
0.482078
0.515802
0.553170
0.694446
0.696641
-0.034797
0.017358
-0.266704
-0.139554
-0.112249
0.180366
0.159898
0.564149
0.628850
0.347641
0.190517
0.194258
0.102192
-0.054594
0.179579
0.440824
0.444049
0.362073
0.335415
0.396372
0.204154
-0.126241
-0.354091
-0.391400
-0.742346
-0.508313
-0.450598
-0.157380
-0.046778
0.046666
0.089413
0.147968
0.285236
0.019221
0.224157
0.184836
0.144889
0.015099
0.049404
0.056252
0.066172
0.066380
0.086367
0.092072
0.107549
-0.247740
-0.331070
-0.417948
-0.390256
-0.457909
-0.453356
-0.233049
-0.259562
-0.404632
-0.404234
-0.389086
-0.289727
-0.461063
-0.405789
-0.272350
0.076784
0.224962
0.788720
1.195426
1.270957
1.231254
1.156047
0.262915
0.069939
-0.269226
-0.416361
-0.590707
-0.014871
-0.110041
-0.102776
-0.037897
0.017578
0.308395
0.363460
0.231948
0.166717
0.159894
-0.018228
-0.020681
0.264232
0.307675
0.313772
0.221969
0.367250
-0.201547
-0.041599
0.516760
0.584794
0.644737
1.334023
1.267677
0.312893
0.101184
-0.097545
-0.304390
-0.394100
-0.516414
-0.480652
-0.905512
-0.775170
-0.688202
-0.170266
-0.044091
0.503575
0.524840
0.530333
0.649558
0.742520
0.474719
0.557328
0.229905
0.228057
-0.183205
-0.279238
-0.407342
-0.456066
-0.566301
-0.348005
-0.061921
-0.059409
-0.039619
-0.034656
-0.285182
-0.208708
-0.240337
0.046631
0.080028
0.352179
0.336702
0.022350
0.120682
0.150200
-0.087088
-0.101505
0.023909
0.053547
-0.195452
-0.128475
-0.014192
-0.008869
-0.041310
-0.072570
0.244633
0.239663
0.252374
0.260964
0.532952
0.464438
0.010237
-0.165977
-0.310419
-0.699277
-0.788373
-0.783917
-0.516071
-0.526417
-0.474834
-0.462363
-0.259325
-0.123562
-0.024201
0.275265
0.280152
0.476554
0.417073
0.404031
0.431057
0.502795
-0.006801
0.025218
-0.380089
-0.189762
-0.267167
0.167929
0.292606
0.423083
0.300324
0.358165
0.370124
0.245228
0.387466
0.207785
-0.306345
-0.334413
-0.800771
-1.133835
-1.025515
-0.317583
-0.326661
0.174398
0.698158
0.714159
0.108808
0.171287
-0.343204
-0.348429
-0.389024
-0.380600
-0.305137
0.249530
0.276305
0.174438
0.523313
0.408123
-0.018288
-0.096848
-0.350154
-0.327379
-0.283861
0.128368
0.192162
0.531817
0.531104
0.530531
0.498049
0.525446
0.798723
0.821504
0.746961
0.672539
0.456321
-0.245299
-0.271530
-0.662617
-0.683688
-0.825825
-0.404159
-0.376763
-0.280840
-0.187705
0.086830
0.162022
0.026769
0.084447
0.102073
-0.205700
-0.247183
-0.362968
-0.047432
-0.025135
0.048459
0.067791
0.095568
0.143485
-0.128011
-0.101894
-0.106141
0.165713
0.039740
0.185940
0.346614
0.254042
-0.101106
-0.092315
-0.280287
-0.227069
-0.394783
-0.337291
-0.225670
-0.021709
0.034786
0.066851
0.392620
0.422381
0.270207
0.300876
0.315511
0.361788
0.000834
-0.081531
-0.142956
-0.273309
-0.410922
-0.309874
-0.095864
-0.209972
-0.175150
-0.232856
-0.366581
-0.389185
-0.361486
-0.393606
-0.351181
-0.119593
-0.065735
-0.006772
0.346948
0.324052
0.296482
0.387825
0.110401
0.152401
0.286053
0.130168
0.141489
0.511640
0.527498
0.524084
0.784984
0.754136
0.423527
0.343298
0.108427
0.058937
-0.333491
-0.411621
-0.500085
-0.493162
-0.546875
-0.529351
-0.304391
-0.306100
-0.469515
-0.427249
-0.345304
-0.179862
-0.080271
0.064539
0.216868
0.559389
0.537071
0.292864
0.556952
0.593027
0.339250
0.381388
0.397845
0.373950
0.028141
-0.034209
-0.162372
-0.222953
-0.472216
-0.394771
-0.235974
-0.290310
-0.418087
-0.392130
-0.678420
-0.700478
-0.671303
-0.340421
-0.211495
0.161708
0.318214
0.337545
0.551332
0.766278
0.680821
1.031926
1.352317
1.427460
1.315966
1.491081
1.236949
0.441904
0.137113
-0.502180
-0.558954
-0.695171
-0.521215
-0.545970
-0.673269
-0.826798
-1.015879
-0.894062
-0.914054
-0.576981
-0.480810
-0.409016
-0.246127
-0.161042
0.099912
0.264780
0.319975
0.530368
0.442438
0.340162
0.400988
0.298880
0.290612
0.281869
0.587722
0.547306
0.475721
0.441852
0.610551
0.530670
0.177437
0.189409
-0.122972
-0.614595
-0.851835
-1.102193
-1.117667
-1.134266
-1.115957
-1.079656
-0.704957
-0.546998
-0.345471
0.100270
0.420039
0.822961
1.026427
1.185654
1.395081
1.417114
0.967798
1.019144
0.641910
0.470090
-0.022350
-0.180279
-0.351364
-0.173583
-0.271630
-0.410170
-0.178790
-0.290812
-0.342616
-0.312017
0.065731
0.141710
0.269307
0.430814
0.491418
0.561473
0.570867
0.039248
0.043922
-0.041827
-0.068550
-0.504307
-0.417028
-0.393412
-0.859630
-1.292277
-0.819589
-0.858833
-0.997692
-0.452447
0.012464
0.017239
0.484256
0.565640
0.307303
0.232948
0.110864
0.001217
-0.039321
0.206013
0.380723
0.185081
0.384430
0.527919
0.305429
0.378653
0.451145
0.448594
0.142045
0.219015
-0.015188
-0.314573
-0.443105
-0.684746
-0.550433
-0.502673
-0.379048
-0.358112
0.056660
0.087593
-0.137266
-0.010139
0.081064
0.030401
-0.011315
0.202469
0.487385
0.385662
0.137008
0.120686
-0.174496
-0.273978
-0.608784
-0.656786
-0.669677
-0.623554
-0.503534
-0.209069
0.153056
0.239264
0.258034
0.237462
0.304191
0.347735
0.334785
0.377435
0.404715
0.126107
0.090328
-0.219795
-0.054954
-0.170182
-0.131754
-0.211707
-0.247497
-0.258757
-0.468581
-0.526002
-0.414592
-0.309248
-0.181201
-0.113857
0.210579
0.191942
0.185976
0.202685
0.365028
0.347791
0.242184
0.378164
0.367421
0.171841
0.236873
0.076906
0.107360
0.028906
0.239007
0.063421
0.226661
0.210368
0.060508
0.224226
0.239588
-0.049031
-0.029970
-0.269209
-0.513400
-0.551733
-0.550314
-0.542115
-0.480209
-0.363245
-0.284757
0.041883
0.155436
0.387722
0.425354
0.184375
0.286067
0.287410
0.175578
0.190491
0.253649
0.202127
-0.129747
-0.201792
-0.269605
-0.369736
-0.385431
-0.285751
-0.274346
-0.275851
-0.168627
-0.136104
-0.186662
0.112460
-0.055376
-0.045389
0.021127
0.296859
0.359277
0.615188
0.847224
0.794564
0.572454
0.441084
0.010133
-0.085344
-0.425827
-0.570459
-0.565197
-0.542006
-0.549360
-0.508490
-0.192656
-0.149569
-0.091016
-0.013429
0.133279
0.143112
-0.097357
-0.090013
-0.045951
0.014414
0.047562
0.072666
0.414617
0.433394
0.294864
0.391077
0.445694
0.463682
0.236101
0.306380
0.082170
0.221359
0.078761
-0.077810
-0.031329
-0.011076
-0.372297
-0.395918
-0.431728
-0.380211
-0.657001
-0.610623
-0.371009
-0.006696
-0.201175
0.161643
0.614230
0.549089
0.275887
0.619203
0.579192
0.241398
-0.136495
-0.161940
-0.287021
-0.597142
-0.479776
-0.453726
-0.301296
-0.410737
-0.314254
-0.215379
-0.018835
0.205689
0.170781
0.235080
0.326626
0.450038
0.405452
0.654239
0.699451
0.520175
0.368767
0.334162
0.140404
0.276829
0.031161
-0.242009
-0.280390
-0.567732
-0.679517
-0.695735
-0.382938
-0.378692
-0.381153
-0.182653
0.062377
0.107248
-0.120910
-0.013262
-0.102568
-0.212043
-0.141436
-0.071275
0.252337
0.291437
0.308151
0.256947
0.217301
0.220238
0.345359
0.695235
0.690589
0.920494
0.940883
0.723118
0.546483
0.520155
0.156684
0.052972
-0.244810
-0.328308
-0.683489
-0.683765
-0.686728
-0.617449
-0.574977
-0.544057
-0.193842
-0.142760
-0.168137
-0.097557
0.004826
0.032702
-0.194053
-0.124516
-0.089407
-0.027780
0.033942
0.130396
0.333688
0.308174
0.224202
0.136243
-0.016304
-0.008036
-0.308954
-0.347609
-0.369975
-0.412768
-0.467970
-0.557225
-0.194250
-0.094499
0.193909
0.309059
0.504356
0.456351
0.115315
-0.097555
-0.130035
-0.145386
-0.114387
-0.045327
0.227737
0.215394
0.193603
0.141303
0.212973
0.119548
-0.163364
-0.215106
-0.215537
-0.171984
-0.038357
-0.004024
0.292673
0.328595
0.202665
0.135374
0.179884
0.136529
-0.281430
-0.468973
-0.561517
-0.755136
-0.827043
-0.925995
-0.660609
-0.704914
-0.749444
-0.689934
-0.191885
-0.046959
0.121282
0.584234
0.693039
1.041217
1.126995
1.162396
1.160928
1.146603
0.788138
0.653249
0.567031
0.538472
0.379880
0.294362
0.210354
-0.191867
-0.315604
-0.438111
-0.457894
-0.428914
-0.305251
-0.395628
-0.698422
-0.738934
-0.822493
-1.019971
-0.883224
-0.425349
-0.285077
-0.441517
0.154086
0.344430
0.054951
0.130489
0.168875
0.182382
0.193023
0.605830
0.596770
0.545090
0.454767
-0.022339
-0.120253
-0.217554
-0.280295
-0.297650
0.282710
0.306482
0.297061
0.588601
0.552732
0.270834
0.265508
0.253659
0.312204
0.301155
-0.044146
-0.165113
-0.270578
-0.249344
-0.412109
-0.217357
-0.092180
-0.346168
-0.225079
-0.349485
-0.108677
-0.050799
0.075733
0.101146
0.177137
0.244302
-0.117676
-0.093502
-0.135312
0.036002
-0.038252
0.281059
0.562398
0.493893
0.257193
0.137962
0.023201
-0.059237
-0.160192
-0.256185
-0.249610
-0.508437
-0.470713
-0.631009
-0.243548
-0.146695
-0.002055
0.143168
0.143447
0.187194
-0.130446
-0.197689
-0.211294
-0.212125
-0.031127
-0.081078
0.367891
0.376482
0.060944
-0.225898
0.009586
-0.225584
-0.479776
-0.056568
0.026417
-0.022480
-0.038926
-0.027555
-0.015000
-0.187997
-0.232233
-0.145992
-0.001916
0.273488
0.342064
0.443302
0.416518
0.280527
0.122146
0.273227
0.524930
0.624105
0.816550
0.860127
0.875002
0.736899
0.474729
0.668938
0.602097
0.558507
0.564526
0.809797
0.570686
0.656255
0.290027
0.344277
-0.031129
-0.087606
-0.558667
-0.602930
-0.663493
-0.570619
-0.655803
-0.632011
-0.326479
-0.412125
-0.544972
-0.484679
-0.152492
-0.095724
-0.319551
-0.251634
-0.146380
-0.284108
-0.192386
-0.017810
0.411605
0.432917
0.398738
0.382655
0.285453
0.194543
-0.096692
-0.058768
-0.134260
-0.165653
-0.258673
-0.144593
0.018794
0.007341
0.192286
0.209227
0.290174
0.341685
0.070684
-0.116073
-0.051366
-0.253548
-0.245890
-0.182274
0.057522
0.055078
0.011021
0.030537
-0.005021
0.050325
-0.195976
-0.220809
-0.282396
-0.231966
-0.248524
0.006788
0.291084
0.327869
0.317215
0.309288
0.010369
0.003327
-0.193275
-0.096312
-0.079980
-0.074845
-0.051405
-0.077250
0.045433
0.000527
0.073219
0.118684
0.096702
0.147206
-0.064719
-0.109093
-0.134826
-0.035767
-0.131131
-0.240045
-0.032487
-0.058315
-0.186766
-0.096896
0.318517
0.359126
0.363032
0.642538
0.648233
0.317699
0.230385
-0.065967
-0.268746
-0.473424
-0.479466
-0.608269
-0.497779
-0.417820
-0.606569
-0.454713
-0.370442
-0.551397
-0.561284
-0.267639
-0.082463
0.096668
0.762470
0.982929
1.136220
1.151312
1.305648
0.925351
0.837599
0.490458
0.342600
-0.136839
-0.131246
-0.229669
-0.244544
-0.305174
-0.353872
-0.501053
-0.845727
-0.983493
-0.979400
-0.775472
-0.630534
-0.271766
0.131739
0.233976
0.059887
0.197930
-0.004514
0.145874
-0.007073
0.398726
0.551935
0.660336
0.678136
0.632096
0.573777
0.416466
0.294670
0.100181
0.302059
0.226339
0.122603
0.370758
0.360680
-0.044991
-0.208140
-0.550349
-0.610703
-0.635932
-0.515997
-0.380684
-0.291134
-0.197414
-0.434124
-0.238049
-0.183316
-0.189222
-0.053128
0.347410
0.627177
0.794496
1.066820
1.013093
0.700759
0.540740
0.132109
-0.047617
-0.122775
-0.136416
-0.230831
-0.281520
-0.145211
-0.233400
-0.165896
-0.426587
-0.410246
-0.345522
-0.571473
-0.732103
-0.418585
-0.483607
-0.542755
-0.563209
-0.262620
-0.268768
-0.261014
-0.091813
0.267200
0.467401
0.272920
0.342140
0.340428
0.275301
0.069435
0.200967
0.350730
0.165091
0.259344
0.270525
0.277272
0.441750
0.598048
0.462409
0.483289
0.710631
0.659049
0.643581
0.690851
0.702057
0.301709
0.276164
-0.063148
-0.021635
-0.388574
-0.465300
-0.437456
-0.564845
-0.633864
-0.338527
-0.049508
-0.070425
-0.043050
-0.001110
0.048638
0.102356
-0.195111
-0.110691
-0.079718
-0.046769
-0.053191
-0.146752
0.135021
0.082765
-0.284584
-0.248843
-0.186178
-0.190150
-0.525101
-0.567297
-0.619658
-0.250484
-0.173472
-0.073356
0.362112
0.450068
0.229546
0.182922
0.088288
0.041884
0.201027
-0.109881
-0.115953
0.214706
0.231048
-0.085479
0.373467
0.339851
0.418055
0.477810
0.465867
0.506827
0.169497
-0.288564
-0.449795
-0.622313
-0.778656
-0.509900
-0.206703
-0.238290
-0.071194
-0.031650
-0.812834
-0.494406
-0.420941
-0.485443
-0.192878
1.311668
1.180058
0.294306
0.404424
0.149239
-0.582317
-0.645092
0.224159
0.265975
0.331197
0.407631
0.525493
0.200223
0.251546
0.334133
0.292639
0.155103
0.386709
0.341011
0.338920
0.517586
0.570431
0.225257
0.318896
-0.196006
-0.240908
-0.359060
0.057634
-0.042298
0.371874
0.341381
-0.171626
-0.224966
-0.275298
-0.726247
-0.808600
-0.683434
-0.585438
-0.865339
-0.396050
-0.375884
-0.014668
0.084370
0.211936
0.296323
0.151867
0.091846
0.111776
0.100417
0.100299
0.039356
0.254181
0.249678
0.265325
0.305781
0.319060
0.300164
0.293285
0.568823
0.493941
0.455017
0.343539
-0.113795
-0.325489
-0.478660
-0.585371
-0.634551
-0.593219
-0.446406
-0.436577
-0.176426
-0.045358
-0.001375
0.026487
0.129135
0.257676
0.277613
0.318096
0.340534
0.088088
0.142868
-0.248619
-0.258534
-0.251441
-0.175138
-0.243865
-0.278599
-0.069631
-0.163094
0.010814
-0.018232
0.469879
0.497536
0.466542
0.416191
0.401183
0.192398
0.233178
-0.085734
-0.045473
-0.011330
0.105116
0.112448
0.528580
0.539783
0.193444
-0.204778
-0.195587
-0.226847
-0.201105
-0.060051
0.416276
0.469626
0.108175
0.100644
0.017820
0.011369
-0.344572
-0.295953
-0.332158
-0.342827
-0.488889
-0.577382
-0.342795
-0.384509
-0.396201
-0.307094
0.073054
0.210964
0.074762
0.201288
0.267454
0.062685
0.052104
0.032430
0.223798
0.142057
0.059278
0.054599
0.059160
0.169865
0.048538
0.244576
0.259928
0.249459
0.180967
0.062897
0.162350
0.110293
0.057555
-0.004760
-0.030423
-0.103981
-0.466306
-0.554999
-0.576625
-0.510818
-0.538986
-0.302450
0.065089
0.059246
-0.057668
-0.029319
-0.186428
-0.219149
-0.380453
-0.319018
-0.232671
-0.190521
-0.043493
0.008502
0.261709
0.256019
0.209685
0.132047
0.382397
0.466546
0.451708
0.836313
0.843614
0.390557
0.245238
-0.196272
-0.166737
-0.034909
0.071557
0.025608
-0.079901
-0.307371
-0.615415
-0.507455
-0.515601
-0.058799
0.052359
0.142049
0.238479
0.307675
0.401966
0.416511
0.484168
0.536421
0.780259
0.846148
0.964222
0.982545
0.893878
0.608939
0.375430
0.081426
-0.118875
-0.181964
-0.229979
-0.158736
-0.497738
-0.745005
-0.651916
-0.894604
-0.849087
-0.711157
-0.274631
-0.174908
-0.046751
0.050090
0.200404
0.252606
-0.003901
0.026333
0.033792
0.008101
0.024070
0.042297
0.348106
0.334680
0.309520
0.187344
0.130004
0.023394
-0.352091
-0.419078
-0.447822
-0.575378
-0.572118
-0.578807
-0.279970
-0.255121
-0.096509
-0.016778
0.370637
0.438952
0.305609
0.300462
0.325007
0.071783
0.101167
0.052419
0.323293
0.258621
0.611296
0.499908
0.620145
0.510989
0.396567
0.111958
0.043629
-0.227725
-0.252222
-0.495309
-0.477407
-0.465731
-0.433713
-0.330407
-0.232675
-0.111028
-0.236980
-0.104374
-0.037119
-0.052368
-0.046950
-0.114419
0.121205
0.080185
0.117674
0.105306
0.140130
0.153380
0.077022
0.239074
0.304494
0.342477
0.328227
0.089289
0.113014
0.015270
-0.082191
-0.203135
-0.277605
-0.347215
-0.619054
-0.609611
-0.485608
-0.345805
-0.201495
-0.100798
0.226135
0.201102
0.217455
0.177005
0.394496
0.393458
0.192398
0.183885
0.167543
-0.081394
-0.054460
-0.056739
0.179322
0.233801
0.269542
0.217603
0.163987
0.089505
-0.208458
-0.331646
-0.410668
-0.464001
-0.465229
-0.460453
-0.109243
0.001178
0.165312
0.247137
0.558448
0.622227
0.449443
0.416608
0.432874
0.219861
0.121098
0.001563
0.146415
0.066259
-0.109738
-0.162465
-0.038228
-0.106430
-0.454493
-0.501965
-0.500861
-0.642955
-0.566347
-0.405053
0.010139
0.092654
0.366756
0.430020
0.371359
0.354053
0.196789
0.030561
-0.045270
-0.068500
-0.075345
-0.144949
0.032676
0.100501
0.159818
0.192992
0.157870
0.164759
-0.134755
-0.151916
-0.122466
0.084430
0.072606
0.320783
0.537778
0.440440
0.116837
0.027168
-0.315403
-0.340061
-0.616496
-0.567218
-0.503161
-0.192331
-0.080919
0.222833
0.534799
0.578861
0.362758
0.300595
0.051655
0.019336
-0.232200
-0.206452
-0.451234
-0.458746
-0.707988
-0.733417
-0.521170
-0.272808
-0.178734
0.080368
0.101765
0.200777
0.244723
0.389982
0.419665
0.617346
0.494699
0.129376
0.053046
-0.064739
-0.301648
-0.238540
-0.101093
0.061595
0.014336
0.150770
0.324252
0.333350
0.365633
0.366661
0.595924
0.543546
0.623716
0.626930
0.561662
0.497078
0.189268
0.103792
-0.295343
-0.432762
-0.555766
-0.714255
-0.613587
-0.397412
-0.401045
-0.337557
-0.345763
-0.287102
-0.513734
-0.506284
-0.410569
-0.277153
-0.456335
-0.379456
0.047984
0.060601
0.056180
0.344257
0.380451
0.352855
0.108765
0.149083
0.171796
0.170586
0.202241
0.000391
0.084842
-0.105283
-0.228447
-0.379580
-0.307748
-0.268761
-0.462280
-0.442981
-0.406665
-0.302842
-0.255132
-0.126925
0.310995
0.443083
0.530168
0.618468
0.601891
0.521248
0.222661
0.122581
0.088541
0.049428
0.033191
0.027535
0.291473
0.293003
0.309140
0.323564
0.234657
0.218023
-0.157719
-0.267024
-0.330391
-0.436928
-0.517566
-0.578046
-0.260657
-0.216678
-0.074600
0.027330
0.207222
0.347479
0.129259
0.243660
0.079130
0.142676
-0.151087
-0.075292
-0.064180
-0.074310
-0.116225
-0.133946
-0.199158
-0.227648
-0.282661
-0.286344
-0.082108
-0.021804
-0.173875
-0.281046
-0.074366
-0.085868
-0.240186
0.119557
0.121591
0.106100
-0.186628
-0.179390
-0.434975
-0.323063
-0.255590
-0.135025
0.146503
0.385762
0.389555
0.336270
0.312574
0.303169
0.327468
0.547310
0.588461
0.617161
0.622114
0.368720
0.051796
-0.286010
-0.309685
-0.578163
-0.646685
-0.631206
-0.618637
-0.716101
-0.469520
-0.420388
-0.173102
-0.066386
0.232097
0.281128
0.300622
0.376779
0.518991
0.544674
0.339508
0.384261
0.352259
0.124429
0.031758
-0.093826
-0.017022
-0.127128
-0.175218
-0.236548
-0.236863
-0.194785
-0.285583
-0.166486
-0.139132
-0.156704
-0.141591
-0.173794
0.005241
0.071251
0.202962
0.336020
0.401785
0.519062
0.414728
0.475072
0.424329
0.220438
-0.170170
-0.358587
-0.236784
-0.269468
-0.234272
0.059360
0.056492
0.056492
-0.220924
-0.173910
-0.205763
-0.189574
-0.198825
-0.137207
0.073754
0.043272
0.001490
-0.054582
-0.159981
-0.181852
-0.368957
-0.243555
-0.170835
-0.039490
-0.140718
0.011418
0.362749
0.510892
0.737623
0.781787
0.733207
0.652883
0.336048
0.107353
0.061201
0.005214
-0.328440
-0.478121
-0.535110
-0.355529
-0.437765
-0.163472
0.034395
-0.032177
-0.352669
-0.380459
-0.453011
-0.689811
-0.431011
-0.399979
-0.098104
-0.026276
0.079542
0.146681
0.207298
0.266890
0.073048
0.158894
0.004619
0.099427
0.134984
0.157928
0.385248
0.603180
0.505900
0.457987
0.452775
0.453556
0.167207
0.197294
0.124986
-0.171811
-0.610869
-0.836800
-0.709253
-0.744547
-0.618894
-0.272560
-0.166177
-0.106761
-0.300133
-0.228225
-0.120927
0.012052
0.141084
0.245275
0.628642
0.676066
0.685722
0.605425
0.472035
0.321513
-0.139905
-0.296422
-0.347318
-0.122782
-0.147370
-0.275870
-0.055783
-0.139372
-0.019598
-0.181904
0.061624
0.073056
0.110301
-0.039177
0.158949
0.334655
0.475446
0.617899
0.783718
0.890153
0.715983
0.737687
0.530798
0.411262
0.234536
0.127873
-0.024628
-0.267354
-0.363489
-0.671527
-0.461398
-0.493102
-0.489595
-0.433262
-0.320290
-0.189187
-0.348277
-0.266669
-0.210135
-0.262995
-0.290490
-0.323930
-0.036928
-0.004007
0.088151
0.126702
0.217132
0.182394
-0.073046
-0.054044
-0.143189
-0.269739
-0.334756
-0.183865
-0.009535
-0.026457
0.288801
0.331642
0.081316
0.053447
-0.221609
-0.494448
-0.495617
-0.458438
-0.321605
0.080930
0.467188
0.596831
0.924768
0.926886
0.909289
0.894699
0.805602
0.523403
0.436476
0.059753
-0.084109
-0.203867
-0.180517
-0.374787
-0.450036
-0.565427
-0.885287
-0.783344
-0.689996
-0.384163
-0.300771
0.042940
0.184754
0.104358
0.234341
0.378626
0.488242
0.545190
0.488116
0.545908
0.280425
0.026883
-0.056235
-0.035329
-0.073659
0.130091
0.315574
0.307852
0.261294
0.174150
-0.061479
-0.038201
-0.350209
-0.403785
-0.399581
-0.463889
-0.448038
-0.398270
-0.071876
-0.033604
0.021053
0.031911
0.026868
0.045618
-0.213629
-0.232210
-0.181302
-0.018340
-0.191681
-0.157355
0.091769
0.027747
-0.115296
0.015196
-0.040190
-0.048504
-0.343012
-0.365167
-0.351285
-0.308959
-0.172857
-0.059696
0.249495
0.346254
0.377846
0.300541
0.302126
0.332478
0.031403
0.000499
0.072605
0.330861
0.336069
0.606146
0.774571
0.625481
0.160853
-0.030798
-0.473174
-0.483043
-0.754411
-0.668503
-0.560919
-0.187205
-0.113033
-0.015807
0.335761
0.443827
0.280315
0.368303
0.428051
0.500414
0.227648
0.231338
0.152839
0.019387
-0.099875
-0.229051
-0.063510
-0.072300
-0.011902
0.033767
0.082195
0.092823
-0.260258
-0.373354
-0.464328
-0.544882
-0.584734
-0.508765
-0.175446
-0.141023
-0.070493
-0.035622
-0.001828
0.057438
-0.144503
-0.089883
0.029781
0.114733
-0.046549
-0.020931
-0.031733
-0.141516
-0.248294
-0.411259
-0.483060
-0.192378
-0.387362
-0.335423
0.031886
0.382978
0.413693
0.370451
0.609895
0.565467
0.179203
0.153126
0.331629
0.316846
0.232053
0.494563
0.421843
0.472864
0.506227
0.607419
0.471126
0.367304
-0.174346
-0.401558
-0.653544
-0.583474
-0.704588
-0.395527
-0.359707
-0.352300
-0.385303
-0.386353
-0.242622
-0.173933
-0.640039
-0.421326
-0.615808
-0.331744
-0.150073
0.459181
0.409372
0.780464
0.604697
-0.061967
-0.021959
-0.055785
-0.633231
-0.665752
-0.219300
-0.114623
0.000384
0.671374
0.709349
0.755209
0.765780
0.570924
0.528205
0.539835
-0.036630
-0.217333
-0.222605
-0.228550
-0.214304
0.477492
0.586103
-0.085033
-0.109849
-0.209161
-0.248229
-0.277124
0.302959
0.196707
0.019331
-0.158822
-0.544826
-0.789585
-0.992727
-1.147032
-0.950135
-0.505561
-0.041864
0.419218
0.939765
0.956834
0.970427
0.941756
0.914828
0.756029
0.659953
0.499739
0.449727
0.147849
0.012633
0.006075
0.136508
0.109578
0.250408
0.318181
0.205027
0.110572
0.012864
-0.075030
-0.005276
0.100834
0.086229
0.197360
0.368136
0.497270
-0.272125
-0.133382
-0.073998
-0.049533
-0.104816
0.813377
0.880273
0.539388
0.638272
0.698868
0.298060
0.213223
0.222675
0.052413
-0.569082
-0.728461
-0.991082
-1.102287
-1.204406
-0.794811
-0.400544
-0.280841
0.087250
0.214734
0.031226
0.082855
-0.071113
-0.252580
-0.158968
0.249635
0.415500
0.722139
1.034649
1.041493
0.708957
0.573441
0.265205
0.172859
-0.187032
-0.254269
-0.312099
-0.369526
-0.421777
-0.481017
-0.307966
-0.358938
-0.379671
-0.364148
-0.329424
-0.316163
-0.303591
-0.108444
-0.111623
-0.117229
-0.103653
-0.314014
-0.160603
-0.044968
-0.013206
0.131611
0.164611
0.184697
0.199145
0.518931
0.501025
0.770780
0.710793
0.609586
0.549692
0.502464
0.244557
0.260106
-0.104508
-0.184240
-0.271433
-0.095762
-0.172622
-0.133806
-0.099960
-0.395692
-0.418913
-0.448585
-0.533114
-0.601532
-0.643836
-0.552977
-0.720265
-0.647741
-0.488741
-0.500651
-0.338874
0.000595
0.443448
0.489933
1.013509
0.957065
0.915282
0.822449
0.727785
0.602328
0.561905
0.386905
0.300126
0.180931
0.006509
-0.231586
-0.336315
-0.405902
-0.424032
-0.358713
-0.295445
-0.195169
-0.071988
0.039075
0.275826
0.050554
0.540640
0.891785
1.160378
1.244335
1.622156
1.319755
0.919835
0.552280
0.246508
-0.382355
-0.617271
-1.184458
-1.168887
-1.299744
-1.459191
-1.498590
-1.072337
-1.061721
-0.934017
-0.291527
-0.134639
0.096247
0.315265
0.574063
0.889426
1.158403
1.298782
1.385488
0.350355
0.065286
-0.190835
-0.350620
-0.436691
0.472309
0.499487
-0.072010
-0.074761
-0.172445
-0.235533
-0.216856
0.367731
0.524947
0.332321
0.306943
0.214413
0.212075
-0.104979
-0.152944
-0.337702
-0.465550
-0.738582
-0.857966
-0.945550
-0.905611
-0.841861
-0.673116
-0.274833
-0.055976
0.194452
0.472515
0.785282
0.887159
1.027256
1.099671
1.081691
0.887650
0.533764
-0.087212
-0.287198
-0.503940
-0.536149
-0.373337
0.195442
0.336513
0.501428
0.630488
0.673789
0.702456
0.125798
-0.325652
-0.331918
-0.728404
-0.755917
-0.163213
0.291403
0.279305
0.166475
0.066738
-0.092569
-0.182089
-0.348903
-0.024138
-0.007686
-0.292822
-0.307362
-0.311024
-0.274312
-0.306315
-0.029169
0.071354
-0.094157
0.029347
-0.165128
-0.376934
-0.312444
-0.354913
-0.317379
-0.298113
0.091066
0.070504
0.477699
0.502029
0.818570
0.809570
0.377552
0.247738
0.076484
-0.344584
-0.518385
-0.243716
-0.239893
-0.170787
-0.141274
-0.022022
0.032112
-0.017404
-0.103062
0.174883
0.146685
-0.183067
-0.045228
-0.365044
-0.300423
-0.282840
-0.354962
-0.364330
0.070732
0.180001
0.327341
0.906856
0.962250
0.959300
0.876582
0.332362
0.082747
-0.123425
-0.726400
-0.731386
-0.323662
-0.147235
-0.001359
0.632240
0.672151
0.677543
0.654077
0.676173
0.403909
0.166628
-0.655849
-1.010903
-1.836910
-1.777246
-1.686419
-1.032152
-0.746779
-0.022295
0.173327
0.235325
0.448255
0.531940
0.498319
0.498319
0.420258
0.320164
0.279279
0.361298
0.491260
0.735630
0.885766
0.978610
0.960582
0.821345
0.669162
0.498817
0.298528
0.074998
-0.934977
-1.877381
-2.121228
-2.244454
-2.145904
-1.373575
-0.479615
-0.230542
-0.008654
0.109487
-0.419418
-0.341564
-0.360739
-0.398604
-0.227285
0.645567
0.969341
1.248151
1.448395
1.453335
1.366376
1.115273
0.939897
0.778722
0.650353
0.667851
0.492648
0.302010
0.238652
0.041054
-0.136103
-0.161708
-0.295643
-0.543472
-0.621691
-0.661931
-0.715935
-0.630848
-0.501359
-0.964687
-0.818750
-0.593492
-0.304454
-0.000580
0.851870
0.915931
0.895467
0.805895
0.549516
0.417637
0.491824
0.438892
0.431233
0.606252
0.624826
0.469255
0.427744
0.480186
-0.183555
-0.270815
-0.301950
-0.341670
-0.408104
-0.400704
-0.364864
-0.778527
-0.595929
-0.469273
-0.259011
-0.154101
-0.111834
-0.054592
-0.424453
-0.094476
-0.016577
-0.103125
-0.189212
-0.298680
-0.228865
-0.396290
-0.537628
-0.588265
-0.794121
-0.856738
-0.843253
-0.188064
-0.035745
0.670495
0.831488
0.956250
0.988541
0.897846
0.935356
0.902906
0.711099
0.597409
0.352168
-0.017930
-0.081094
-0.059422
0.104628
0.256670
0.499412
0.556863
0.428065
0.349913
0.129012
-0.000404
-0.168931
-0.111171
-0.068069
0.190214
0.334811
0.314655
0.457859
0.499529
-0.705062
-0.829161
-1.950902
-1.877761
-2.106811
-0.935946
-0.563172
0.841677
0.973550
1.204684
1.237445
0.998654
0.786765
0.501044
0.306491
0.143355
-0.159669
-0.371676
-0.552630
-0.634347
-0.582790
-0.408103
-0.157224
0.050322
0.116280
0.150237
0.305097
0.374162
0.273593
0.407256
0.529089
0.497003
0.535895
0.587092
0.514976
0.520349
0.540468
0.480328
0.540724
0.616250
0.510254
0.411945
0.422050
0.091874
0.145907
-0.243581
-0.210268
-0.180474
-0.075080
-0.117551
-0.018263
-0.043087
-0.571025
-0.779561
-0.840446
-0.871636
-0.834573
-0.593637
-0.528207
-0.840537
-0.861799
-0.841049
-0.945295
-0.471207
-0.371023
-0.206268
-0.094196
-0.050358
-0.050942
0.325509
0.630523
0.500729
0.755932
0.608547
0.390306
0.228155
0.073076
-0.046425
-0.067260
-0.136200
-0.141953
-0.091559
-0.043629
-0.074277
-0.069862
0.074626
0.156966
0.264491
0.440725
0.695010
0.801495
0.921806
1.060371
1.154476
1.113387
1.010257
0.244420
0.109911
-0.625628
-0.667071
-0.828212
-0.398983
-0.593551
-0.214441
-0.394107
-0.538446
-0.511131
-0.474015
-0.428316
-0.448847
-0.415126
-0.375803
-0.251598
-0.171992
0.232057
0.676509
1.069753
1.361159
1.687207
1.742403
1.291461
1.248742
0.665792
0.512552
-0.355467
-0.666276
-0.668221
-1.093515
-1.293017
-1.583936
-1.243505
-1.682910
-1.214951
-1.213509
-0.545619
-0.454295
-0.302557
-0.160749
-0.089516
0.015158
0.040892
-0.023071
0.107210
0.091152
0.135959
0.222335
0.380601
0.362189
0.342989
0.414297
0.305154
-0.569236
-0.539005
-0.495526
-0.340284
0.038683
1.223356
1.639175
1.908798
2.092761
2.018619
1.926256
1.671924
1.437216
1.158713
1.025309
0.834283
0.655412
0.139764
-0.043859
-0.607735
-0.783439
-1.224104
-0.817898
-0.790395
-0.381548
-0.269148
0.080401
0.090104
0.141152
0.142363
0.146356
-0.011063
0.085856
-0.123844
-0.313192
-0.275097
-0.308035
-0.349968
-0.335939
-0.038279
-0.037362
-0.013161
-0.031640
-0.094598
-0.176126
-0.498115
-0.573450
-0.506447
-0.445812
-0.276525
-0.171220
-0.082717
-0.370732
-0.377346
-0.379325
-0.404381
-0.002425
0.405762
0.830627
0.889152
1.222346
1.145610
1.010952
0.736403
0.474863
0.247544
0.010316
-0.115537
-0.165933
-0.296084
-0.357833
-0.325113
-0.383221
-0.329823
-0.230988
-0.153701
-0.030002
0.132734
0.337412
0.607966
0.925795
1.062439
1.187221
1.246039
-0.109371
-0.529968
-2.101959
-2.338306
-2.591689
-1.495964
-1.429008
-0.185743
-0.159588
-0.185764
-0.155307
0.111607
0.185743
0.306865
0.475316
0.646082
0.631643
0.831646
0.891076
0.796825
0.803876
0.662533
0.522026
0.391165
-0.518224
-0.617700
-0.799917
-0.700088
-0.538458
-0.316415
-0.279402
0.092522
0.025449
-0.034951
0.784619
0.839322
0.787595
0.814164
0.420276
0.174101
-0.014162
-0.180225
-0.365863
-0.238908
-0.181759
-0.349654
-0.468802
-0.434669
-0.485134
-0.599383
-0.531829
-0.415948
-0.343103
-0.225354
0.017439
0.126570
0.127242
0.124249
0.179622
0.297638
0.604837
0.945979
1.267253
1.496909
1.594063
1.547014
1.396264
0.365957
0.143156
-0.943153
-1.953485
-2.153813
-1.522908
-1.672186
-1.113868
-0.571320
-0.793169
-0.898482
-0.881502
-0.703427
-0.335584
-0.092257
0.191743
0.425956
0.617626
0.628496
0.705491
0.677034
0.698680
0.550154
0.428174
0.287093
0.301495
0.285553
0.341445
0.256453
0.151635
-0.024461
0.003195
-0.028190
0.119388
0.149158
0.128605
-0.238135
-0.591059
-0.911712
-0.968697
-1.104934
-1.014917
-0.506043
-0.316611
-0.179341
0.019015
0.004651
-0.083200
-0.062380
0.139572
0.229624
0.575662
0.770083
0.946635
0.783189
0.747956
0.639004
0.412271
-0.003321
-0.052676
-0.264957
-0.386772
-0.834596
-0.909506
-0.955823
-0.867261
-0.984715
-0.781757
-0.466056
-0.365091
-0.386894
-0.135798
0.077924
0.138203
0.075886
0.177346
0.125074
0.094472
0.299142
0.547174
0.821285
1.036794
1.069660
1.076731
0.979634
1.180592
0.034839
-0.647818
-0.587572
-1.065986
-1.217160
-0.892131
-0.045860
-0.229774
-0.277099
-0.532645
0.012009
-0.276551
-0.463723
-0.098500
-0.120112
-0.136142
-0.069093
-0.108756
-0.077205
-0.120896
-0.242100
-0.169192
-0.030013
0.123462
0.370060
0.802561
1.036565
1.156521
1.435226
1.410606
1.385142
1.246302
0.452411
0.113476
0.010310
-0.167056
-0.299190
0.349732
0.317027
0.109638
-0.054954
-0.171009
-0.284429
-0.447346
-0.478069
-0.528164
-0.598820
-0.619705
-0.596834
-1.028074
-0.926629
-0.728812
-0.520498
-0.799989
0.044734
0.349386
-0.117662
0.026965
0.206476
0.183378
0.089905
0.651280
0.559201
0.927670
0.822487
0.770375
0.613033
0.431044
0.221487
-0.014874
-0.252397
-0.309491
-0.285192
-0.220288
-0.239628
-0.325513
-0.396725
-0.471336
-0.518731
-0.402390
-0.191512
0.062200
0.201769
0.256972
0.305490
0.393937
0.411847
0.546769
0.719274
0.811989
0.886449
0.945960
0.697475
0.457904
0.303519
0.110498
-0.263559
-0.443557
-0.603264
-0.787140
-0.963440
-1.033974
-0.991633
-0.996437
-0.940229
-0.838813
-0.576596
-0.296932
0.018751
0.285128
0.564869
0.693259
0.785273
0.677072
0.610310
0.536114
0.660567
0.627531
0.743128
0.735960
0.591808
0.387910
0.214574
0.005406
-0.154301
-0.288824
-0.351533
-0.337924
-0.247497
0.035628
0.198466
0.165148
0.163641
0.107009
-0.141486
-0.266790
-0.515099
-0.600833
-0.865523
-1.096056
-1.427552
-1.479644
-1.760379
-1.290970
-0.603808
0.245560
0.958539
1.577351
1.593425
1.299040
0.897880
0.533303
0.223982
0.005122
-0.138490
-0.109265
-0.180846
-0.145673
-0.002584
0.068327
0.089331
0.238123
0.428607
0.579189
0.032402
0.202882
-0.420778
-0.424749
-1.026255
-0.833525
-0.850529
-0.021533
0.114113
0.075930
0.423915
0.228756
-0.473849
-0.761217
-0.738096
-0.716157
-0.749463
-0.353028
-0.313413
0.053116
-0.021986
0.015093
0.023259
-0.073111
-0.479888
-0.312950
-0.198527
-0.041465
0.261748
0.926498
1.065986
1.170321
1.240682
1.150456
0.943987
0.731571
0.495360
0.233045
-0.642068
-0.902276
-1.120408
-1.273176
-1.353963
-0.777861
-0.616671
-0.396846
-0.172469
0.040587
0.260080
0.453372
0.548726
0.634805
0.581230
0.704207
0.716504
0.626214
0.729127
0.876852
0.876792
0.915216
0.825019
0.496479
0.142749
-0.288520
-0.662437
-0.754195
-0.595486
-0.691786
-0.603052
-0.529401
-0.509652
-0.713380
-0.389921
-0.189761
-0.083885
0.086580
0.344933
0.392662
0.499494
0.607128
0.846804
0.589830
0.449156
0.133336
-1.053710
-1.354707
-1.239859
-1.446966
-1.548855
-0.604519
-0.760789
-0.913497
-0.627743
-0.449733
-0.069211
0.282017
0.325338
0.211419
0.248335
0.078904
-0.118212
0.013822
0.164108
0.161463
0.042866
0.072953
0.127426
0.079888
0.369410
0.993461
1.464406
1.900817
2.303674
2.408385
2.091407
1.699136
1.406167
0.931504
0.541605
0.254844
0.038480
-0.441863
-0.788058
-1.074603
-2.089300
-2.252932
-2.128482
-1.821124
-1.617627
-0.682967
-0.494035
-0.403690
-0.288761
-0.161303
0.074771
0.306291
0.590277
0.798205
0.885180
0.710138
0.463751
0.074163
-0.249743
-0.419981
-0.491585
-0.493729
-0.437012
-0.584297
-0.811860
-1.053870
-1.286744
-1.329500
-1.050824
-0.626297
0.014951
0.635150
0.989795
1.084453
0.988082
0.733817
0.586170
0.562781
0.600019
0.670156
0.739729
0.650531
0.578657
0.448630
0.314587
0.175946
0.150645
0.041954
-0.067427
-0.170811
-0.235717
-0.398489
-0.580793
-0.698038
-0.849289
-0.975784
-1.070462
-0.864661
-0.512965
0.137943
0.720207
1.309376
1.651500
1.588115
1.153806
0.817152
0.327242
-0.104502
-0.249545
-0.155596
-0.128904
0.039397
-0.820241
-1.570081
-1.673827
-1.967871
-2.031113
-1.018418
-0.365005
-0.301412
0.146562
0.278908
0.384921
0.591436
0.458623
0.144243
0.296263
-0.369207
0.128156
0.617403
1.002424
0.965062
1.439412
0.995302
0.745299
0.663986
0.375535
0.375788
0.424730
0.437414
0.539105
0.697068
0.692499
0.527972
0.211363
-0.267443
-0.555305
-0.613809
-0.758919
-0.592327
-0.452513
-0.358002
-0.353516
-0.237808
-0.082420
-0.001499
0.151400
0.371900
0.651798
0.914273
1.140538
1.325035
1.274347
0.984255
0.788063
0.348801
-0.058157
-0.350618
-0.511207
-0.687959
-0.659469
-0.486470
-0.542207
-0.499470
-0.514446
-0.502295
-0.632649
-0.630165
-0.582135
-0.618424
-0.459192
-0.205343
0.035538
0.260215
0.277129
0.200757
0.085442
0.126012
0.199402
0.346091
0.619406
0.817537
0.881800
0.869194
0.787620
0.629478
0.422488
0.281600
0.130385
0.078714
-0.100349
-0.284290
-0.441515
-0.745971
-0.905361
-1.009458
-1.083263
-1.001329
-0.900766
-0.763052
-0.537730
-0.219349
-0.013307
0.271422
0.605559
0.912166
1.161943
1.355289
1.441139
1.332241
1.019995
0.749996
0.530491
0.251153
0.060706
0.128819
0.094714
0.010398
-0.848696
-1.164298
-1.680606
-2.031233
-2.327690
-1.625112
-1.509575
-1.121437
-0.665270
-0.230704
0.047568
0.256735
0.373950
0.505669
-0.351656
-0.203517
-0.087030
-0.039460
-0.107509
0.743836
0.532681
0.502640
0.414087
0.139603
-0.055628
-0.090219
-0.273686
-0.159358
-0.191766
-0.401652
-0.471888
-0.659573
-0.678016
-0.465391
-0.063098
0.183115
0.680446
0.660151
0.750914
0.856079
0.927611
0.948573
1.168045
1.075499
0.985256
0.738161
0.513127
0.127711
-0.068001
-0.285684
-0.350912
-0.477397
-0.595836
-0.744323
-0.970311
-1.215635
-1.297557
-1.262492
-1.096570
-0.918728
-0.603650
-0.308263
0.061772
0.341138
0.560331
0.749043
0.883152
0.985488
1.167600
1.226838
1.161382
0.984368
0.687387
0.304063
0.117812
-0.053176
-0.272056
-0.409777
-0.487046
-0.606959
-0.581010
-0.446615
-0.438053
-0.487221
-0.448434
-0.228070
-0.668301
-0.359777
-0.200542
-0.055615
-0.128291
0.440093
0.519833
0.686194
0.879166
1.019064
1.074831
0.928784
0.839305
0.778269
-0.096295
-0.885104
-0.893559
-0.924592
-1.061883
-0.373728
0.365785
0.354119
-0.322184
-0.472810
-0.690336
-0.888983
-1.053772
-0.518047
-0.171711
-0.280924
0.088468
0.362696
0.559918
0.425894
0.734003
0.583498
0.484790
0.483407
0.393665
0.417628
0.277161
0.122370
0.008825
-0.812661
-1.006906
-1.249138
-1.379329
-1.604991
-0.877567
-0.674028
-0.308146
0.016485
0.490980
0.814409
1.093001
1.265983
1.218247
1.133937
1.111181
0.816310
0.554744
0.584553
0.402093
0.153100
0.136279
-0.033966
-0.295857
-0.446843
-0.495631
-0.622941
-0.669290
-0.391092
-0.220739
-0.027693
0.185305
0.590721
0.625573
0.850132
0.846687
0.757280
0.644018
0.557642
0.379514
0.291830
0.256232
0.264667
-0.885329
-1.318830
-1.354865
-1.448870
-1.685489
-0.812761
-0.310622
-0.163330
-0.017003
0.268381
0.524429
0.561234
0.552696
0.830271
0.914148
0.135256
0.247234
0.336290
0.238901
0.170540
0.923633
0.613632
0.359070
0.098102
-0.159580
-0.342057
-0.412832
-0.574311
-0.833275
-1.000258
-0.943741
-0.957021
-0.739846
-0.509693
-0.218114
-0.116841
0.061843
0.134499
0.350463
0.456161
0.691311
0.828241
1.027107
1.231112
1.197071
1.029730
0.763542
0.450710
0.110895
-0.043992
-0.253048
-0.374518
-0.560357
-0.818736
-1.107527
-1.303734
-1.441077
-1.324575
-1.028869
-0.640064
-0.247440
0.205372
0.461525
0.507652
0.583014
0.579125
0.623753
0.618481
0.695873
0.689514
0.692567
0.683791
0.549047
0.452860
0.415903
0.308442
0.026113
-0.258279
-0.620022
-0.989794
-1.288692
-1.474087
-1.465123
-1.322156
-1.190467
-0.963412
-0.702923
-0.255889
0.050792
0.265118
0.570870
0.795665
0.764550
0.739466
0.854295
0.768104
0.701258
0.644729
0.508732
0.224318
0.073091
-0.171544
-0.211534
-0.211495
-0.150078
-0.170997
-0.125108
-0.226354
-0.338989
-0.382774
-0.503376
-0.520261
-0.416147
-0.293348
-0.082273
0.257594
0.718233
0.980586
1.072043
1.216313
1.221960
1.050619
0.684383
0.307306
-0.291628
-0.946614
-1.480918
-1.829107
-1.903966
-1.626189
-1.046931
-0.632846
-0.241429
0.260059
0.319997
0.024714
-0.112091
-0.229992
-0.432807
-0.492517
-0.236507
-0.117302
-0.013296
0.206137
0.615800
1.064363
1.517220
1.891868
1.898735
1.720930
1.343893
1.048245
0.778040
0.574482
0.436466
0.412344
0.283583
0.380034
0.359904
-0.040579
-0.446919
-0.744807
-1.176834
-1.284247
-1.033331
-0.714346
-0.548398
-0.328873
-0.154122
0.029412
0.076272
0.142121
0.222889
-0.699719
-0.596680
-0.453130
-1.047604
-0.871078
-0.707141
-0.787234
-0.902225
-0.188042
-0.180359
0.649731
0.712597
0.721341
0.960171
0.968886
0.873868
0.750281
0.712561
0.369691
-0.101971
-0.237186
-0.392781
-0.808027
-0.870879
-0.893204
-0.911032
-0.797092
-0.412765
-0.098947
0.589116
1.424588
1.498114
1.824248
2.475853
1.765447
1.827409
1.866015
2.240366
1.870879
0.805281
0.077299
-0.071874
