-4.177953
-4.177953
-4.177953
-3.523212
-1.824948
-0.126684
1.571580
3.269844
4.313368
3.926368
3.909866
3.182908
2.917993
2.440870
2.661633
2.369653
2.631308
2.359492
1.959155
1.263505
0.422605
-0.173469
-0.854437
-1.036013
-1.235230
-0.956525
-0.712665
-0.308067
-0.012800
0.197647
0.280836
0.238022
0.265257
0.224437
0.322151
0.320701
0.353794
0.266306
0.127626
-0.084482
-0.270576
-0.381654
-0.379745
-0.289045
-0.001012
0.336293
0.877211
1.313813
1.909632
2.263570
2.655800
2.743328
2.820749
2.577915
2.209108
1.529552
0.679073
-0.326284
-1.258827
-2.066509
-2.479704
-2.614525
-2.376151
-2.023877
-1.476572
-1.108845
-0.728467
-0.587025
-0.452803
-0.498930
-0.482169
-0.558150
-0.503271
-0.512385
-0.421731
-0.370535
-0.227169
-0.058216
0.216343
0.560878
0.930170
1.271363
1.444461
1.446064
1.207158
0.830741
0.356651
-0.069114
-0.382010
-0.555378
-0.602058
-0.607943
-0.592269
-0.637088
-0.688981
-0.749298
-0.766401
-0.712271
-0.622992
-0.358891
-0.110797
0.419052
0.800092
1.364635
1.533522
1.680273
1.341910
0.939960
0.337197
-0.218650
-0.603399
-0.938915
-0.959193
-1.081332
-0.920936
-0.986549
-0.841488
-0.865467
-0.719689
-0.634256
-0.474843
-0.347509
-0.307090
-0.315634
-0.491467
-0.632529
-0.845426
-0.874169
-0.858428
-0.622265
-0.361413
-0.000547
0.336603
0.673606
0.898867
1.043154
1.003411
0.820600
0.460786
0.015459
-0.357775
-0.677176
-0.762304
-0.798936
-0.534478
-0.406889
-0.010599
0.159326
0.565207
0.719693
1.008314
1.072718
1.131364
1.051628
0.888121
0.758687
0.534970
0.523521
0.361310
0.445932
0.270641
0.267900
-0.066624
-0.263784
-0.709145
-0.982162
-1.291008
-1.417182
-1.376829
-1.256098
-0.930977
-0.722046
-0.360961
-0.326956
-0.180275
-0.455729
-0.533997
-0.878145
-0.865653
-1.012856
-0.589385
-0.356480
0.280046
0.540314
1.015398
0.902142
0.922805
0.516094
0.357465
0.064476
0.055021
0.050586
0.099681
0.139151
-0.030075
-0.132128
-0.515817
-0.573714
-0.823184
-0.529764
-0.345052
0.302353
0.685697
1.240856
1.364292
1.314530
0.899528
0.163898
-0.625039
-1.479047
-1.937644
-2.180397
-1.896702
-1.457805
-0.781723
-0.154324
0.281011
0.714852
0.793271
1.057138
0.862950
1.068374
0.735010
0.867258
0.404563
0.445310
-0.028920
0.044965
-0.243970
-0.092432
-0.260953
-0.206771
-0.431116
-0.528836
-0.700015
-0.673111
-0.503492
-0.171592
0.283370
0.663310
1.003942
1.052264
1.035773
0.770800
0.596034
0.351784
0.348900
0.353240
0.546423
0.642463
0.745537
0.623881
0.396439
0.028093
-0.405498
-0.671665
-0.947431
-0.788013
-0.830130
-0.408813
-0.548358
-0.283981
-0.765379
-0.751460
-1.311920
-1.233011
-1.485389
-1.166352
-1.083505
-0.701817
-0.505653
-0.185910
0.103035
0.450838
0.857514
1.195759
1.521411
1.596043
1.552314
1.236889
0.883114
0.409068
0.091811
-0.166538
-0.154000
-0.090319
0.199639
0.387453
0.709842
0.788467
0.972594
0.864672
0.917137
0.689085
0.685442
0.401720
0.370066
0.048449
-0.016736
-0.335111
-0.424460
-0.661300
-0.745645
-0.824117
-0.881077
-0.792985
-0.848812
-0.690381
-0.794312
-0.674667
-0.781091
-0.672072
-0.622046
-0.407379
-0.074915
0.292613
0.795483
1.152156
1.535783
1.583348
1.577476
1.224129
0.883318
0.312939
-0.020774
-0.463307
-0.480134
-0.643296
-0.333222
-0.367241
0.010271
-0.154097
0.092823
-0.306646
-0.220195
-0.774743
-0.714444
-1.163063
-0.892970
-1.014015
-0.461972
-0.322769
0.193875
0.244007
0.401136
0.177718
0.006877
-0.296329
-0.444445
-0.476985
-0.288936
0.026256
0.417940
0.772657
0.982442
0.992768
0.786009
0.462163
0.013367
-0.327368
-0.668230
-0.722800
-0.830166
-0.638162
-0.681975
-0.478651
-0.609522
-0.468419
-0.642977
-0.411559
-0.402297
0.038350
0.264988
0.824960
1.037203
1.516505
1.495926
1.615375
1.283151
1.128479
0.619547
0.382543
-0.027219
-0.265560
-0.613341
-0.926371
-1.226307
-1.491463
-1.535076
-1.500034
-1.201148
-0.938283
-0.494061
-0.230263
0.098077
0.216673
0.410270
0.465036
0.630212
0.740841
0.909567
0.990843
0.984292
0.864559
0.596783
0.324915
0.019245
-0.095927
-0.159750
0.014385
0.153028
0.410614
0.455139
0.490386
0.222028
-0.072529
-0.589052
-0.996023
-1.412929
-1.547878
-1.529725
-1.273045
-0.940495
-0.507909
-0.124689
0.245534
0.528638
0.778662
0.913439
0.996386
0.953101
0.875732
0.715891
0.544875
0.312462
0.087426
-0.180657
-0.411473
-0.649212
-0.800458
-0.919000
-0.946216
-0.956601
-0.945349
-0.939445
-0.909223
-0.852028
-0.689005
-0.474972
-0.153494
0.075330
0.334351
0.336740
0.355587
0.139769
0.045275
-0.149539
-0.140945
-0.111529
0.095939
0.409992
0.771308
1.256673
1.521129
1.859568
1.715220
1.703451
1.156619
0.972205
0.357798
0.269796
-0.216239
-0.200141
-0.624399
-0.617707
-0.996352
-0.919906
-1.092547
-0.791251
-0.696378
-0.218438
-0.027304
0.370390
0.451147
0.643924
0.550552
0.523901
0.287581
0.084594
-0.278611
-0.587216
-0.970109
-1.206495
-1.340269
-1.194697
-0.879953
-0.281686
0.367348
1.037275
1.422513
1.596240
1.324912
0.878730
0.218795
-0.303737
-0.725304
-0.862278
-0.784903
-0.556682
-0.218304
0.022527
0.280032
0.296870
0.283823
0.073711
-0.117755
-0.324692
-0.456275
-0.425477
-0.338572
-0.041332
0.191400
0.554183
0.766054
1.036856
1.163923
1.292774
1.281824
1.150121
0.862515
0.417802
-0.070959
-0.528198
-0.871296
-0.986800
-1.001721
-0.812987
-0.750989
-0.597609
-0.704227
-0.674185
-0.828626
-0.722740
-0.664830
-0.361167
-0.120952
0.213926
0.363675
0.486027
0.366841
0.277437
0.032068
-0.017150
-0.141128
-0.047926
-0.113071
-0.116123
-0.380213
-0.701230
-1.113849
-1.471141
-1.719204
-1.777726
-1.514571
-1.121080
-0.572342
0.013208
0.607459
1.015926
1.282720
1.381761
1.294594
1.030877
0.652705
0.203621
-0.241810
-0.628417
-0.868764
-0.964944
-0.853589
-0.631792
-0.256343
0.105544
0.527664
0.835354
1.112816
1.155103
1.098699
0.799995
0.396948
-0.143956
-0.619130
-1.067669
-1.260904
-1.338433
-1.158949
-0.977214
-0.625433
-0.455772
-0.172511
-0.073552
0.177600
0.283711
0.478689
0.506051
0.507006
0.348392
0.135796
-0.041292
-0.156658
-0.051252
0.117339
0.451458
0.628545
0.781700
0.617303
0.429684
0.007691
-0.267052
-0.647840
-0.791946
-1.040683
-1.071302
-1.254475
-1.247195
-1.360783
-1.282878
-1.278137
-1.096107
-0.967607
-0.675942
-0.463105
-0.106433
0.090596
0.427479
0.481104
0.723039
0.652342
0.831740
0.692112
0.810757
0.569858
0.537803
0.172950
0.017825
-0.342146
-0.422926
-0.573496
-0.406519
-0.263302
0.089297
0.359523
0.655328
0.820006
0.887705
0.806123
0.562011
0.219832
-0.242831
-0.656747
-1.003827
-1.101224
-1.025307
-0.675909
-0.286444
0.223677
0.546922
0.857155
0.873788
0.904180
0.729491
0.688436
0.584161
0.634010
0.622064
0.602343
0.457895
0.186068
-0.148709
-0.533570
-0.802687
-1.005088
-0.976995
-0.853067
-0.553263
-0.255293
0.049222
0.178871
0.177053
-0.054673
-0.329874
-0.707320
-0.857541
-1.038547
-0.768162
-0.663005
-0.139444
0.012213
0.509911
0.529007
0.888521
0.995968
1.400516
1.663898
1.975210
2.174318
2.008894
1.797416
1.201510
0.818453
0.203181
0.036816
-0.261600
-0.158998
-0.225194
-0.093637
-0.163377
-0.204169
-0.352622
-0.514153
-0.599092
-0.624298
-0.484909
-0.299858
-0.012328
0.234008
0.433850
0.601193
0.630827
0.660483
0.460955
0.256594
-0.254528
-0.600806
-1.138725
-1.225124
-1.415882
-0.991773
-0.863187
-0.335523
-0.338763
-0.113230
-0.456369
-0.551111
-0.871364
-0.944978
-0.990426
-0.928915
-0.723949
-0.649724
-0.301196
-0.146461
0.323492
0.562705
1.006954
1.120957
1.213714
1.029270
0.723779
0.305664
-0.150206
-0.450556
-0.638426
-0.560609
-0.308660
0.092018
0.553692
0.897210
1.154068
1.120915
0.969848
0.584762
0.211019
-0.211479
-0.458488
-0.631302
-0.582581
-0.478979
-0.204828
-0.029653
0.191042
0.184412
0.146364
-0.138241
-0.381125
-0.667904
-0.756622
-0.701122
-0.378346
0.083594
0.707921
1.230862
1.642409
1.666161
1.502805
0.913576
0.337453
-0.385187
-0.788141
-1.173444
-1.228563
-1.317006
-1.206857
-1.179802
-1.007634
-0.836839
-0.553801
-0.202148
0.138352
0.496947
0.641936
0.782596
0.590780
0.458807
0.075053
-0.093474
-0.355523
-0.301525
-0.234230
0.068528
0.346523
0.636257
0.761513
0.676504
0.381165
-0.096630
-0.574863
-1.012001
-1.197900
-1.202545
-1.004010
-0.698920
-0.375939
-0.052545
0.133096
0.360462
0.336523
0.405991
0.154265
0.074873
-0.336943
-0.420525
-0.753626
-0.621786
-0.665232
-0.162619
0.116237
0.749620
1.095714
1.505284
1.492408
1.321087
0.902554
0.337399
-0.110573
-0.538436
-0.603179
-0.687381
-0.486941
-0.463210
-0.215455
-0.177187
0.165897
0.288714
0.724753
0.757989
1.036451
0.754287
0.746890
0.256491
0.143972
-0.318878
-0.384237
-0.738705
-0.747489
-0.932928
-0.786257
-0.673521
-0.241326
0.125811
0.614496
0.834246
0.944154
0.676255
0.308628
-0.250553
-0.634080
-0.942761
-0.898016
-0.724597
-0.329307
0.037916
0.394967
0.620985
0.681339
0.670472
0.422592
0.234088
-0.205038
-0.383327
-0.761543
-0.688255
-0.839770
-0.404677
-0.319494
0.327813
0.448759
1.089887
1.010145
1.435415
1.035086
1.175373
0.508885
0.472148
-0.305202
-0.307795
-0.898624
-0.739374
-1.050204
-0.769952
-0.942023
-0.717149
-0.826278
-0.722393
-0.762561
-0.654078
-0.601447
-0.395198
-0.246658
0.097964
0.231586
0.627734
0.562167
0.808572
0.512539
0.704875
0.427100
0.794994
0.818845
1.311914
1.393927
1.593928
1.420451
1.128149
0.767492
0.328624
0.141901
-0.167601
-0.138105
-0.315054
-0.261651
-0.348312
-0.280490
-0.156389
-0.041243
0.259427
0.254080
0.427960
0.132325
0.079344
-0.455761
-0.585932
-1.079816
-1.003351
-1.176761
-0.722531
-0.596760
-0.017123
0.015243
0.267180
-0.089214
-0.209076
-0.684600
-0.810972
-1.053747
-0.870493
-0.734264
-0.225751
0.183467
0.847493
1.261171
1.734508
1.821286
1.811102
1.450954
0.993487
0.405461
-0.144756
-0.577866
-0.908252
-1.023099
-1.072232
-0.908401
-0.777857
-0.521840
-0.370231
-0.175798
-0.139554
-0.121771
-0.211602
-0.296464
-0.351925
-0.336464
-0.189474
0.018251
0.303536
0.584614
0.798753
0.953712
0.976605
0.966329
0.781884
0.616701
0.290885
-0.004939
-0.406666
-0.727358
-1.046138
-1.185307
-1.183033
-0.934615
-0.537332
0.009923
0.547297
1.020417
1.291721
1.358362
1.171198
0.805572
0.252143
-0.305473
-0.879729
-1.227964
-1.537071
-1.335156
-1.084094
-0.559920
-0.234918
0.265712
0.262798
0.357301
0.105849
0.132527
-0.051740
0.083519
0.049127
0.226653
0.201694
0.237851
0.227432
0.204160
0.328230
0.379296
0.629182
0.592312
0.665566
0.287644
0.010449
-0.643521
-0.986109
-1.482027
-1.443516
-1.439842
-0.893894
-0.452161
0.296824
0.784486
1.291832
1.445980
1.470325
1.231035
0.884584
0.449980
0.011006
-0.395995
-0.715820
-0.918625
-1.003220
-0.917823
-0.767179
-0.437702
-0.188990
0.207637
0.324722
0.542232
0.323144
0.266300
-0.238108
-0.404239
-0.905133
-0.866000
-1.067204
-0.648917
-0.435944
0.222389
0.592151
1.140402
1.321033
1.420565
1.289420
1.039397
0.786201
0.518247
0.349693
0.167854
0.062635
-0.115818
-0.268665
-0.443282
-0.545801
-0.626471
-0.635154
-0.652477
-0.668594
-0.719549
-0.810195
-0.879811
-0.957206
-0.928498
-0.859964
-0.663770
-0.370232
-0.030904
0.376648
0.718998
1.093181
1.230586
1.306090
1.084258
0.781948
0.273783
-0.114364
-0.459733
-0.463737
-0.376150
0.021381
0.283655
0.669536
0.696301
0.764457
0.464815
0.255232
-0.188187
-0.447521
-0.766649
-0.847561
-0.892099
-0.739668
-0.569523
-0.322953
-0.116542
0.103227
0.285301
0.464169
0.583397
0.622666
0.554306
0.318248
0.027447
-0.362420
-0.610305
-0.895325
-0.835101
-0.840355
-0.454650
-0.196445
0.417399
0.785832
1.237510
1.343911
1.234137
0.842966
0.170526
-0.355735
-0.975453
-1.107876
-1.254102
-0.816046
-0.569571
0.048165
0.278836
0.695535
0.616864
0.740637
0.448493
0.498703
0.219690
0.312392
0.059866
0.107606
-0.211841
-0.217587
-0.501921
-0.347108
-0.331608
0.082717
0.296816
0.697623
0.702350
0.662548
0.237208
-0.170195
-0.683177
-1.005274
-1.198580
-1.133974
-0.950322
-0.613064
-0.235282
0.166412
0.519896
0.780218
0.915865
0.868307
0.719138
0.372822
0.063474
-0.347631
-0.560055
-0.812955
-0.716064
-0.662896
-0.235528
0.047600
0.664655
0.940233
1.403743
1.317833
1.345274
0.758782
0.427296
-0.339486
-0.560402
-1.044044
-0.839460
-0.916059
-0.427268
-0.352476
0.122690
0.100479
0.392543
0.191683
0.280464
-0.091648
-0.131683
-0.594363
-0.608089
-0.995504
-0.825429
-0.977438
-0.596812
-0.511852
-0.101387
0.043874
0.159187
0.166008
-0.118151
-0.193695
-0.670265
-0.559205
-0.919204
-0.516342
-0.668243
-0.091128
-0.041039
0.613101
0.874930
1.572622
1.922575
2.378233
2.488746
2.459321
2.146557
1.676929
1.149754
0.573326
0.098993
-0.357195
-0.595852
-0.831227
-0.777818
-0.764232
-0.478702
-0.382302
-0.100845
-0.145350
-0.070348
-0.292582
-0.338960
-0.586141
-0.639413
-0.861741
-0.966376
-1.237536
-1.362214
-1.527028
-1.421674
-1.200726
-0.730068
-0.277081
0.182143
0.335282
0.393505
0.095604
0.016713
-0.298018
0.032005
0.078036
0.862257
0.982770
1.730119
1.504476
1.845365
1.229998
1.231673
0.588865
0.531892
0.067020
0.059129
-0.180425
-0.213004
-0.359143
-0.460887
-0.559377
-0.600469
-0.527641
-0.374037
-0.125396
0.159409
0.351072
0.519862
0.519928
0.569554
0.502374
0.572137
0.586319
0.711593
0.763289
0.766273
0.676546
0.384391
0.056556
-0.498294
-0.892157
-1.432953
-1.653081
-1.980453
-1.949301
-2.034438
-1.768019
-1.581852
-1.050973
-0.600768
0.057797
0.513213
1.000335
1.184500
1.338529
1.260901
1.216796
1.047721
0.945765
0.765297
0.620515
0.424522
0.235845
0.066672
-0.076627
-0.124633
-0.151328
-0.070682
-0.066615
-0.040984
-0.245943
-0.402111
-0.798820
-0.927337
-1.224988
-0.881451
-0.843352
-0.026602
0.208036
1.083152
0.971206
1.440387
0.732661
0.704737
-0.276134
-0.396963
-1.130478
-1.017243
-1.386610
-1.027563
-1.023433
-0.588360
-0.372049
0.016314
0.251816
0.399399
0.541741
0.462896
0.558226
0.311124
0.360296
0.047278
0.171118
-0.042462
0.262413
0.231208
0.624618
0.594304
0.791103
0.556880
0.426790
0.025452
-0.271688
-0.608893
-0.824254
-0.936734
-0.989492
-0.929669
-0.879260
-0.717434
-0.542364
-0.212269
0.172737
0.670640
1.113472
1.473361
1.587322
1.514122
1.166906
0.750647
0.224378
-0.161015
-0.573246
-0.694460
-0.877810
-0.735299
-0.786084
-0.508253
-0.555039
-0.298330
-0.412201
-0.216816
-0.336435
-0.157481
-0.184104
0.030564
0.116306
0.350941
0.499891
0.728209
0.840042
0.985855
0.923968
0.888032
0.556821
0.326657
-0.168243
-0.463133
-0.982829
-1.155979
-1.394746
-1.350738
-1.171426
-0.827284
-0.288829
0.113718
0.736739
0.890440
1.247175
0.915968
0.878797
0.194318
0.027808
-0.555954
-0.431236
-0.630268
-0.141107
-0.111397
0.400044
0.276563
0.505012
0.100657
0.102799
-0.373908
-0.298784
-0.475526
-0.199700
-0.125543
0.160209
0.187381
0.153383
0.096045
-0.036984
0.137304
0.234003
0.717293
0.860743
1.222787
0.956956
0.809225
0.134675
-0.254825
-0.800600
-0.876991
-0.902004
-0.552900
-0.177824
0.232085
0.563953
0.691323
0.748980
0.480672
0.267003
-0.232526
-0.469481
-0.890181
-0.972090
-1.208996
-1.114664
-1.161202
-0.948420
-0.756779
-0.350397
0.037337
0.521746
0.915425
1.202539
1.250037
1.133864
0.797653
0.370813
-0.035078
-0.316540
-0.396405
-0.306791
-0.051487
0.226473
0.447027
0.561454
0.400519
0.187962
-0.338100
-0.671286
-1.197605
-1.230025
-1.337213
-0.869965
-0.565672
0.134864
0.460748
0.977859
1.049266
1.256455
1.119217
1.144403
0.899224
0.789391
0.490449
0.263293
-0.060637
-0.303010
-0.536044
-0.685811
-0.731932
-0.694964
-0.524608
-0.316625
-0.008285
0.225360
0.456317
0.511535
0.445529
0.173158
-0.264953
-0.750311
-1.267357
-1.541955
-1.677155
-1.416058
-1.077087
-0.488141
-0.056526
0.435898
0.628317
0.860666
0.776915
0.782896
0.497781
0.329397
-0.079343
-0.360939
-0.720353
-0.924178
-0.956211
-0.842429
-0.466501
-0.117723
0.401865
0.621585
0.867869
0.769657
0.730551
0.504935
0.472645
0.378434
0.485489
0.524937
0.667187
0.719338
0.821384
0.848203
0.847691
0.699629
0.379846
-0.139481
-0.786214
-1.421287
-1.866317
-2.038593
-1.876845
-1.390523
-0.840135
-0.263160
0.106708
0.359962
0.403860
0.430956
0.479823
0.532438
0.726991
0.779441
0.961148
0.890995
0.944422
0.779120
0.703571
0.480551
0.306808
0.036666
-0.143744
-0.404602
-0.431677
-0.511559
-0.234380
-0.043181
0.504944
0.772800
1.169273
1.057248
0.933824
0.235314
-0.344590
-1.285563
-1.710388
-2.268768
-2.018684
-1.863337
-1.085172
-0.595688
0.058674
0.245355
0.351373
0.184975
-0.083361
-0.274539
-0.485330
-0.418699
-0.357984
0.000737
0.265986
0.669805
0.838401
0.872985
0.717104
0.311487
0.052723
-0.379477
-0.280411
-0.350060
0.141898
0.328493
0.796901
0.915706
1.043048
0.989146
0.828640
0.678211
0.337236
0.097893
-0.259675
-0.487505
-0.616568
-0.595871
-0.379947
-0.153453
0.176040
0.374454
0.615179
0.712247
0.847730
0.788953
0.698714
0.296074
-0.081381
-0.729470
-1.056141
-1.520074
-1.434729
-1.596050
-1.224233
-1.269291
-0.889949
-0.878745
-0.492972
-0.344741
-0.058915
0.127018
0.113302
0.218330
-0.037101
0.150196
-0.017699
0.367620
0.351400
0.697435
0.590178
0.642941
0.391101
0.304666
0.147656
0.184450
0.154122
0.170879
-0.031282
-0.255474
-0.661770
-0.875907
-1.041467
-0.798994
-0.500462
0.291525
0.839764
1.698773
1.869636
2.220948
1.605791
1.300348
0.218345
-0.189500
-0.921752
-0.847950
-1.008469
-0.545119
-0.490389
-0.148716
-0.307458
-0.289503
-0.739564
-0.902967
-1.260105
-1.278635
-1.244883
-0.859898
-0.475859
0.016027
0.322501
0.492736
0.351450
0.162635
-0.133368
-0.249246
-0.221058
0.053282
0.471544
0.838589
1.209531
1.346260
1.396386
1.250363
1.080202
0.824111
0.602657
0.436107
0.380567
0.385161
0.507112
0.503730
0.497215
0.198969
-0.097004
-0.609592
-0.912302
-1.154367
-1.120421
-0.892256
-0.517728
-0.021976
0.356004
0.758815
0.881068
1.037223
0.905877
0.869318
0.609178
0.425507
0.071633
-0.258686
-0.630268
-0.952623
-1.129356
-1.205517
-1.107025
-1.002358
-0.825002
-0.700536
-0.610855
-0.478627
-0.366094
-0.122470
0.041311
0.322654
0.418023
0.593393
0.597643
0.728103
0.754797
0.913775
0.916695
0.924796
0.659730
0.351086
-0.208948
-0.633200
-1.118109
-1.192167
-1.261322
-0.837014
-0.573086
0.073898
0.282187
0.785404
0.719192
0.976782
0.672906
0.746732
0.345174
0.333792
-0.085573
-0.138458
-0.516263
-0.549461
-0.808780
-0.683766
-0.678765
-0.356706
-0.181149
0.137160
0.174116
0.170323
-0.072416
-0.347814
-0.668746
-0.885090
-0.921122
-0.763368
-0.223487
0.463640
1.468872
2.257098
2.871289
2.970083
2.752674
2.051891
1.383477
0.705188
0.203446
-0.177586
-0.439895
-0.701121
-0.896451
-1.049356
-1.061751
-0.969559
-0.707189
-0.409843
-0.106451
0.075219
0.165690
0.102597
-0.020557
-0.205565
-0.376704
-0.541133
-0.693640
-0.776580
-0.875932
-0.838209
-0.870003
-0.677644
-0.638796
-0.327191
-0.246580
0.165825
0.285321
0.685923
0.820285
1.103607
1.168490
1.291002
1.312089
1.308001
1.291760
1.186431
1.036170
0.818029
0.487384
0.230743
-0.169937
-0.278547
-0.548177
-0.399883
-0.447027
-0.102766
-0.018897
0.275288
0.324157
0.449614
0.447316
0.427792
0.453338
0.326069
0.295776
-0.014052
-0.165423
-0.672115
-0.863802
-1.364245
-1.387362
-1.679837
-1.361234
-1.324393
-0.704586
-0.420657
0.285278
0.566316
1.063035
1.103009
1.209724
0.923658
0.701878
0.223420
-0.046614
-0.452313
-0.475424
-0.606748
-0.327852
-0.268371
0.118896
0.155399
0.378299
0.227749
0.200224
-0.111742
-0.290132
-0.594482
-0.728812
-0.815138
-0.778595
-0.562282
-0.357409
0.055968
0.182799
0.481677
0.277872
0.294023
-0.176588
-0.231425
-0.542406
-0.291082
-0.177097
0.400892
0.745413
1.302405
1.462787
1.598234
1.258859
0.910323
0.166859
-0.420997
-1.098007
-1.348310
-1.566199
-1.319761
-1.160371
-0.706440
-0.529284
-0.177832
-0.099353
0.171781
0.255948
0.461507
0.553999
0.624446
0.623556
0.453351
0.303432
-0.087024
-0.276717
-0.649356
-0.567892
-0.581418
-0.006740
0.346491
1.209839
1.492081
2.066481
1.766423
1.772206
0.848133
0.497359
-0.548715
-0.760911
-1.601884
-1.466054
-1.948004
-1.599935
-1.816673
-1.351619
-1.344571
-0.887308
-0.685958
-0.305665
-0.036056
0.108956
0.256930
0.153436
0.205857
0.092339
0.216387
0.264945
0.456172
0.593258
0.709889
0.757196
0.714821
0.583632
0.397023
0.144886
-0.015129
-0.267676
-0.278983
-0.487728
-0.402247
-0.573723
-0.415651
-0.458134
-0.062818
0.252658
0.894689
1.416570
1.875786
1.975942
1.746927
1.294066
0.550746
-0.037629
-0.606986
-0.816782
-1.023386
-0.852337
-0.840062
-0.558183
-0.592176
-0.409810
-0.572333
-0.494102
-0.668180
-0.564446
-0.558837
-0.369180
-0.216258
-0.140936
-0.084711
-0.261731
-0.284409
-0.416493
-0.181517
0.028418
0.499394
0.834831
1.049408
1.123825
0.788173
0.566082
-0.067726
-0.172912
-0.763562
-0.529835
-0.842173
-0.360675
-0.488635
0.012667
-0.029052
0.287660
0.206019
0.198536
-0.011069
-0.346056
-0.601359
-0.954320
-0.989968
-1.092570
-0.777989
-0.635472
-0.225281
-0.097774
0.216212
0.245946
0.476127
0.540743
0.801823
0.966499
1.214008
1.358779
1.438615
1.421696
1.260322
1.056206
0.714683
0.407244
0.026607
-0.269118
-0.542198
-0.748587
-0.848813
-0.960826
-0.912460
-1.013059
-0.891717
-0.995279
-0.833055
-0.907269
-0.715763
-0.746007
-0.583550
-0.542804
-0.403730
-0.250930
-0.085112
0.165441
0.287625
0.496393
0.516351
0.662476
0.646559
0.777826
0.800241
0.903355
0.887711
0.887137
0.794085
0.698263
0.583827
0.469985
0.377232
0.262913
0.156347
-0.019798
-0.220629
-0.504216
-0.779983
-1.055858
-1.208522
-1.248536
-1.081901
-0.792786
-0.336497
0.142099
0.666239
1.104629
1.454689
1.584755
1.542402
1.264479
0.836494
0.308325
-0.163687
-0.554188
-0.774816
-0.864155
-0.836429
-0.731939
-0.629468
-0.485475
-0.397767
-0.253791
-0.157895
0.000123
0.149461
0.292572
0.449750
0.485019
0.569399
0.472506
0.501968
0.339070
0.323383
0.098928
-0.004282
-0.322223
-0.518042
-0.844686
-1.046377
-1.297246
-1.391814
-1.445940
-1.386803
-1.197403
-0.951156
-0.557860
-0.214143
0.274406
0.608005
1.072240
1.263137
1.537260
1.501262
1.530881
1.263445
1.129116
0.735039
0.515017
0.068927
-0.171615
-0.539734
-0.636000
-0.757815
-0.609130
-0.480394
-0.215672
-0.020756
0.182502
0.307764
0.402104
0.397835
0.377752
0.163790
0.010084
-0.440382
-0.642820
-1.226947
-1.277776
-1.687931
-1.368189
-1.338351
-0.595371
-0.172931
0.666882
1.150993
1.563358
1.769090
1.606203
1.491435
0.922752
0.732999
0.073673
-0.048313
-0.583762
-0.569549
-0.865189
-0.665273
-0.680416
-0.410728
-0.357872
-0.269274
-0.376419
-0.505238
-0.639121
-0.673159
-0.563516
-0.290388
0.033090
0.451026
0.694905
0.984562
0.959755
1.057773
0.813994
0.807415
0.489267
0.426647
0.089555
-0.031812
-0.341352
-0.493998
-0.682554
-0.792907
-0.776787
-0.764709
-0.496199
-0.342686
0.116471
0.322721
0.751280
0.779304
0.925393
0.624992
0.434535
-0.066870
-0.345670
-0.745739
-0.826501
-0.916008
-0.689208
-0.475616
-0.076773
0.238474
0.584277
0.822256
0.957932
1.057877
0.986315
0.959779
0.639230
0.478088
0.016450
-0.130698
-0.516737
-0.413141
-0.513157
-0.168701
-0.075170
0.277609
0.296743
0.345099
0.108948
-0.167993
-0.516347
-0.809592
-0.971041
-0.990678
-0.903804
-0.686089
-0.552542
-0.290142
-0.318907
-0.177361
-0.438634
-0.408938
-0.761128
-0.679802
-0.901953
-0.668106
-0.709274
-0.395494
-0.291500
0.079906
0.380788
0.789803
1.246358
1.584912
1.917751
1.859895
1.805708
1.272387
0.831425
0.086796
-0.388603
-0.971234
-1.199267
-1.413496
-1.316094
-1.180982
-0.873979
-0.567992
-0.318412
-0.013704
0.071925
0.396962
0.387656
0.812831
0.656831
1.020887
0.624513
0.857176
0.354991
0.591957
0.237748
0.483406
0.197233
0.321698
-0.000881
-0.065837
-0.366229
-0.472181
-0.745392
-0.783445
-0.985688
-0.837693
-0.891420
-0.477678
-0.354599
0.224963
0.361557
0.792310
0.687068
0.644573
0.201607
-0.206636
-0.643241
-0.929444
-0.969363
-0.892284
-0.617525
-0.327785
-0.015299
0.334412
0.557397
0.844916
0.856558
0.894034
0.542169
0.275788
-0.224854
-0.497493
-0.806084
-0.771011
-0.691967
-0.327303
-0.010423
0.459014
0.726656
0.991070
0.960441
0.868035
0.562171
0.245370
-0.120374
-0.485349
-0.744769
-1.052368
-1.096453
-1.208878
-0.886416
-0.672618
-0.020713
0.353208
0.967516
1.073498
1.209250
0.870341
0.622075
0.147047
-0.132213
-0.447376
-0.633765
-0.839148
-0.986495
-1.041830
-1.010814
-0.809966
-0.557398
-0.190847
0.077096
0.310768
0.428556
0.429627
0.409596
0.307561
0.356474
0.337920
0.519070
0.592535
0.755232
0.767491
0.785273
0.765988
0.761306
0.875450
0.905549
1.006385
0.812125
0.606756
0.082799
-0.232431
-0.656226
-0.645829
-0.669455
-0.327748
-0.197676
0.064027
0.022411
-0.031298
-0.278957
-0.570932
-0.821046
-1.104598
-1.113025
-1.196577
-0.880712
-0.762626
-0.220121
-0.043107
0.564203
0.631888
1.031637
0.952026
1.252417
1.052904
1.189460
0.918036
0.788309
0.249446
-0.122669
-0.668018
-0.885867
-1.070207
-0.944595
-0.776469
-0.494447
-0.253532
-0.108872
0.119668
0.133603
0.359487
0.253754
0.423160
0.196220
0.296151
0.085228
0.262973
0.220587
0.443144
0.473955
0.537788
0.397219
0.158992
-0.142902
-0.554108
-0.824239
-1.123449
-1.153208
-1.165863
-0.914716
-0.609887
-0.142212
0.384573
0.818585
1.271534
1.355668
1.415521
0.998642
0.696090
0.057110
-0.296817
-0.802692
-1.036275
-1.234629
-1.186574
-0.992081
-0.681363
-0.145750
0.259746
0.726584
0.866976
0.993513
0.857043
0.749564
0.618553
0.524572
0.511547
0.455157
0.483764
0.440245
0.439248
0.402744
0.289455
0.172064
-0.109394
-0.295695
-0.567489
-0.677634
-0.783500
-0.772936
-0.744952
-0.708190
-0.645948
-0.566356
-0.473864
-0.259057
-0.054147
0.282221
0.463138
0.696400
0.579996
0.447483
0.007684
-0.330963
-0.776527
-0.903171
-0.991362
-0.651945
-0.303514
0.332803
0.778517
1.255028
1.336118
1.235003
0.797323
0.244390
-0.340423
-0.873249
-1.114949
-1.186878
-0.876312
-0.486322
0.177673
0.680740
1.230542
1.411555
1.527148
1.211512
0.918129
0.301621
-0.076568
-0.669895
-0.827913
-1.192411
-1.056538
-1.218331
-0.865171
-0.898896
-0.498514
-0.545395
-0.268369
-0.384844
-0.217109
-0.240475
-0.017030
0.145008
0.396805
0.574782
0.676415
0.698961
0.654123
0.587479
0.567166
0.559659
0.637006
0.583717
0.550987
0.253505
-0.029498
-0.490247
-0.785494
-1.080043
-1.149690
-1.118489
-0.980025
-0.705788
-0.461869
-0.036223
0.223255
0.736396
0.891397
1.300826
1.199521
1.363490
0.937411
0.874700
0.273470
0.159593
-0.288562
-0.172839
-0.259711
0.127528
0.243229
0.526392
0.390149
0.273701
-0.245552
-0.574044
-1.125259
-1.250957
-1.564576
-1.334697
-1.375313
-0.983161
-0.925060
-0.543421
-0.420337
-0.163445
0.005669
0.128869
0.323325
0.263571
0.426436
0.252401
0.407529
0.267929
0.540361
0.609039
1.020404
1.151876
1.417425
1.181790
0.922978
0.166762
-0.314972
-0.948217
-0.965692
-0.958366
-0.414128
-0.109556
0.278155
0.317344
0.204864
0.013295
-0.295519
-0.309172
-0.494625
-0.241577
-0.360406
-0.110408
-0.400672
-0.354846
-0.784780
-0.801333
-0.995877
-0.701962
-0.426492
0.207909
0.763134
1.305152
1.507917
1.643908
1.371681
1.134373
0.620018
0.425614
-0.090659
-0.122715
-0.506512
-0.376654
-0.608231
-0.383190
-0.474323
-0.253032
-0.284657
-0.173503
-0.208207
-0.217819
-0.240328
-0.328681
-0.372609
-0.536229
-0.582886
-0.670927
-0.466894
-0.225633
0.297811
0.717821
1.186117
1.316736
1.307820
0.882454
0.350635
-0.390546
-1.056191
-1.663813
-1.931404
-2.045794
-1.779705
-1.512755
-0.928493
-0.563093
0.052332
0.297255
0.790817
0.846874
1.128345
0.993962
1.070173
0.811287
0.725899
0.398725
0.216186
-0.073168
-0.200508
-0.273078
-0.183722
0.067180
0.294448
0.550386
0.542717
0.486306
0.067099
-0.262654
-0.806958
-1.027770
-1.323446
-1.103230
-0.958875
-0.295087
0.072214
0.814422
0.937602
1.332665
1.031678
1.114782
0.614912
0.634034
0.184227
0.188515
-0.243769
-0.347749
-0.768477
-0.862183
-0.977616
-0.830029
-0.561621
-0.201493
0.213475
0.461502
0.763658
0.829082
0.984214
0.907582
0.914345
0.696853
0.571747
0.276789
0.152250
-0.068854
-0.058703
-0.159595
-0.088774
-0.199030
-0.229463
-0.446813
-0.614801
-0.857132
-1.025235
-1.144493
-1.173819
-1.100121
-0.957599
-0.691084
-0.333151
0.102354
0.564853
1.005862
1.324357
1.455487
1.363128
1.050255
0.570723
0.033887
-0.463558
-0.836403
-1.017361
-1.021381
-0.898803
-0.687618
-0.498950
-0.259123
-0.129536
0.101269
0.220905
0.519826
0.669612
0.982505
1.042755
1.138474
0.928545
0.769388
0.409499
0.284190
0.089304
0.234149
0.220697
0.501410
0.423182
0.645710
0.381750
0.513349
0.135534
0.157143
-0.218307
-0.192039
-0.404460
-0.246848
-0.123827
0.107174
0.306429
0.334004
0.223866
-0.112551
-0.524353
-0.913813
-1.315678
-1.438526
-1.556689
-1.391783
-1.209981
-0.832697
-0.319822
0.029249
0.595410
0.526078
0.802641
0.132614
0.148803
-0.613834
-0.469509
-0.967287
-0.572482
-0.774617
-0.375568
-0.385336
0.040953
0.293267
0.839241
1.221148
1.621444
1.728753
1.646332
1.245694
0.813006
0.274395
-0.053489
-0.329281
-0.287815
-0.197110
0.129253
0.383251
0.575912
0.574672
0.370319
0.053249
-0.315667
-0.498484
-0.664019
-0.622482
-0.845413
-0.985784
-1.664223
-1.949475
-2.679799
-2.378875
-2.450967
-1.290541
-0.957528
0.390520
0.396916
1.141851
0.621430
0.824627
0.153037
0.173414
-0.246192
-0.144588
-0.180765
0.018903
0.189939
0.314898
0.442435
0.391671
0.411975
0.322698
0.386781
0.425592
0.574718
0.664063
0.743433
0.697492
0.595799
0.476677
0.443312
0.527226
0.771332
1.024709
1.271553
1.224156
1.067437
0.501555
0.045187
-0.701494
-0.917702
-1.307679
-0.939989
-0.922868
-0.239995
-0.292247
0.144469
-0.342873
-0.243655
-0.819880
-0.643943
-0.901006
-0.451827
-0.375033
0.087451
0.213907
0.496919
0.558536
0.660284
0.632493
0.598258
0.386700
0.162601
-0.271867
-0.561056
-1.008172
-1.055417
-1.176646
-0.774819
-0.464289
0.233142
0.736342
1.322360
1.713466
1.890917
2.023071
1.737354
1.623297
1.035302
0.849004
0.131900
-0.022816
-0.646048
-0.680179
-1.075430
-0.870858
-0.922550
-0.521324
-0.399541
-0.080737
-0.081087
-0.037567
-0.218923
-0.354511
-0.553922
-0.660065
-0.738305
-0.780415
-0.755084
-0.715152
-0.519452
-0.370590
0.047773
0.299905
0.817248
0.931782
1.304451
1.085229
1.176385
0.614573
0.519663
-0.113185
-0.093075
-0.487751
-0.139739
-0.202810
0.337158
0.332551
0.722090
0.452800
0.480028
-0.042524
-0.169936
-0.645519
-0.609296
-0.839314
-0.609489
-0.726200
-0.481141
-0.619434
-0.348858
-0.338243
0.067388
0.151705
0.436860
0.296650
0.161248
-0.253437
-0.515986
-0.692154
-0.597202
-0.222977
0.263847
0.883934
1.287615
1.673040
1.579638
1.490327
0.921427
0.552650
-0.190253
-0.430926
-0.946023
-0.695815
-0.685690
-0.055783
0.090187
0.600845
0.454655
0.479579
0.161329
0.029224
-0.081780
-0.176897
-0.135622
-0.378165
-0.421380
-0.879234
-0.949718
-1.253250
-1.059432
-0.973246
-0.518682
-0.212682
0.171338
0.400682
0.586904
0.704641
0.857487
0.911641
0.976009
0.735984
0.595947
0.021554
-0.148239
-0.700910
-0.472662
-0.674794
-0.022413
0.008799
0.747301
0.654143
1.073849
0.598716
0.507186
-0.192198
-0.466566
-0.962776
-1.014079
-1.005501
-0.775453
-0.428493
-0.167564
0.213241
0.300110
0.512174
0.340960
0.367334
0.024272
0.004026
-0.289731
-0.218719
-0.393028
-0.246935
-0.342590
-0.139612
-0.024659
0.377194
0.775207
1.271762
1.556795
1.588033
1.216121
0.626756
-0.260307
-0.907096
-1.609137
-1.734723
-1.935521
-1.428231
-1.212724
-0.462397
-0.164549
0.383661
0.418263
0.495998
0.297176
0.137593
0.036182
-0.080962
0.034356
-0.017362
0.209139
0.186904
0.514109
0.586334
1.018215
1.094482
1.434453
1.264236
1.225545
0.661839
0.337817
-0.303988
-0.555714
-0.982051
-0.944826
-1.167462
-1.065625
-1.280569
-1.134748
-1.230152
-0.871723
-0.735671
-0.208613
-0.045719
0.301452
0.217166
0.307195
0.059203
0.085601
-0.030727
0.140755
0.252807
0.549116
0.793304
0.997529
1.142737
1.038027
0.912052
0.497096
0.192025
-0.335349
-0.649734
-1.093701
-1.297456
-1.502986
-1.468297
-1.336487
-0.986323
-0.576434
-0.127572
0.257097
0.545009
0.686393
0.750643
0.686010
0.630996
0.461768
0.383745
0.198351
0.191424
0.120650
0.270016
0.336586
0.513588
0.488664
0.390138
0.005682
-0.456529
-1.234929
-1.784204
-2.088089
-1.924656
-1.565364
-0.649230
0.169823
0.905764
1.245715
1.375516
1.092489
0.708036
0.176616
-0.163020
-0.442985
-0.414107
-0.406655
-0.182806
-0.133748
0.033591
0.008287
0.091339
0.115104
0.274338
0.508026
0.790947
1.094055
1.196673
1.143533
0.730673
0.172466
-0.601520
-1.269557
-1.750979
-1.945097
-1.799523
-1.482170
-0.918004
-0.537024
-0.065213
0.103699
0.391734
0.441871
0.653306
0.721948
0.910559
0.923949
0.936031
0.725085
0.516059
0.094391
-0.149529
-0.511693
-0.500543
-0.533568
-0.280342
-0.156713
-0.000861
-0.040469
-0.242044
-0.444705
-0.730795
-0.753465
-0.771904
-0.420795
-0.128297
0.314695
0.531136
0.648802
0.479559
0.183158
-0.177318
-0.501339
-0.670376
-0.728837
-0.587683
-0.386452
-0.087440
0.281631
0.646197
1.110169
1.386026
1.761711
1.710843
1.745933
1.200167
0.823731
-0.003260
-0.440175
-1.182222
-1.345011
-1.676840
-1.485013
-1.480440
-1.038687
-0.789962
-0.271192
0.096234
0.504961
0.793530
0.845694
0.874136
0.472797
0.313054
-0.200698
-0.154912
-0.392843
0.078524
0.173983
0.738140
0.697517
0.890365
0.498555
0.328458
-0.129730
-0.268972
-0.478278
-0.462964
-0.492317
-0.431386
-0.405353
-0.303662
-0.149231
0.067062
0.392054
0.676701
1.043782
1.135865
1.272504
0.856772
0.495843
-0.505358
-1.186641
-2.274257
-2.519199
-2.836687
-2.132977
-1.587358
-0.380225
0.199313
0.925557
0.934336
1.012610
0.686453
0.535151
0.403675
0.341101
0.439884
0.410643
0.608311
0.511026
0.694589
0.545963
0.698081
0.465333
0.521820
0.072283
-0.115919
-0.900738
-1.257565
-2.051601
-2.083750
-2.405334
-1.750632
-1.495273
-0.522352
-0.229027
0.487922
0.457646
0.737448
0.436816
0.467766
0.149360
0.111576
-0.047032
-0.009702
0.045607
0.149551
0.302237
0.336504
0.460221
0.443573
0.619605
0.733942
1.061551
1.235286
1.380328
1.177093
0.797463
0.048849
-0.691795
-1.480895
-1.875812
-2.118011
-1.790146
-1.450913
-0.724710
-0.344262
0.233776
0.242508
0.462048
0.139723
0.133387
-0.256933
-0.247649
-0.471987
-0.270542
-0.257944
0.089199
0.158241
0.460058
0.404156
0.623123
0.438637
0.620395
0.338990
0.380133
-0.067875
-0.242699
-0.712052
-0.844074
-0.965542
-0.782702
-0.465372
-0.086334
0.350998
0.606923
0.867261
0.868269
0.890941
0.749958
0.681584
0.579074
0.551813
0.562016
0.543094
0.564092
0.441410
0.346939
0.104760
-0.108449
-0.379537
-0.645152
-0.834478
-1.086658
-1.124771
-1.303130
-1.170389
-1.254372
-0.960246
-0.943023
-0.525438
-0.421951
0.085510
0.244833
0.688620
0.793897
1.062860
1.013943
0.988383
0.836602
0.605138
0.453289
0.161661
0.098049
-0.198919
-0.215985
-0.485216
-0.441832
-0.597364
-0.426357
-0.439772
-0.203361
-0.154818
0.077501
0.165734
0.416732
0.547491
0.741445
0.834402
0.907485
0.919174
0.912144
0.916852
0.854974
0.784517
0.537751
0.257649
-0.237944
-0.624203
-1.081184
-1.197971
-1.257485
-0.902496
-0.575285
-0.060766
0.226457
0.424461
0.311488
0.016477
-0.440610
-0.909358
-1.181372
-1.278236
-0.994038
-0.659342
-0.033413
0.220779
0.650767
0.495768
0.589222
0.087853
0.012926
-0.439446
-0.404576
-0.467793
-0.237237
-0.024902
0.110913
0.346106
0.225196
0.434553
0.313754
0.651034
0.504402
0.761777
0.448989
0.369431
-0.081789
-0.291713
-0.429997
-0.381919
0.014770
0.195601
0.717187
0.593498
0.870650
0.460008
0.651389
0.327460
0.542554
0.256147
0.280009
-0.183533
-0.443610
-0.995348
-1.285184
-1.647391
-1.670229
-1.643654
-1.302668
-0.903524
-0.304034
0.221077
0.790212
1.120126
1.447855
1.451628
1.650674
1.277523
1.317583
0.696093
0.626686
-0.137724
-0.055224
-0.584473
-0.274900
-0.477630
-0.040115
-0.064706
0.272001
0.125608
0.154034
-0.193611
-0.269406
-0.529886
-0.403579
-0.472331
-0.280005
-0.393853
-0.369859
-0.458683
-0.355959
-0.172974
0.066222
0.303907
0.295840
0.123191
-0.205239
-0.549053
-0.654178
-0.674656
-0.215997
0.067844
0.712427
0.895246
1.361700
1.260689
1.365972
0.952232
0.633857
0.010204
-0.484184
-0.987498
-1.336619
-1.433545
-1.458865
-1.134537
-0.852614
-0.242819
0.116506
0.696016
0.820397
1.103750
0.895679
0.913924
0.515019
0.436168
0.030240
-0.056467
-0.449065
-0.588236
-0.891529
-0.984853
-1.076084
-0.965273
-0.640776
-0.286766
0.344331
0.714312
1.270214
1.217894
1.330042
0.796356
0.665499
0.132597
0.199016
0.072445
0.383686
0.489165
0.660593
0.628010
0.385347
0.097247
-0.438665
-0.764902
-1.195103
-1.300831
-1.328059
-1.087946
-0.705036
-0.348632
0.091892
0.199804
0.344567
0.143958
0.088609
-0.097328
-0.088420
-0.086677
-0.071526
-0.081988
-0.239158
-0.361715
-0.536482
-0.520850
-0.372976
0.048727
0.602980
1.242239
1.764137
2.100085
1.945776
1.516607
0.602106
-0.305941
-1.486709
-2.075907
-2.718392
-2.524841
-2.421386
-1.562310
-1.147247
-0.264429
-0.019563
0.510036
0.490332
0.709049
0.645940
0.719021
0.653667
0.583434
0.484845
0.293884
0.192097
0.027407
0.030148
-0.012348
0.100329
0.119324
0.206776
0.127156
0.023442
-0.251512
-0.563274
-0.919292
-1.331062
-1.621115
-1.865511
-1.887346
-1.785453
-1.526126
-1.055563
-0.696386
-0.188387
0.036952
0.526527
0.644238
1.072964
1.193225
1.502926
1.518520
1.528990
1.327604
1.064779
0.771279
0.491880
0.296087
0.206186
0.151038
0.172497
0.054616
0.008809
-0.282873
-0.395640
-0.711921
-0.705009
-0.814548
-0.532216
-0.353991
0.099375
0.366305
0.673039
0.666763
0.556953
0.144358
-0.260641
-0.738242
-1.016803
-1.201273
-1.109103
-0.894269
-0.558277
-0.091810
0.305812
0.807036
1.031894
1.418530
1.284268
1.421347
0.911932
0.772915
0.086908
-0.053774
-0.691976
-0.642292
-1.002100
-0.762751
-0.855640
-0.475561
-0.360284
0.009459
0.167067
0.297957
0.293504
0.075626
-0.103530
-0.532174
-0.648117
-0.902395
-0.655811
-0.466661
0.209422
0.705262
1.416679
1.770456
2.032957
1.872399
1.484547
0.847238
0.076998
-0.628276
-1.238393
-1.538293
-1.587610
-1.365036
-0.930098
-0.495471
-0.048835
0.125260
0.188662
0.022122
-0.149428
-0.152327
-0.094211
0.259953
0.436481
0.782724
0.604316
0.579238
0.105664
0.002405
-0.271556
-0.102283
-0.071767
0.267015
0.247876
0.278016
-0.095663
-0.372072
-0.829949
-0.988196
-1.166609
-0.942110
-0.747303
-0.253167
0.136265
0.718060
1.075442
1.483402
1.515960
1.450397
1.047253
0.604405
0.037015
-0.382524
-0.715260
-0.837198
-0.835425
-0.708894
-0.508717
-0.292670
-0.063641
0.054903
0.149104
0.033441
-0.070456
-0.366842
-0.528977
-0.803759
-0.830292
-0.902205
-0.680336
-0.474833
0.021473
0.451677
1.043290
1.429638
1.777973
1.767447
1.616900
1.133825
0.574601
-0.081628
-0.602885
-0.980832
-1.107358
-1.037423
-0.858785
-0.630910
-0.521537
-0.435048
-0.562089
-0.579416
-0.791503
-0.702707
-0.758234
-0.388773
-0.176661
0.450996
0.768975
1.262408
1.325599
1.444355
1.166856
1.054856
0.718531
0.618586
0.334366
0.246644
0.001156
-0.051510
-0.142566
-0.040285
0.072453
0.270972
0.416257
0.538237
0.544565
0.541826
0.432828
0.354719
0.155112
0.017647
-0.285740
-0.510350
-0.848046
-1.066431
-1.256811
-1.279016
-1.206498
-0.913510
-0.480707
0.051330
0.670617
1.165789
1.530105
1.538418
1.332934
0.840506
0.263832
-0.350174
-0.828069
-1.100935
-1.211342
-1.010031
-0.726345
-0.239493
0.145075
0.576575
0.785811
0.961443
0.904537
0.790956
0.493462
0.175193
-0.236115
-0.599250
-0.883104
-1.066672
-1.055408
-0.921053
-0.568422
-0.216723
0.262904
0.568409
0.829088
0.822812
0.733296
0.449783
0.174205
-0.161006
-0.395291
-0.602135
-0.655007
-0.635490
-0.460694
-0.225062
0.082707
0.350212
0.546872
0.577271
0.472547
0.184002
-0.120346
-0.491940
-0.692095
-0.846151
-0.744700
-0.604575
-0.268467
0.038810
0.429068
0.694686
0.936611
0.930686
0.855326
0.471597
0.153896
-0.406014
-0.682272
-1.106526
-1.084158
-1.129312
-0.673898
-0.333009
0.367960
0.784794
1.282206
1.282206
1.235293
0.834708
0.584396
0.230303
0.198757
0.104813
0.241017
0.140848
0.246350
0.100048
0.380674
0.352484
0.755239
0.599946
0.643889
-0.077911
-0.497992
-1.383661
-1.652128
-1.966472
-1.583970
-1.229441
-0.528532
-0.096815
0.229824
0.182951
-0.095131
-0.505010
-0.905619
-1.069735
-1.079144
-0.852851
-0.599077
-0.454334
-0.370644
-0.499405
-0.448955
-0.462675
-0.074186
0.268161
0.885027
1.305169
1.653204
1.705867
1.509903
1.245594
0.704354
0.394305
-0.070623
-0.122198
-0.382560
-0.143245
-0.153346
0.261793
0.353146
0.719033
0.603815
0.607865
0.082481
-0.236712
-0.906020
-1.116965
-1.556844
-1.323691
-1.375404
-0.738407
-0.521736
0.273882
0.492505
1.085266
1.024985
1.162395
0.791723
0.587313
0.192589
0.005014
-0.151600
-0.179957
-0.149588
-0.141575
-0.077596
-0.076296
0.069423
0.124147
0.338124
0.252988
0.253750
-0.223702
-0.508771
-1.221613
-1.413120
-1.889963
-1.584399
-1.573715
-0.825985
-0.544215
0.262521
0.455661
0.995967
0.946694
1.141371
0.977636
1.001463
0.833846
0.751065
0.610976
0.390712
0.205383
-0.098459
-0.214393
-0.416344
-0.321079
-0.309100
-0.004440
0.164250
0.502046
0.631555
0.787976
0.708189
0.578667
0.276049
-0.077966
-0.574117
-1.030200
-1.477729
-1.788707
-1.910983
-1.810631
-1.419429
-0.990610
-0.311717
0.055983
0.620094
0.646952
0.919266
0.698216
0.853158
0.685708
0.842520
0.784691
0.854303
0.785728
0.649259
0.505575
0.249782
0.132088
-0.072201
-0.105568
-0.230589
-0.289512
-0.394602
-0.512101
-0.550998
-0.670730
-0.620716
-0.772709
-0.727684
-0.935747
-0.855722
-0.912362
-0.644494
-0.440567
-0.013009
0.298306
0.621396
0.803575
0.905011
0.884454
0.765256
0.572010
0.321839
0.003512
-0.299060
-0.613979
-0.780925
-0.928857
-0.832177
-0.756871
-0.446340
-0.265034
0.114144
0.310097
0.701821
0.888293
1.178986
1.160130
1.103302
0.696110
0.245915
-0.368988
-0.841783
-1.206838
-1.335855
-1.213973
-0.947481
-0.452203
-0.025473
0.547069
0.830965
1.150283
1.095019
1.091510
0.802913
0.634388
0.342383
0.146022
-0.116400
-0.337665
-0.526495
-0.631260
-0.528377
-0.349156
0.009218
0.240437
0.473357
0.384084
0.291164
-0.051047
-0.253177
-0.611705
-0.721844
-0.986774
-0.945036
-1.066984
-0.794438
-0.701320
-0.189185
0.072550
0.625482
0.803637
1.032170
0.884688
0.661997
0.322507
0.001668
-0.135308
-0.205014
-0.001685
0.167065
0.468379
0.586063
0.644173
0.408497
0.079136
-0.442167
-0.838988
-1.185112
-1.229284
-1.206271
-0.975064
-0.850397
-0.645644
-0.543462
-0.258330
0.037261
0.544700
0.966344
1.407292
1.510934
1.457091
1.120372
0.717494
0.342937
0.039603
-0.026532
-0.141090
-0.035631
-0.180393
-0.090680
-0.295258
-0.136738
-0.243644
0.063575
0.007642
0.288258
0.041691
0.050598
-0.529497
-0.756269
-1.360261
-1.405793
-1.560383
-1.061475
-0.664737
0.201262
0.771480
1.488408
1.733989
1.879827
1.567680
1.122187
0.496166
-0.165584
-0.556631
-0.920878
-0.789399
-0.812228
-0.348174
-0.370500
-0.009010
-0.299886
-0.168425
-0.647316
-0.555269
-0.917627
-0.655508
-0.666094
-0.262471
-0.036215
0.280834
0.507219
0.530483
0.652883
0.484829
0.544526
0.376039
0.398047
0.292781
0.180937
0.054637
-0.255375
-0.412878
-0.751685
-0.784634
-0.945748
-0.754731
-0.658007
-0.268114
0.055360
0.579797
1.000667
1.441506
1.636503
1.665922
1.384039
0.963825
0.348958
-0.117471
-0.613578
-0.631771
-0.672475
-0.133184
0.136273
0.844560
0.925541
1.226478
0.840273
0.669915
0.131224
-0.090769
-0.324401
-0.372648
-0.268341
-0.310620
-0.055391
-0.239485
0.101304
-0.188766
0.148462
-0.293232
-0.097127
-0.751799
-0.726590
-1.295085
-1.165885
-1.373238
-0.943736
-0.855987
-0.368764
-0.340792
-0.047366
-0.196749
-0.074844
-0.251494
-0.143758
-0.161007
-0.003545
0.214981
0.388701
0.740780
0.819757
1.048615
0.822758
0.743107
0.273825
0.136720
-0.107605
0.189297
0.416271
0.997502
1.082455
1.156272
0.433498
-0.192266
-1.162811
-1.670339
-1.964121
-1.722463
-1.256721
-0.732925
-0.034758
0.193526
0.620574
0.347631
0.452411
-0.162611
-0.164158
-0.701631
-0.467779
-0.686081
-0.326326
-0.384718
-0.172211
-0.221193
-0.127512
-0.014582
0.179429
0.498617
0.739015
0.895809
0.866159
0.645257
0.439925
0.118426
0.185534
0.149142
0.666681
0.754440
1.268456
1.003557
1.043731
0.202941
-0.139984
-1.086200
-1.385651
-1.954936
-1.881099
-1.952895
-1.674978
-1.413443
-1.063647
-0.553277
-0.212096
0.495253
0.716683
1.464773
1.391378
2.016936
1.594245
1.991129
1.238688
1.361755
0.475088
0.459741
-0.261491
-0.214686
-0.643797
-0.565764
-0.760003
-0.670112
-0.664258
-0.563776
-0.439199
-0.426125
-0.287651
-0.346701
-0.111461
-0.083396
0.276334
0.342847
0.570646
0.432059
0.279958
-0.097622
-0.447812
-0.705638
-0.769135
-0.508225
-0.114128
0.495733
0.906124
1.254052
1.075379
0.867192
0.184622
-0.102271
-0.568133
-0.252672
-0.072065
0.684172
0.970868
1.377270
1.123151
0.830698
0.265691
-0.172980
-0.457064
-0.578057
-0.393770
-0.326109
-0.022406
-0.123638
0.023925
-0.371134
-0.385639
-0.843270
-0.766560
-1.000318
-0.660633
-0.628362
-0.234556
-0.287057
-0.218675
-0.646767
-0.808798
-1.120863
-0.858143
-0.497248
0.448557
1.176793
2.008269
2.210531
2.293035
1.702115
1.264701
0.403639
0.032870
-0.580067
-0.610102
-0.885780
-0.695317
-0.735684
-0.518785
-0.424331
-0.239573
-0.064954
0.077659
0.224036
0.282098
0.309769
0.305102
0.299066
0.352631
0.460517
0.607725
0.853924
0.975813
1.237353
1.201927
1.386182
1.080286
1.050031
0.431866
0.177629
-0.604382
-0.840818
-1.387154
-1.266619
-1.294431
-0.752211
-0.395638
0.151397
0.374510
0.451555
0.239375
-0.069526
-0.392804
-0.569715
-0.596348
-0.387567
-0.167338
0.223709
0.420758
0.724369
0.691642
0.723047
0.364350
0.082793
-0.526604
-0.906894
-1.446428
-1.573087
-1.737891
-1.399668
-1.119285
-0.421595
0.095796
0.814060
1.237236
1.674080
1.761930
1.723616
1.510224
1.163950
0.876951
0.493818
0.350670
0.041546
-0.031062
-0.345468
-0.491032
-0.793389
-0.966545
-1.070780
-1.097056
-0.840849
-0.684020
-0.268560
-0.213783
0.026782
-0.176947
-0.129307
-0.370728
-0.241827
-0.280948
0.019057
0.149405
0.459186
0.592696
0.721796
0.756691
0.606468
0.532041
0.122149
0.000113
-0.542324
-0.567244
-0.971096
-0.721331
-0.701907
-0.143684
0.142769
0.686761
0.873390
0.958613
0.738937
0.334298
-0.189553
-0.778083
-1.214956
-1.500998
-1.463103
-1.180369
-0.654145
0.003919
0.612969
1.151281
1.389896
1.452585
1.177231
0.804516
0.263120
-0.175585
-0.547792
-0.694653
-0.679810
-0.485032
-0.284097
-0.061391
-0.006161
0.014561
-0.149763
-0.228595
-0.388417
-0.329922
-0.292128
-0.031832
0.182665
0.540103
0.782197
1.048027
1.150007
1.111729
0.910918
0.498261
0.094377
-0.473744
-0.743538
-1.113535
-1.067533
-1.223200
-1.022617
-1.118317
-0.897430
-0.887261
-0.487809
-0.198136
0.420984
0.845475
1.348138
1.469854
1.461764
1.105305
0.653558
0.150285
-0.318993
-0.555310
-0.782494
-0.685481
-0.677488
-0.385286
-0.242661
0.055916
0.218132
0.300102
0.337024
0.088489
0.045084
-0.369448
-0.323709
-0.701430
-0.459969
-0.679977
-0.209415
-0.118407
0.498548
0.749301
1.212643
1.267607
1.206026
0.875193
0.386437
-0.077156
-0.572973
-0.809217
-0.946953
-0.818806
-0.605099
-0.279361
0.053696
0.324078
0.529660
0.555441
0.512153
0.288278
0.084219
-0.213805
-0.397582
-0.607056
-0.702590
-0.778157
-0.793680
-0.705948
-0.631560
-0.344500
-0.202891
0.202134
0.258221
0.541533
0.326375
0.371067
-0.050514
-0.077976
-0.405374
-0.255352
-0.277454
0.095710
0.350446
0.792061
1.133755
1.402349
1.544590
1.439194
1.265039
0.797620
0.405761
-0.107982
-0.442584
-0.770858
-0.868537
-0.909493
-0.785180
-0.629153
-0.385572
-0.199873
-0.018535
0.025231
0.033234
-0.102038
-0.226131
-0.445152
-0.579552
-0.766877
-0.793814
-0.839658
-0.600983
-0.357166
0.134338
0.550774
1.054186
1.315541
1.448250
1.305165
0.979291
0.501918
-0.071137
-0.591976
-1.041262
-1.273561
-1.339041
-1.119702
-0.758448
-0.199022
0.301018
0.790533
0.963995
0.973949
0.627984
0.231435
-0.250094
-0.559261
-0.680678
-0.559854
-0.281645
0.007063
0.313786
0.467798
0.616273
0.672293
0.802194
0.814349
0.796798
0.534058
0.162546
-0.331057
-0.763691
-1.076004
-1.136065
-1.013294
-0.734802
-0.457698
-0.150969
-0.022124
0.102697
0.057847
0.066345
0.016478
-0.008129
-0.011892
-0.102723
-0.075522
-0.206492
-0.065841
-0.083453
0.188901
0.305689
0.623765
0.760066
0.994489
1.040569
1.054331
0.800149
0.445063
-0.162391
-0.749510
-1.368318
-1.638849
-1.715407
-1.288204
-0.752322
0.101764
0.693434
1.264083
1.305356
1.256351
0.724549
0.260565
-0.379991
-0.767997
-1.085144
-1.112330
-0.998302
-0.738292
-0.432504
-0.185087
-0.002041
0.018862
-0.022532
-0.174197
-0.282937
-0.358720
-0.312819
-0.133163
0.090990
0.470897
0.660739
0.981383
0.957141
1.115977
1.007280
1.270095
1.402229
1.724673
1.944266
1.958912
1.761779
1.219651
0.678178
-0.071436
-0.550095
-1.032834
-1.174167
-1.267742
-1.098305
-0.961379
-0.705192
-0.606517
-0.480769
-0.534913
-0.549501
-0.611783
-0.550797
-0.428451
-0.194752
0.036010
0.262360
0.322230
0.292757
0.102971
-0.125645
-0.324127
-0.585228
-0.584483
-0.825971
-0.659635
-0.887516
-0.577892
-0.678856
-0.208932
-0.105096
0.461427
0.684096
1.183137
1.332604
1.521245
1.414001
1.218748
0.893454
0.430060
0.112543
-0.431639
-0.539024
-0.998954
-0.836844
-1.053862
-0.724439
-0.836335
-0.503284
-0.577969
-0.345900
-0.372503
-0.126254
-0.130465
0.153460
0.185435
0.582341
0.687902
1.148204
1.179493
1.398047
1.113303
0.936670
0.416210
0.091707
-0.372073
-0.607545
-0.936665
-1.170017
-1.498517
-1.712084
-1.869699
-1.730295
-1.434958
-0.802319
-0.191055
0.524451
0.894936
1.212999
1.078540
0.971245
0.525948
0.232212
-0.139964
-0.325745
-0.440088
-0.436853
-0.300399
-0.238276
-0.016427
-0.022159
0.225136
0.168687
0.475223
0.333079
0.545745
0.144924
0.065931
-0.584555
-0.736974
-1.228422
-1.044655
-1.005614
-0.402649
-0.015490
0.680402
0.991412
1.422097
1.400529
1.394828
1.039706
0.778485
0.351784
0.136180
-0.089104
-0.115067
-0.190714
-0.165918
-0.306129
-0.364394
-0.601461
-0.701685
-0.884113
-0.901398
-0.880142
-0.769099
-0.531256
-0.371352
-0.043286
0.063428
0.376739
0.417135
0.686054
0.745313
0.990266
1.033621
1.190093
1.160728
1.127969
0.913569
0.683618
0.318979
-0.013623
-0.370922
-0.576191
-0.733135
-0.665553
-0.588539
-0.287606
-0.112617
0.226070
0.266080
0.397702
0.144175
0.005213
-0.436560
-0.652215
-0.986404
-1.025969
-1.050194
-0.788846
-0.479002
-0.052686
0.380670
0.678882
0.957560
0.930347
1.054648
0.785617
0.847018
0.476476
0.475058
-0.034179
-0.139425
-0.662967
-0.677872
-0.907958
-0.553929
-0.389279
0.208856
0.371414
0.743921
0.542778
0.563939
0.123816
0.053655
-0.353042
-0.294491
-0.531805
-0.264214
-0.285346
0.148474
0.203565
0.536770
0.506161
0.610495
0.514923
0.390227
0.242909
-0.176326
-0.483601
-1.012148
-1.181455
-1.346475
-1.116069
-0.787316
-0.414515
0.016966
0.173287
0.484359
0.434556
0.622076
0.423813
0.400336
0.023228
-0.230084
-0.573896
-0.728616
-0.635028
-0.434660
0.025385
0.230743
0.507358
0.245046
0.084389
-0.455373
-0.632166
-0.869001
-0.655046
-0.428527
0.035203
0.436313
0.800582
1.035839
1.078073
1.009621
0.743030
0.475289
0.145716
-0.071741
-0.300690
-0.480280
-0.727018
-1.033584
-1.359784
-1.584144
-1.640421
-1.423666
-1.004819
-0.343098
0.232669
0.904738
1.160961
1.515198
1.311514
1.459232
0.999041
1.109695
0.544276
0.626651
-0.004057
0.097068
-0.343141
-0.085571
-0.172542
0.110379
0.224703
0.170978
0.259684
-0.210515
-0.108089
-0.651490
-0.285866
-0.540565
0.106884
0.096061
0.539755
0.428601
0.429398
0.235091
0.086591
0.134791
0.133548
0.366598
0.331972
0.411115
0.133859
-0.004482
-0.396544
-0.516254
-0.785159
-0.712548
-0.764549
-0.552611
-0.504515
-0.353503
-0.406930
-0.544107
-0.800068
-1.177688
-1.411986
-1.711696
-1.553734
-1.450944
-0.872029
-0.513164
0.214249
0.520983
1.063371
1.176517
1.466923
1.361958
1.430040
1.143489
1.090762
0.734695
0.746349
0.489520
0.669886
0.534636
0.776999
0.624448
0.739196
0.492335
0.408118
0.058256
-0.226551
-0.654832
-1.036774
-1.386656
-1.640384
-1.737786
-1.678255
-1.480203
-1.168317
-0.813826
-0.382847
-0.078148
0.272233
0.346329
0.497421
0.245845
0.169520
-0.340426
-0.483111
-0.942962
-0.843989
-0.934850
-0.487491
-0.279441
0.202930
0.330274
0.460333
0.296209
0.089560
-0.234446
-0.547004
-0.835934
-1.043222
-1.203930
-1.184309
-1.138501
-0.844778
-0.621595
-0.165967
0.094923
0.490045
0.690029
0.876894
0.967036
0.889141
0.877654
0.588941
0.512051
0.187296
0.163923
-0.010265
0.080266
0.090065
0.168759
0.156600
0.041453
-0.157142
-0.390576
-0.629242
-0.729346
-0.847926
-0.737656
-0.774749
-0.578511
-0.615437
-0.387914
-0.354733
-0.046110
0.120532
0.498191
0.707109
0.958531
0.998216
1.000462
0.894235
0.831609
0.802593
0.895909
1.002900
1.149422
1.158028
1.148077
0.882831
0.615739
0.108710
-0.272774
-0.787623
-1.005023
-1.240177
-1.149112
-1.131970
-0.918414
-0.908511
-0.788954
-0.895550
-0.836142
-0.860260
-0.718754
-0.612828
-0.427323
-0.270837
-0.190563
-0.031293
-0.051448
0.121735
0.064874
0.187513
0.069243
0.149746
0.078697
0.178058
0.355797
0.534447
0.939770
1.019424
1.349792
1.015533
0.975770
0.237020
-0.053124
-0.698098
-0.819831
-0.982583
-0.893816
-0.660501
-0.655716
-0.395558
-0.544896
-0.341774
-0.587402
-0.354039
-0.444117
-0.157121
0.017961
0.384584
0.684455
0.897998
1.088811
1.015066
1.075589
0.889753
0.982278
0.847900
0.935059
0.741876
0.582180
0.186458
-0.255982
-0.727813
-1.194352
-1.470440
-1.683096
-1.636627
-1.522188
-1.249846
-0.942815
-0.637463
-0.309631
-0.117622
0.136100
0.194683
0.381162
0.370730
0.550925
0.503831
0.662547
0.578061
0.694600
0.600958
0.726820
0.716224
0.910507
0.957845
1.061245
1.045194
0.976676
0.792899
0.503002
0.187410
-0.280833
-0.708786
-1.255271
-1.627403
-2.027533
-2.079164
-2.145931
-1.514066
-1.347813
-0.937645
