5.031189
5.031189
5.031189
5.031189
5.031189
5.031189
5.031189
4.166414
1.864280
0.043162
-1.404777
-2.253816
-2.775990
-3.077525
-2.789179
-2.244302
-1.693933
-1.053181
-0.627101
-0.514656
-0.226038
0.254819
0.670290
0.817894
0.779344
0.691799
0.516607
0.518471
0.774273
0.846711
0.686756
0.435763
0.206014
-0.024961
-0.302891
-0.664855
-0.973567
-1.100347
-0.968623
-0.659595
-0.253988
-0.032253
0.079906
0.308366
0.055819
-0.599512
-1.021447
-1.134003
-0.974992
-0.707137
-0.290666
0.563739
1.343053
1.873708
1.814375
1.376239
1.170167
1.114852
0.570261
-0.457292
-0.199161
0.075314
-0.162323
0.002170
-0.644368
-0.800671
-0.562949
-1.149450
-0.918195
-0.814734
-1.107605
-0.167769
0.582645
0.559287
0.520082
-0.136728
-1.159816
-1.205249
-0.991443
-0.797738
-0.457886
-0.389082
-0.087254
0.291515
0.582726
1.204250
1.104988
0.771777
0.646388
0.465751
0.161501
-0.222208
0.239453
1.361825
1.568621
1.522738
1.062544
0.348656
0.350066
1.178303
1.820026
1.640577
0.830065
0.127808
-0.406902
-0.846670
-0.670290
-0.399826
-0.514589
-0.539869
-0.733927
-0.743570
-1.262771
-1.469484
-0.582006
0.142105
0.943331
1.281239
1.156971
1.343188
1.015279
0.460685
0.220491
0.160227
0.378578
0.309238
0.221540
0.346327
0.009944
-1.015883
-1.721884
-1.565583
-1.101634
-0.896499
-0.888514
-0.327556
0.452804
0.577824
0.591034
0.421377
0.551352
0.705013
0.638743
0.993259
1.197180
1.180963
0.995346
0.553399
-0.189917
-0.756870
-0.945769
-1.000054
-0.954580
-0.916221
-0.766193
-0.347972
0.021256
0.347731
0.478233
0.293823
0.335652
0.802805
1.049930
1.058905
0.984533
0.986053
0.825908
0.431305
0.096031
-0.288516
-0.576080
-0.693849
-1.194120
-1.565061
-1.228323
-0.530316
-0.186034
0.182601
0.914217
1.249162
1.315308
1.184833
0.576476
-0.360780
-1.107542
-1.376421
-1.274154
-1.063300
-0.780893
-0.311050
0.152507
0.500667
0.575352
0.413766
0.187726
0.046702
0.060177
-0.008411
-0.148307
-0.281969
-0.111921
0.217935
0.344424
0.745864
1.512936
1.810292
1.781542
1.620916
1.478745
1.080766
0.205111
-0.670290
-1.374514
-2.208403
-2.055776
-1.141593
-0.246332
0.703999
1.027144
1.157616
1.521313
1.549040
1.165488
0.686965
0.311076
-0.104007
-0.578299
-0.772893
-0.596768
-0.256410
0.173459
0.701486
0.474617
0.202641
0.538501
0.713637
0.281892
-0.689975
-1.066468
-0.923495
-0.670290
-0.148792
0.242802
0.481599
0.624593
0.069876
-0.960464
-1.443678
-1.727936
-2.239919
-2.516884
-2.077650
-0.795628
0.199342
0.015557
-0.120790
0.050613
0.604966
0.853991
0.401561
0.616407
0.687661
0.181511
0.227335
0.181574
-0.142784
0.074271
0.117051
-0.591069
-1.148900
-1.710503
-2.351580
-2.226750
-1.488524
-0.571736
0.508417
1.756368
2.757587
2.434297
2.069972
1.809296
1.562202
0.847745
-0.085840
-0.343253
-0.159180
-0.060931
-0.143268
-0.572199
-1.078502
-1.012195
-0.436862
-0.022785
0.398234
0.825321
0.923905
0.838182
0.408715
-0.164506
-0.541938
-0.816126
-1.223353
-1.323417
-1.171409
-1.399859
-1.727842
-1.412460
-0.875539
-0.428460
0.076967
0.783741
1.057417
0.582338
0.326368
0.005594
-0.439826
-0.741734
-0.812467
-0.243462
0.118948
0.319791
0.459687
0.573261
0.518259
0.141216
-0.215721
-0.190519
0.104141
0.663467
0.892820
1.071954
1.235701
1.042055
0.406552
-0.351426
-0.870491
-1.076675
-1.015807
-0.684616
0.055562
0.438277
0.601212
0.867635
1.054493
1.080332
1.037806
1.004323
0.858576
0.462589
-0.102986
-0.574990
-0.802649
-0.798186
-0.700324
-0.797435
-0.963199
-0.956784
-0.757398
-0.528041
-0.287413
0.219910
1.004442
1.078135
0.431092
-0.028364
-0.166231
0.022488
0.297819
0.478669
0.319493
-0.110560
-0.734948
-1.064579
-0.862442
-0.761540
-0.183154
0.368173
0.543969
0.760562
1.031884
1.212253
0.715157
0.537635
1.062918
1.363666
1.297042
-0.007337
-1.352058
-1.084027
-0.071385
0.325218
1.012845
1.409040
1.170566
0.747816
-0.090312
-0.489792
-0.464875
-0.425019
-0.503449
-0.775667
-0.670290
-0.431856
-0.305552
0.410265
0.926117
0.272482
-0.578745
-0.239050
0.446966
0.670290
0.830898
0.837367
0.455990
-0.293377
-0.911649
-1.178163
-1.136380
-0.611036
0.676222
1.505016
1.226451
1.047560
0.406764
-0.358590
-0.234997
-0.520399
-1.357623
-1.578980
-1.478504
-1.343325
-1.034929
-0.410041
0.536217
0.642991
0.219120
0.205268
0.284616
-0.357578
-1.249880
-1.370520
-1.187832
-1.062725
-0.853390
-0.389201
0.216621
0.721744
0.922264
1.191078
1.300741
0.717981
-0.284200
-0.720540
-0.796274
-0.424693
0.346695
0.606294
0.887755
1.212438
1.609694
1.731140
1.709277
1.593433
1.073841
0.550758
-0.288355
-0.670290
-0.582990
-0.415402
-0.599910
-0.789057
-0.354921
0.023638
0.418634
1.093410
1.008672
0.763142
0.732557
0.484282
0.381941
0.203941
0.392697
0.385238
0.084598
0.031693
-0.160578
-0.349314
-0.422905
-0.865232
-1.598234
-1.359273
-1.252582
-1.569312
-1.235024
-0.523857
0.433833
0.610600
0.819853
1.002846
0.641751
1.076092
1.172068
0.531255
-0.271708
-0.941467
-1.292738
-1.107067
-0.471112
-0.181499
-0.441051
-0.505064
-0.163861
0.336653
0.855433
1.568452
2.054662
2.214283
2.546870
2.220680
1.243860
0.041495
-0.614341
-0.889568
-1.322666
-1.541087
-1.454429
-1.098050
-0.886657
-0.891074
-0.691248
-0.645785
-0.569178
-0.031354
0.459250
0.546496
0.440097
0.670290
0.592945
0.183186
-0.173047
-0.348314
0.305986
1.290755
1.777379
1.129088
0.102914
-0.740241
-1.573377
-1.588791
-0.980921
-0.398965
0.207273
0.343942
-0.344888
-0.535299
0.380983
0.839943
-0.387676
-1.273048
-0.933452
-1.011312
-1.064795
-0.444956
0.079226
-0.116883
-0.520844
-0.823476
-0.756932
-0.287467
0.539496
1.491702
1.945880
2.191777
1.822777
0.409696
-0.563572
-0.335449
0.177219
0.423868
0.568259
0.690518
0.889440
0.925662
0.797216
0.111597
-0.967738
-1.518263
-1.431191
-1.719606
-2.497882
-2.119945
-1.012127
-0.132680
0.840025
1.003657
0.185539
-0.366902
-0.355386
-0.670290
-0.559703
-0.223344
-0.386883
-0.023523
0.266412
0.192519
0.210524
0.008858
-0.323921
-0.108976
0.185573
0.085259
0.718408
1.653320
2.094650
2.366102
2.402152
1.617842
-0.073388
-1.311510
-1.903887
-1.744984
-1.187782
-0.670290
0.078688
0.081167
-0.299273
-0.452887
-0.795571
-0.474120
0.321728
0.790385
0.883959
0.564737
0.255644
0.149872
0.052109
-0.095156
-0.182898
-0.698952
-1.290367
-1.780690
-1.589993
-0.895799
-0.636034
-0.110417
0.742759
1.121402
1.063286
0.823791
0.377569
0.670290
1.547231
2.058469
2.059844
1.507852
0.837965
-0.035529
-0.670290
-0.836570
-1.079371
-0.777870
-0.056286
0.149910
-0.562282
-1.392191
-1.041194
-0.488768
-0.110786
-0.067670
-0.412596
-0.290060
-0.538846
-0.425887
0.534861
0.655657
0.178179
-0.438539
-1.214793
-0.695715
0.685249
1.172965
0.592504
0.283354
0.963016
0.946689
0.372857
-0.716812
-1.520261
-1.674997
-0.994438
0.070062
0.558636
0.495790
0.626788
1.139650
1.272660
0.702057
-0.210537
-0.828364
-1.291068
-1.247821
-0.470007
0.081442
-0.216154
-0.489697
-0.779411
-0.790511
0.181500
1.010514
1.022411
0.934488
0.888311
1.081441
1.326538
1.094710
0.410643
0.257079
-0.012324
-0.378398
-0.646448
-0.314947
0.378754
0.537392
0.167630
0.230725
0.670290
0.849866
1.138043
1.333284
0.381299
-0.794648
-1.146656
-1.317907
-0.746083
-0.442223
0.019168
0.560368
0.924461
1.021208
0.952210
0.827329
0.256032
-0.103829
-0.446767
-0.523064
-0.209995
-0.482302
-0.591582
-0.117624
-0.111131
-1.303778
-2.688499
-2.695303
-1.608804
0.205111
1.484477
2.500953
3.176243
3.000805
2.136479
0.924586
0.178126
-0.318935
-0.805318
-0.854029
-0.782810
-0.557902
-0.037922
0.080939
0.153597
0.232198
0.269542
0.337035
0.321566
0.286542
0.258432
0.458059
1.030672
1.604015
1.499267
0.670290
-0.031848
-0.900356
-1.554662
-2.144753
-3.107791
-3.575854
-3.575854
-3.575854
-2.899808
-1.524153
-0.752540
-0.027214
0.843255
1.116703
0.775403
0.379913
0.460604
0.126104
-0.443467
-0.042835
0.060010
-0.214425
-0.123997
0.255830
0.695163
0.854814
0.516097
-0.033202
-0.455803
-0.792832
-1.145511
-1.645167
-1.970724
-1.501115
-0.686031
-0.117954
0.670290
0.971194
0.521797
0.006907
-0.488066
-0.231101
0.503830
1.138275
1.315323
1.062484
1.446443
1.854948
2.065347
1.469989
1.084375
0.829672
0.375980
-0.197053
-0.349811
-0.309895
-0.862242
-1.255551
-0.990960
-0.694021
-0.401390
-0.214522
-0.111454
0.074289
0.177686
0.223466
0.143028
0.283847
0.635465
0.994728
1.017970
0.780258
0.613964
0.345378
-0.095480
-0.804305
-1.677098
-2.017099
-1.766149
-1.513000
-1.144396
-0.654450
-0.250583
0.506268
1.112981
1.152954
1.001047
0.900074
0.918887
0.543754
-0.053916
-0.517112
-0.766452
-0.746388
-0.670290
-0.542234
-0.541984
-0.317159
0.132611
0.662027
0.969874
0.959157
0.950611
1.034208
1.043036
0.629705
0.084248
-0.469176
-0.963349
-1.141805
-1.381493
-1.451308
-0.931230
-0.393626
-0.340555
-0.269438
-0.081840
0.155087
0.488058
0.785648
1.033402
1.024522
0.535934
-0.101841
-0.558947
-0.718346
-0.708620
-0.693094
-0.738404
-0.424475
-0.268255
-0.300826
-0.048126
-0.357770
-0.859168
-0.934199
-0.592698
-0.506456
-0.806841
-0.406654
0.670290
1.495132
1.959192
1.763436
1.380718
1.356551
1.173008
0.273285
-0.418096
-0.628168
-1.039475
-1.264498
-0.628598
0.171958
0.419318
0.670290
0.950766
1.054921
0.756319
0.399404
0.258034
0.065829
-0.013016
-0.045071
-0.439492
-0.952298
-0.946823
-0.573068
-0.142061
0.256120
0.670290
0.901759
1.140303
1.442182
1.348012
1.241725
0.824012
-0.109769
-1.253090
-2.014360
-1.979000
-1.480585
-0.852055
-0.260781
0.191430
0.469981
0.563690
0.641676
0.670290
0.633856
0.477759
0.364085
0.282366
0.055133
-0.166976
-0.171806
-0.399977
-0.839161
-1.081203
-1.314442
-1.571829
-1.339603
-0.682844
0.056887
0.737090
1.415718
1.948422
1.608934
0.804031
-0.090457
-1.091955
-1.870846
-2.223976
-1.542983
-0.461101
0.181992
0.458057
0.705535
0.970642
0.670290
-0.179782
-0.323145
-0.191216
-0.018994
0.455961
0.386708
0.480835
1.096879
1.408839
0.980857
0.875949
1.080722
0.809219
0.335435
-0.190479
-0.715012
-1.687728
-2.832557
-2.601263
-2.526538
-0.815907
0.107855
0.318869
1.232693
1.117761
0.513005
0.054250
-0.483185
-0.761728
-0.446975
-0.632080
-1.017822
-0.359974
0.319057
0.265877
-0.227728
-0.262723
0.094885
-0.165668
-0.799726
-1.281224
-0.330098
0.910855
2.140272
3.052416
2.478648
1.904908
1.196573
0.670290
-0.083269
-0.940796
-0.496403
0.385436
0.904816
1.169918
1.232474
0.373203
-0.352244
-0.269912
-0.477562
-0.696967
-0.708344
-0.319729
0.133001
0.099904
-0.056689
-0.066568
0.153003
0.523820
0.570041
-0.369840
-0.955759
-0.706717
-0.911622
-1.745600
-1.830068
-0.811413
0.043400
0.689933
0.965416
1.328538
1.406256
1.254885
0.922717
-0.052808
-0.625154
-0.623360
-0.651210
-0.589638
-0.183154
-0.369988
-0.221691
0.872719
1.389436
1.359620
0.947278
-0.269056
-1.394655
-1.755112
-1.578359
-0.670290
0.095868
0.025567
-0.735372
-1.620399
-1.098522
0.277197
1.056716
1.342011
1.260852
1.325438
0.448668
-0.333974
-0.214365
0.246286
0.265096
-0.037881
0.684687
2.595203
2.763543
1.566599
-0.392757
-2.427511
-3.287655
-2.423391
-0.906378
-0.236833
0.056363
0.251526
0.506087
1.345281
1.384889
1.176813
1.223546
0.798664
0.533898
0.334461
0.132853
0.137560
0.196816
0.337163
0.344206
-0.103370
-0.495697
-0.253179
-0.002086
-0.054180
-0.325539
-0.126415
0.647386
2.174041
2.985926
2.278724
1.792991
0.840729
-0.447086
-1.394677
-2.269779
-2.574374
-1.802479
-1.022420
-0.857638
-0.382692
0.062954
0.127699
0.448134
0.745037
0.670290
0.565873
0.240585
-0.082046
-0.345774
-0.626343
-0.804377
-1.076210
-1.188966
-1.191181
-1.129020
-0.624486
0.035617
0.265503
0.677118
1.279709
1.321070
0.918714
0.293531
-0.377437
-0.677925
-0.626126
-0.593873
-0.670290
-0.802149
-0.738407
-0.496887
-0.281314
-0.126411
0.334049
1.206566
1.948970
2.386072
2.473114
1.999438
1.439397
0.851040
-0.067682
-1.005940
-1.740033
-1.936632
-1.455361
-0.704227
-0.387950
-0.139844
0.220787
0.320372
0.147419
-0.074145
-0.049402
-0.061461
-0.411742
-0.676907
-0.745612
-0.358538
0.114731
0.254586
0.450054
0.670290
0.860404
1.305626
1.800531
1.665520
1.584162
0.947197
0.042965
-0.528093
-1.330968
-1.410244
-0.767721
-0.546424
-0.577843
-0.489960
-0.025764
0.191960
-0.393066
-0.971838
-1.195293
-1.502979
-1.584429
-1.502472
-1.193533
-0.647906
0.157767
1.245754
1.844601
2.201317
1.948409
1.011625
0.085950
-0.619964
-0.798757
-0.500688
-0.143554
-0.078628
0.119965
0.280237
0.247255
-0.099870
-0.555762
-0.426081
-0.011796
0.398476
0.355462
0.182675
0.658365
1.054656
0.587102
-0.553160
-1.427348
-1.856624
-2.326191
-1.995463
-1.531133
-1.269455
-0.898782
-0.221373
0.832973
1.107939
0.816109
0.528489
0.581256
0.825373
0.929181
1.165834
1.285349
1.190899
0.769996
0.670290
1.042627
1.035477
0.569287
0.265107
-0.001120
-0.130702
-0.174619
0.150446
0.658751
0.497548
-0.151986
-0.618999
-0.670290
-0.994768
-1.390838
-0.986148
-0.732837
-0.665624
-0.062662
-0.036608
-0.427906
-0.184258
-0.150720
0.217194
1.435398
1.547754
0.929223
0.636513
0.388945
0.186830
0.087672
-0.334647
-1.003501
-1.265700
-1.304650
-1.178802
-0.670290
-0.121506
-0.118637
-0.823984
-1.688525
-2.029851
-1.928323
-1.186625
-0.270309
0.005236
0.498930
1.497755
2.007388
2.113740
1.732174
0.751243
-0.101489
-0.418329
0.222534
0.136786
-0.781844
-0.596779
-0.573939
-1.543902
-2.636814
-2.781493
-1.168429
0.101177
0.117544
-0.631195
-1.823960
-1.838717
-1.384118
-0.386130
0.308005
0.380399
0.842831
0.025033
0.371153
0.745087
-0.320472
-0.291228
-0.073507
0.477148
0.454852
0.247211
-0.576264
-0.405898
1.401608
1.922093
1.717715
1.485086
0.999322
1.030386
1.315133
1.473455
1.108530
0.223609
-0.699531
-0.843564
-0.380823
-0.497563
-0.413509
0.127489
0.130992
-0.178207
-0.249670
0.071763
0.824896
1.460203
1.523411
1.329975
1.088680
0.702117
0.657405
0.723851
0.326143
-0.353032
-1.037602
-1.384685
-1.616471
-1.983308
-1.423302
-0.424492
0.110877
0.755637
1.268564
1.177352
1.090658
0.872835
0.559259
0.261476
0.082905
-0.218174
-0.852359
-1.273967
-1.120571
-0.740571
-0.374305
-0.289159
-0.182249
0.328027
0.916658
1.156914
1.306876
1.206100
0.431023
-0.302098
-0.594633
-0.888411
-0.770260
-0.749863
-0.943993
-1.014576
-1.213980
-1.017534
-0.658651
-0.464970
-0.135092
0.234683
0.452616
0.405999
0.162634
-0.352132
-0.884695
-0.910463
-0.571286
0.057177
0.748528
0.851307
0.661900
0.649070
0.727181
0.407264
0.251575
0.213830
-0.061071
-0.013770
-0.136774
0.012263
0.342388
0.692204
1.268005
1.570442
1.738530
1.556312
1.213614
0.864451
0.195666
-0.630013
-1.050408
-1.357119
-1.914385
-2.034403
-2.080692
-1.252846
0.128091
0.818070
1.178575
0.538795
-0.379918
-0.868360
-0.969913
-0.918932
-0.367571
0.186615
0.017319
-0.152847
-0.058922
0.075110
0.319941
0.287759
0.154834
0.271206
0.569071
1.085160
1.269847
1.007600
-0.016525
-0.264789
-0.296133
-0.964913
-1.086777
-1.093208
-1.394812
-1.411417
-1.327602
-0.789512
0.128256
0.825672
0.707488
0.375699
-0.223551
-0.819430
-0.882083
-0.419948
-0.119416
0.122331
0.620783
1.054557
1.156905
0.808963
0.555062
0.164762
-0.332776
-0.645627
-0.784117
-0.841122
-0.446109
0.273603
0.360241
0.475456
0.771262
0.766357
0.876055
1.005379
0.850243
0.246486
-0.782514
-1.328996
-0.959574
-0.196047
0.252973
0.765365
1.589591
1.831165
1.543138
0.985996
0.670290
0.342704
0.105068
-0.021800
-0.446508
-0.759818
-0.916515
-1.176483
-1.376526
-1.599592
-1.705838
-0.974786
0.089826
0.626900
0.620846
0.429964
0.570974
0.844441
0.821697
0.763418
0.670290
0.618927
0.447832
-0.139779
-0.571902
-0.706947
-0.934229
-1.248312
-1.240978
-0.481459
0.498797
0.972064
1.053521
0.630280
-0.082233
-0.497287
-0.468392
-0.451679
-0.299459
-0.424795
-0.739792
0.013700
0.688003
0.880671
1.105451
0.836424
0.099969
-0.390600
-0.604460
-0.834518
-0.870916
-0.708408
-0.839870
-1.236387
-1.438065
-0.564261
0.724659
1.441099
1.694799
1.334204
0.586640
-0.106112
-0.490918
-0.617711
-0.331569
0.204279
0.400262
0.082206
-0.086720
0.577577
1.201971
1.515932
1.896234
1.900923
1.710879
0.942074
-0.293616
-1.179809
-2.006096
-2.523746
-2.410112
-2.120609
-1.537265
-0.897599
-0.020740
0.600413
1.032340
1.349271
1.242786
0.860626
0.371307
0.215101
0.339891
0.325328
0.109897
-0.071052
-0.187788
-0.203168
-0.366771
-0.681484
-0.596550
-0.408224
-0.489011
-0.430891
-0.248081
-0.118835
0.303969
1.136591
1.673961
1.854294
1.203428
-0.084525
-1.210418
-2.005702
-2.486189
-2.048520
-1.457954
-1.083649
-0.566364
0.605289
2.234849
3.019669
2.724236
1.596493
0.449883
-0.115744
-0.412252
-0.321300
-0.544375
-0.646227
-0.062849
0.616053
1.019933
1.117397
1.018646
0.734719
0.485723
0.057250
-0.572976
-0.727467
-0.249189
0.034982
0.176595
0.353480
0.047951
-0.335328
-0.539112
-0.879356
-0.821377
-0.695249
-0.984491
-1.364573
-1.537252
-1.300340
-0.889018
-0.371264
0.184321
0.392692
0.811432
1.246557
0.570241
-0.734121
-1.862316
-1.141027
0.531800
1.621533
1.987951
1.429800
0.828144
0.056218
-1.121037
-2.047393
-1.877024
-0.676984
0.169047
0.201509
-0.070484
0.292811
0.242916
-0.385437
-0.155885
0.229104
-0.281861
-0.696003
-0.372264
-0.369212
-0.983237
-1.356743
-1.590966
-1.403817
-0.676295
-0.113594
-0.073644
0.302876
0.664338
0.795264
1.707224
1.983968
1.199029
0.692834
0.586877
0.793268
0.857902
0.952613
1.228609
0.744293
-0.032727
-0.335818
0.032084
0.469197
0.589853
1.007605
0.590807
-1.335352
-2.449453
-2.276315
-2.088288
-1.536961
-0.499351
0.743423
0.606854
-0.670290
-0.815892
0.017207
0.342573
0.225226
-0.281983
-0.928578
-0.887120
-0.293049
0.549750
0.538136
-0.145762
-0.650646
-1.035353
-1.058718
-1.125114
-1.402630
-0.652960
0.417430
0.863348
0.940007
0.660261
-0.124862
-0.674452
0.044057
1.202556
2.460710
3.508910
2.619682
1.076728
0.039716
-0.465601
-0.522252
-0.577793
-0.560617
-0.450649
-0.840914
-0.970043
-1.046599
-1.371212
-0.383446
0.586498
0.441113
0.229085
0.229813
0.310009
0.520569
1.284964
2.414411
2.841196
2.327487
1.085072
-0.450960
-1.563119
-1.384796
-0.649800
-0.531837
-0.784958
-0.866452
-1.028099
-0.488643
0.688912
2.272251
3.122013
2.748299
2.009863
0.671946
-0.256103
-0.486893
-0.605247
-0.502896
-0.508205
-0.316731
-0.318512
-0.215780
0.195519
-0.198533
-0.604657
-0.674224
-0.889106
-0.906633
-0.692753
-0.298751
0.325820
0.385120
-0.153531
-0.666379
-1.342963
-1.706903
-1.125006
-0.819784
-1.313511
-1.112577
-0.725176
-0.359595
0.219802
0.838679
1.153786
1.193736
0.805172
0.191198
-0.437163
-0.973951
-1.229159
-1.365917
-0.852738
0.025823
0.619558
1.055297
1.199225
1.255155
1.019450
0.742110
0.702766
0.742987
0.506229
0.068370
-0.402216
-0.543895
-0.324589
-0.124516
0.084822
0.361152
0.196325
-0.316815
-0.500016
-0.563846
-0.617850
-1.062998
-1.778324
-1.938764
-1.664005
-1.429898
-1.075750
-0.143594
0.512912
0.484320
0.805829
0.920066
0.624928
0.503679
0.670290
0.739882
0.565014
0.244792
-0.324852
-0.723779
-0.689429
-0.844817
-0.984912
-0.541663
-0.022028
0.367905
0.651683
0.828906
1.022192
0.739475
0.066755
-0.539617
-1.109177
-1.175037
-0.736904
-0.406329
-0.238759
0.345051
0.678330
1.063533
1.347649
1.266843
1.342256
1.368291
1.164087
0.714915
0.114571
-0.765789
-1.742677
-2.096693
-1.889921
-1.713363
-1.129626
-0.609698
-0.048166
0.569239
1.258072
1.558041
1.709470
1.774259
1.794084
1.343126
0.529898
-0.002478
-0.404936
-0.478026
-0.234320
-0.383880
-0.706104
-0.663305
-0.340791
-0.169505
-0.421211
-0.507131
-0.373301
-0.112868
0.617705
0.928120
0.805084
0.587949
0.631363
0.979183
0.493267
-0.670290
-1.637000
-1.692337
-0.996471
-0.470053
-0.237977
-0.447521
-0.726023
-0.214469
0.694649
1.362015
1.521202
1.209037
0.845812
0.180188
-0.481494
-0.678681
-0.638763
-0.569124
-0.670290
-0.670290
-0.954172
-0.769609
-0.002478
0.686819
1.193213
1.237306
0.675207
0.005276
-0.105078
-0.168268
-0.332879
-0.122182
-0.069872
0.115378
0.950139
1.198044
1.142810
1.092844
0.279166
-0.525921
-0.906649
-1.357681
-1.394701
-1.290329
-0.972564
-0.722723
-0.362289
0.071751
0.689087
0.768881
0.896038
1.351289
1.120666
0.578467
0.137075
-0.043043
-0.069298
-0.144326
-0.042355
-0.273272
-0.902125
-1.169430
-1.246853
-1.111837
-0.591886
0.050068
0.628452
0.706881
0.670290
0.893304
1.093128
0.964691
0.486361
0.101498
-0.089277
-0.382757
-0.730062
-1.022052
-1.223964
-1.267789
-0.999867
-0.596883
-0.325783
0.101751
0.689612
1.095279
1.160881
0.670290
0.290508
0.162233
-0.029718
-0.041929
0.168371
0.559194
0.782207
0.745533
0.646950
0.559422
0.780142
1.142061
1.028180
0.670290
0.185942
-0.666580
-1.040825
-1.009019
-1.030474
-0.854881
-0.577294
-0.341416
0.109843
0.586777
0.725886
0.670290
0.478573
0.229089
-0.123010
-0.743038
-1.381243
-1.689181
-1.566964
-1.144431
-0.670290
-0.302520
-0.016171
0.362991
0.874071
1.288815
1.711483
1.632755
1.307645
1.073453
1.100590
0.690327
0.134160
-0.011728
0.033490
0.117939
-0.060113
-0.305411
-0.670290
-1.120332
-1.717452
-2.056247
-1.858531
-1.451655
-0.670290
-0.352002
-0.050500
0.430641
0.861959
1.324797
1.460328
1.347959
1.308928
0.925112
0.679336
0.261163
-0.459957
-0.666853
-0.521955
0.000739
0.697023
1.024600
0.886289
0.601789
0.214810
-0.287971
-0.625395
-0.912585
-0.804308
-0.788669
-0.659927
-0.619294
-1.127656
-1.457683
-1.282785
-0.929501
-0.606299
0.023516
0.214099
0.098657
-0.098805
0.126005
-0.048220
-0.893541
-0.954620
-0.812621
-0.334909
0.000791
-0.083520
0.192114
0.259964
0.295028
0.268489
0.128416
0.143595
-0.215775
-0.696805
-0.708363
-0.497237
-0.492561
-0.298568
0.653848
1.807316
2.380063
2.751361
2.802181
2.280751
1.717408
1.661437
1.670016
1.178082
0.563935
-0.102801
-0.968702
-1.548540
-1.500725
-1.609389
-1.661201
-1.409568
-1.164697
-0.921831
-0.641338
-0.291480
0.124962
0.435662
0.607326
0.670290
0.497831
0.363251
0.147421
-0.443235
-0.670290
-0.546967
-0.315403
0.024677
0.443254
0.955140
1.130411
1.143032
0.646096
-0.100239
-0.281476
-0.335094
-0.402629
-0.543659
-1.077464
-1.672524
-1.842971
-1.592841
-1.090112
-0.200085
0.542208
0.783809
1.021445
1.247570
1.177054
1.047451
0.720635
0.094110
-0.382497
-0.832881
-0.976217
-0.832734
-0.698980
-0.412279
0.184650
0.692158
0.654770
0.648819
0.655888
0.089270
-0.221287
0.064307
-0.019787
-0.007350
0.051090
-0.165768
-0.646191
-1.212111
-1.258479
-0.983385
-0.407194
0.274762
0.742399
0.810449
1.049966
1.720230
1.504455
0.695288
0.369430
0.260424
0.146585
-0.027843
0.129144
-0.054963
-0.514118
-0.891656
-0.788894
-0.571535
-0.874818
-0.990430
-0.908834
-0.828304
-0.866874
-1.108578
-0.901720
-0.424347
0.151655
0.394448
0.560864
0.500896
0.290119
0.337080
0.593535
1.065942
1.115200
0.957863
0.490188
-0.105790
-0.820687
-1.829895
-2.259940
-2.296693
-1.536045
-0.644317
-0.335110
0.428371
1.049285
1.292997
1.659112
1.566016
0.912359
0.064381
-0.323278
-0.733022
-0.986937
-0.573584
0.100172
0.536501
0.770015
0.837443
0.308527
-0.130375
0.117671
1.098677
1.275859
0.513873
0.670290
1.004633
0.538105
0.456006
-0.158798
-1.944244
-2.430034
-1.766683
-0.454599
0.561276
0.357437
-0.028418
-0.397272
-0.251814
0.327858
0.166839
-0.296336
0.300759
0.810328
0.279429
-0.794379
-1.364101
-1.733817
-1.816968
-0.730209
1.908247
4.215792
4.615241
5.031189
4.412293
3.056200
2.064150
0.197638
-1.722377
-1.854449
-2.199578
-1.684902
-0.277146
0.263865
0.238276
-0.268651
-0.198560
-0.057793
-0.389026
-0.229297
-0.691410
-0.670290
0.507513
0.560015
-0.233426
-0.326166
0.409535
0.670290
0.201454
0.365013
-0.067365
-1.266912
-2.709327
-3.391142
-3.083150
-1.231230
0.463624
-0.164111
-0.923205
-0.567258
-0.020870
0.670290
1.052598
1.750124
1.939914
1.862227
2.040751
1.433906
0.293471
-0.616714
-1.076818
-1.238622
-1.179828
-0.782967
-0.672558
-0.527407
-0.150698
0.057408
0.114461
0.098334
0.291098
0.564845
0.652742
0.455571
0.271117
0.131193
0.686987
1.638853
1.974788
1.478021
0.795419
-0.029537
-0.816705
-1.395966
-2.017729
-2.343037
-1.981803
-1.231556
-0.623067
-0.299786
0.236891
1.034499
1.426775
1.559872
1.484520
1.159041
0.589609
-0.219056
-0.523502
-0.368260
-0.255290
-0.265420
0.106401
-0.048949
-0.501943
-0.401773
-0.201189
-0.310115
0.229919
1.105608
0.975678
0.587882
0.670290
0.791253
0.251270
-0.762012
-1.429895
-1.853289
-1.794645
-1.433744
-1.009721
-0.753443
-0.903417
-0.596314
0.046814
0.331252
0.517110
0.534862
0.465154
0.334193
0.167711
-0.202636
-0.745223
-1.111195
-1.243708
-0.584029
0.722639
1.555656
1.243387
1.132687
1.658287
1.794275
1.536922
1.412744
1.799306
1.663211
0.674040
0.079845
-0.374410
-0.964286
-0.892739
-0.296822
-0.168333
-0.586728
-0.493586
-0.193459
-0.302917
-0.315248
-0.591078
-0.966064
-1.168670
-0.939623
-0.520441
-0.081109
0.478606
0.788423
0.590119
0.599176
0.739124
0.696007
0.816988
0.794674
0.616159
0.084419
-0.514515
-0.814436
-0.959517
-0.916076
-0.729881
-0.225331
0.352215
0.645701
0.952744
0.979634
0.429811
-0.296342
-0.695816
-0.719728
-0.645524
-0.955509
-1.738018
-2.076189
-1.987364
-1.795230
-1.096678
-0.603487
-0.365705
-0.023464
0.395224
0.741812
0.702408
0.383152
0.819807
0.867572
0.115556
-0.080115
0.073827
0.209231
0.315712
0.490001
0.506524
0.270560
-0.042111
-0.334613
0.149206
1.023393
1.198266
1.838858
2.585226
2.784990
2.263168
0.331151
-0.831866
-0.887004
-0.281152
0.306113
0.142368
-0.670290
-1.294885
-1.467608
-1.453706
-1.297552
-0.913799
-0.164888
0.257935
0.147785
-0.299844
-0.690103
-0.208347
0.434091
0.870049
1.200822
0.670290
0.659993
0.860674
0.247361
-1.182472
-2.360425
-2.848554
-2.394768
-1.423098
-0.548779
-0.023317
-0.048720
0.340247
1.361785
1.741790
1.372515
0.705436
0.307068
0.082005
-0.169136
-0.394275
-0.015882
0.762829
0.589652
-0.221872
0.230806
0.994103
0.811464
0.545311
0.151760
-0.430803
-1.289949
-1.748027
-1.166065
-0.034360
0.893650
1.403726
1.454913
1.659481
1.312306
0.697724
0.667224
0.516987
0.428064
-0.087787
-1.266219
-2.196958
-1.622557
-0.932882
-0.767231
-0.705549
-0.709161
-0.737931
-0.301010
0.388488
0.654550
0.643935
0.387954
0.272219
0.319189
-0.057477
-0.432988
-0.327031
0.076590
0.504828
1.352380
2.360717
2.167065
1.726565
1.681687
1.248705
0.797440
0.769088
0.423202
-0.307813
-0.698276
-0.471145
-0.698979
-1.181927
-1.954014
-2.307269
-2.162972
-2.261636
-1.708066
-0.491045
0.028826
0.327353
0.643894
0.376181
0.217762
0.482296
0.595518
0.512507
0.608317
0.723484
0.365482
0.211492
-0.112950
-0.607725
-0.991399
-1.304121
-0.525822
0.984653
1.502090
1.107630
0.198260
-1.210642
-2.436374
-2.605804
-2.406141
-1.704227
-1.043301
-0.519577
-0.253611
-0.868276
-0.964801
-0.295600
0.379217
0.989427
1.938910
2.212536
1.796779
1.071896
0.402295
-0.018143
0.120034
0.287011
-0.570001
-1.210699
-0.325696
0.028464
-0.239770
0.048755
0.670290
0.477398
-0.338952
-0.286928
-0.142135
-0.363647
0.174572
0.745154
0.497340
0.849432
1.283299
1.552912
1.465459
0.596087
-0.376704
-1.041193
-1.217527
-1.762246
-1.643913
-0.820880
0.122399
0.984759
0.859472
0.323868
0.282530
-0.036157
-0.670290
-1.396741
-1.789764
-1.376584
-0.747526
-0.177098
0.417195
0.853115
1.070931
0.894470
0.879724
0.747390
0.344791
-0.048043
-0.504294
-0.784062
-0.836671
-0.748704
-0.595096
-0.285447
-0.122779
-0.221900
0.206845
0.670290
1.200771
1.744438
1.968370
1.823705
1.338533
0.883309
0.020761
-0.944973
-1.578189
-1.907447
-2.027903
-1.446761
-0.433421
0.470269
0.735458
0.393929
0.371626
0.670290
0.454447
0.412918
0.206472
-0.245320
-0.099853
-0.104673
-0.670290
-1.096151
-0.890525
-0.533530
-0.599330
-0.974568
-0.912619
-0.663830
-0.523680
-0.076199
0.822260
1.996233
2.011830
1.004159
0.126062
-0.472183
-0.300355
0.119177
0.311300
0.670290
0.792781
0.843006
1.137257
1.230231
1.156836
0.800172
0.261802
-0.066445
-0.670290
-1.333032
-1.342912
-0.713775
-0.367712
-0.566001
-0.396316
-0.086352
0.101533
0.356777
0.931324
1.629241
1.661112
1.352664
0.802844
0.308430
-0.493206
-1.774360
-1.999089
-1.265288
-0.974015
-0.784222
-0.465254
0.106928
1.051591
1.389358
1.299749
0.682365
-0.146991
-0.764833
-0.398031
0.385634
0.325026
-0.377940
-0.866772
-0.480932
-0.204467
-0.113441
0.316022
0.359415
0.597814
1.308594
1.921421
1.714368
1.056792
0.405013
-0.231513
-0.537861
-0.670290
-1.084946
-2.289345
-2.915494
-1.942740
-0.205093
1.136744
1.408388
0.934087
0.452905
0.331917
0.571298
0.355887
-0.062620
-0.185240
-0.247130
-0.635581
-0.892701
-0.979053
-0.895545
-0.671150
-0.388473
-0.635179
-0.990465
-0.786666
-0.148781
0.675085
1.687560
2.010448
1.367004
0.189114
-1.322483
-1.101883
-0.729971
-0.899821
-0.398430
-0.209607
0.081809
0.453614
0.451663
0.169240
-0.210594
-0.314763
0.385040
1.484358
2.001898
2.302067
2.518262
2.685940
2.325787
1.871725
0.951362
0.015693
-0.967374
-2.125467
-2.939614
-3.368365
-3.360755
-2.808873
-2.469980
-1.706714
-0.697769
-0.003702
0.234344
0.249891
0.209565
0.030303
0.222876
-0.020180
-0.436485
-0.219678
0.354980
0.696185
0.643893
0.635384
0.198997
0.147121
0.539796
1.462055
2.353642
1.987619
1.339922
0.797416
0.699639
1.591315
1.368711
-0.831649
-1.275266
0.149304
1.511800
1.797786
0.790373
-0.318094
-1.184355
-0.958521
0.049088
0.567256
0.481918
0.239083
0.293840
0.109801
-0.371403
-0.788589
-0.578658
-0.232285
-0.242846
-0.187875
0.365053
0.585882
0.087331
-0.954282
-1.606370
-1.299628
-1.146268
-1.214247
-1.257297
-0.978024
0.031545
0.672763
0.881335
0.667826
0.342162
0.553394
0.398357
-0.226174
-0.841645
-1.452641
-2.311102
-2.479336
-1.645202
-0.316714
0.634383
1.044054
1.390357
1.613568
1.400059
0.783368
0.024668
-0.479478
-0.867767
-0.965627
-0.831177
-0.423804
-0.042977
0.035435
0.208041
0.316580
0.278272
0.389683
0.744254
0.828654
0.543402
0.180601
-0.320728
-0.792946
-1.178370
-1.291339
-1.384379
-1.936192
-1.953691
-1.184045
-0.327789
0.354162
0.726147
1.177385
1.271603
1.100196
0.981886
0.778222
0.523978
0.159421
-0.111711
-0.397097
-0.595080
-0.670290
-0.668900
-0.590888
-0.690558
-0.583847
-0.130196
0.187067
0.486489
0.512039
0.432171
0.682547
0.965035
1.108996
1.203508
1.276450
1.274855
0.777285
-0.052530
-0.562766
-1.136967
-2.039349
-2.177488
-1.779265
-1.067722
-0.427240
-0.048751
0.456942
0.450776
0.460359
0.475303
0.076647
-0.295690
-0.670906
-0.896405
-0.953695
-0.933072
-0.732875
-0.588965
-0.519144
-0.284885
-0.207581
-0.229685
-0.077218
0.349039
0.542574
0.945268
1.446959
1.318606
1.145126
0.434239
-0.355352
-0.738420
-0.955981
-0.992535
-0.901781
-0.414184
0.566814
1.337798
1.503974
1.605513
2.343577
2.104422
0.959723
0.337244
-0.361800
-0.488027
-0.417822
-0.364702
-0.423937
-0.600214
-0.520415
-0.483146
-0.748548
-0.932111
-0.835696
-0.320200
0.193842
0.356601
0.675176
0.656776
0.095880
0.435176
0.965732
1.202755
1.124689
0.571433
1.173166
1.796204
1.540781
1.494850
1.448910
0.800642
0.273804
0.082413
0.161877
0.413191
0.199700
-0.191841
-0.558576
-1.539949
-2.785017
-3.034441
-2.461846
-2.092843
-1.519393
-0.953578
-0.670290
-0.161351
0.261604
0.377452
0.670290
0.726095
0.675622
1.130770
1.268976
1.190165
1.009397
0.588182
0.029206
-0.663578
-0.597498
-0.122961
0.116527
-0.152060
-0.370549
-0.160644
-0.313376
-0.717474
-0.278465
-0.119927
-0.409235
0.014597
0.993362
1.562633
2.020833
2.209390
1.738520
0.790639
-0.762222
-2.620848
-3.575854
-3.472601
-1.593748
0.895699
1.804277
1.623477
1.361757
1.113955
0.555471
0.143489
0.079266
-0.019849
0.004862
0.236817
0.781975
0.919356
0.213611
-0.129544
-0.009395
-0.419600
-0.723603
-0.992665
-1.238054
-0.789849
-0.306098
-0.105142
-0.414404
-1.341256
-1.996973
-1.608511
-1.614428
-1.133269
-0.517272
-0.517561
-0.476162
-0.348942
-0.256381
-0.391142
-0.354800
0.013578
0.296259
0.550566
0.535512
-0.016025
-0.540820
-0.760828
-0.853333
-0.824119
-0.633456
-0.491444
-0.048243
0.624864
1.168794
1.409355
1.566091
1.920599
2.144185
2.015842
1.274784
0.879128
0.814014
0.813916
0.510696
-0.037232
-0.422671
-0.661519
-0.830077
-1.197703
-1.637648
-1.497986
-0.815661
0.018051
0.441570
0.781911
0.975320
0.722394
0.487885
0.193460
-0.376914
-0.669712
-0.643791
-0.652770
-0.567958
-0.429090
-0.541143
-0.893743
-1.120537
-1.293571
-1.075694
-0.481654
-0.049339
0.323393
0.670290
0.935284
1.158665
1.065144
0.609388
0.084603
-0.459155
-0.894401
-0.905191
-0.841992
-0.968429
-0.737750
0.102702
1.024725
1.095817
1.072662
0.822926
0.424260
-0.163059
-1.109800
-1.444132
-1.268822
-0.697927
-0.195531
-0.251857
-0.031587
0.670290
0.865996
0.484577
0.650484
0.670290
0.192492
-0.130571
-0.098082
0.165440
-0.028318
-0.185390
0.050238
-0.020306
-0.449279
-0.678944
-0.400966
0.259537
0.892437
0.420315
-0.955152
-1.254560
-1.269000
-1.020542
-0.621958
-0.158144
0.140393
0.670290
1.424753
1.968528
2.169632
1.617993
0.994741
0.541763
-0.436895
-1.295461
-1.498853
-1.663934
-1.679588
-1.442789
-1.307178
-0.594997
0.192858
0.568732
0.793951
0.971052
0.935603
0.771744
0.669195
0.533607
0.594512
0.567901
-0.064181
-0.807810
-1.166870
-1.283494
-1.034274
-0.484576
0.151514
0.416509
0.598343
0.742530
0.526596
0.468731
0.692276
0.858641
0.804854
0.892680
0.792434
0.622252
0.577532
0.028732
-0.674419
-0.652437
-0.612816
-0.881956
-1.155003
-1.372490
-1.302977
-0.767955
0.146220
0.660532
0.577062
0.408700
0.421893
0.304410
-0.085578
-0.550985
-0.811306
-0.958336
-1.000368
-0.805838
-0.419211
0.027289
0.647614
0.965539
0.820801
0.590620
0.670290
1.105255
1.242087
0.983044
0.564854
0.197146
-0.140780
-0.017439
0.082419
0.036584
-0.089769
-0.437573
0.123463
0.775655
0.753499
0.322426
-0.396425
-1.037363
-1.276428
-1.235249
-1.366136
-1.240638
-1.150167
-0.467884
0.384053
0.670290
0.922312
1.079164
1.055651
0.670290
0.123557
-0.217029
-0.495654
-0.708712
-0.690243
-0.668446
-0.114866
0.791348
1.028168
0.795624
0.444687
0.200678
0.297941
0.333134
0.009462
0.199015
0.670290
0.714868
1.331682
1.568051
0.520592
-0.827629
-1.705839
-1.713373
-1.200336
-0.847227
-0.247494
0.058476
-0.169221
-0.340818
-0.524181
-0.319940
0.127548
0.230750
0.173361
0.520416
1.004894
1.111058
0.891142
0.870265
1.445584
1.751488
1.316706
0.904517
0.616496
-0.059220
-0.930911
-1.453319
-1.133869
-0.800762
-0.889038
-0.930993
-0.875171
-0.643979
-0.143744
0.670290
1.059337
0.531607
-0.119776
-0.316797
-0.534021
-0.539662
-0.195551
0.218287
0.739319
0.728054
0.324958
0.142489
0.161099
0.102681
-0.047675
-0.649971
-1.278617
-1.154565
-0.867634
-0.546216
0.202395
1.255403
2.302325
2.635757
2.135144
1.154148
0.270049
-0.640753
-1.102177
-1.322920
-1.461052
-1.461914
-0.749822
0.144211
0.358376
0.334417
0.372394
0.276649
0.048257
0.130948
0.613096
1.087409
1.061346
0.681936
0.129012
-0.620400
-1.105533
-0.670290
0.026919
-0.409703
-0.996714
-1.180910
-1.077837
-0.516777
0.059178
0.724192
1.438269
1.497511
1.119337
0.598357
-0.115979
-0.694547
-1.054617
-1.105077
-1.222463
-1.249337
-0.974536
-0.520110
-0.189826
0.192568
0.665448
0.711494
0.670290
0.896222
0.875854
0.960940
1.104214
0.580340
-0.031211
-0.580844
-0.874571
-0.636373
0.013074
0.456153
0.358230
0.278888
0.277327
-0.004057
-0.435167
-1.055621
-1.075281
-0.351762
0.211309
0.432231
0.540391
0.184722
-0.306812
-0.811670
-1.388558
-0.956013
0.219293
0.909823
1.414696
1.671244
1.950969
1.367202
-0.119953
-0.939064
-1.385869
-1.412241
-0.977035
-0.351567
-0.012118
0.087105
0.266645
0.526381
0.743209
0.897628
1.056439
0.882822
0.387816
0.147173
0.298972
0.670290
0.851515
0.847145
0.210492
-0.632168
-1.158511
-1.307369
-0.710711
-0.398236
-1.183602
-1.896530
-1.900575
-1.718966
-1.417236
-1.195985
-0.277832
0.627219
0.670290
0.368726
0.001961
-0.275362
-0.418672
-0.056573
0.716319
1.025184
0.328015
-0.253263
-0.372360
-0.192606
0.290949
0.633897
1.045792
1.234207
1.018338
0.289971
-0.599008
-0.929481
-0.670290
0.096892
0.429204
0.416500
0.665789
0.670290
0.670290
0.128583
-0.391216
-0.862823
-2.089725
-2.710328
-2.221975
-0.969666
-0.370275
0.233539
1.356101
2.762761
3.078823
2.218480
1.504372
0.670290
-0.425660
-0.677045
-1.025293
-1.834013
-2.018458
-1.584511
-0.818943
-0.523200
-0.385259
-0.262845
-0.369311
0.013323
0.825793
1.554428
1.921860
1.759975
1.094448
0.099535
-0.573883
-1.047612
-0.713603
-0.307659
-0.673575
-0.839911
-0.691893
-0.588663
-0.448191
-0.266720
0.021929
0.196428
-0.112798
-0.271327
-0.038832
0.379436
0.667022
0.748443
0.610068
0.223348
-0.094873
-0.705063
-1.362727
-1.624754
-1.622968
-0.977430
-0.002413
0.733334
1.453102
2.415087
3.167817
2.734207
1.497503
-0.053342
-0.738964
-0.109450
0.634097
0.368182
-0.670290
-1.254378
-1.448479
-1.615175
-1.888744
-1.544689
-1.101667
-0.065151
0.670290
-0.022694
-0.052339
-0.002816
0.071039
0.094238
-0.157003
0.209871
0.850112
0.989097
0.726880
1.124602
0.793265
0.610362
0.916661
1.029132
0.324327
-0.597363
-0.060546
0.152194
-0.304009
-0.292144
-0.289516
-1.205531
-2.195972
-2.373872
-1.439673
-0.602826
-0.741883
-0.515787
-0.130140
0.039673
-0.063580
-0.132270
0.061879
0.670290
1.192704
1.646770
1.967366
1.260901
0.554432
0.161190
0.550180
1.418637
1.206589
0.670290
0.123266
-0.418945
-0.601818
-0.108011
0.095105
-0.639635
-1.087124
-1.278204
-1.348115
-1.183375
-0.988262
-0.742588
-0.571697
-0.314782
0.179787
0.876841
1.108497
0.987450
0.830572
0.670290
0.656460
0.466592
0.125881
-0.100443
0.032485
0.474462
0.716318
0.866604
0.951932
0.889789
0.858149
0.678148
0.364112
0.123832
-0.051226
-0.331368
-0.765142
-1.019064
-1.130340
-1.122558
-0.905944
-0.539289
-0.035577
0.262989
0.473571
0.792729
0.977295
1.037971
0.914829
0.602396
-0.036970
-0.856429
-1.471197
-1.635931
-1.298337
-0.898830
-0.781353
-0.166774
0.833113
1.406386
1.259896
0.672954
0.117943
-0.294645
-0.670290
-0.737867
-0.783487
-1.157231
-1.190768
-1.427544
-1.822530
-0.512833
0.788383
0.514539
0.112320
-0.190290
-0.216816
-0.049591
0.462742
0.349998
-0.180123
-0.389354
-0.743599
-1.065378
-0.876092
-0.381350
-0.249823
-0.550717
-0.772873
-0.670290
-0.186908
0.550965
1.436806
1.335601
0.003255
-0.073433
0.274837
-0.055474
0.141480
0.639459
0.871928
1.142488
1.361243
1.264944
0.946228
0.874655
1.219570
1.186462
0.027178
-0.936177
-1.203909
-1.504599
-1.487094
-0.903211
-0.262482
0.231898
0.479919
0.179816
-0.122138
-0.331115
-0.435732
0.090354
0.759745
1.076661
1.211484
1.134877
1.232097
0.806390
0.128665
-0.113498
-0.873776
-1.582091
-1.682435
-1.586290
-1.389287
-0.762045
0.096040
0.960852
1.312222
0.846246
0.411405
0.670290
0.784416
0.142102
-0.619090
-0.756574
-0.511289
-0.422305
-0.227188
-0.670290
-0.649758
0.470564
1.318239
0.857748
-0.796533
-2.036588
-2.438488
-1.977288
-1.421841
-0.791947
-0.010589
0.490016
0.424223
0.099729
0.310406
0.670290
0.642079
0.038801
-0.451340
-0.363429
-0.444197
-0.414673
-0.227015
-0.187638
0.119992
0.298831
1.189329
2.107492
1.670850
1.375806
0.851234
-0.637108
-1.780745
-1.731238
-1.358400
-1.021244
-0.418353
-0.100114
-0.428979
-0.486270
-0.283828
0.091938
0.510264
0.904089
0.880149
0.914824
0.758961
0.109059
-0.232989
-0.340619
-0.703617
-1.240628
-1.501015
-1.452589
-1.239055
-0.529206
0.104969
0.670290
1.574350
2.017658
2.234326
1.964097
1.635635
1.222377
0.638541
0.049666
-0.342200
-0.413271
-0.884354
-1.391992
-1.313315
-1.180388
-0.960473
-0.611585
-0.079849
0.538331
0.926248
0.571583
-0.378528
-0.505296
0.229799
1.067703
1.482892
1.022492
0.504003
0.006006
-0.063399
0.412764
0.116531
-0.745357
-1.565601
-1.572250
-1.141244
-1.004181
-0.351113
-0.385875
-1.366467
-1.704317
-1.100980
-0.258503
0.887757
1.435942
0.327304
-0.407805
-0.996807
-1.694083
-1.279613
-1.109688
-1.080793
-1.016096
-0.875365
-0.782944
-0.842282
-0.590388
-0.375182
-0.279363
-0.315449
-0.036873
0.559345
0.246840
-0.398291
-0.497318
-0.432598
-0.473262
-0.474475
-0.299795
-0.553115
-0.670290
0.078155
0.914295
2.790257
4.200962
2.631950
0.297042
-1.163207
-0.676100
-0.358312
1.276415
4.682693
4.431364
3.434873
2.236561
1.077940
-0.010898
0.073788
-0.196043
-1.032768
-0.727035
-0.059649
-0.055541
-0.262579
0.079873
-0.019753
-1.181447
-2.491531
-2.596739
-2.789676
-3.034979
-0.695205
0.602394
0.020355
-0.745838
-1.472675
-1.042135
-0.063369
0.358990
1.224494
1.678068
1.002538
0.463411
0.172897
0.599596
0.670290
1.011684
0.955478
0.111898
0.039836
0.172055
-0.017164
0.148047
0.269061
-0.099657
-0.023491
-0.206357
-0.748419
-1.159693
-1.522460
-1.255945
-0.691532
0.109178
0.802385
1.128190
0.877500
0.634263
0.898349
0.835480
0.409433
0.342985
0.521641
0.798003
0.475177
-0.242070
-0.384418
-0.535204
-0.542680
-0.583332
-0.841403
-0.656515
-0.240371
0.708852
1.952295
2.688382
2.860556
2.377284
1.775642
1.087130
0.461012
-0.266711
-1.226387
-1.528382
-1.672819
-2.036776
-2.071320
-1.649614
-0.949722
-0.093304
0.498125
0.658641
0.641671
0.682145
0.570479
0.370412
-0.023568
-0.598727
-1.008325
-1.145144
-1.046912
-0.340967
0.657289
1.431962
1.858831
2.230701
2.213238
0.925240
-0.215821
-0.272739
0.005373
0.262709
-0.004074
-0.408713
-0.670290
-0.773675
-0.347628
-0.314906
-0.705482
-0.655252
-0.544143
-0.323720
0.421613
1.181464
1.524724
1.608504
1.603572
1.070302
0.467706
0.007809
-0.591473
-0.685674
-0.465787
-0.232157
-0.286716
-1.071153
-1.779535
-1.769398
-1.332581
-1.020933
-0.740005
-0.663158
-0.919395
-0.617200
0.043308
0.340922
0.620468
0.554875
0.310177
0.058626
-0.560997
-0.982839
-0.859969
-0.753343
-0.814183
-0.264124
0.821338
1.596111
1.542860
0.846026
0.469974
0.372239
0.452027
0.525699
0.798021
0.950194
1.152242
1.339916
0.724113
0.462663
0.024882
-0.754377
-1.008401
-0.987629
-0.870759
-0.635104
-0.427363
-0.349615
-0.431733
-0.079214
0.668211
0.988055
1.205571
1.503050
1.199390
0.423481
-0.132642
-0.245596
0.079735
-0.026104
-0.301475
-0.653495
-1.252930
-1.958565
-2.581942
-2.305098
-1.612175
-0.873133
-0.157893
0.371364
0.716318
0.591295
0.209549
0.237398
0.140503
-0.186405
-0.553005
-0.844687
-0.876510
-0.611731
0.005830
0.692289
1.141675
0.878235
0.340426
0.052278
-0.431561
-0.719971
-0.704925
-0.106318
0.578722
1.139194
1.941749
2.155918
1.792875
0.570331
-1.108646
-2.036220
-2.248999
-1.792861
-1.229795
-0.969684
-0.398499
0.038033
0.581068
0.913291
0.483115
-0.025412
-0.630420
-1.102526
-1.230693
-1.013076
-0.738844
-0.430948
-0.219479
-0.138270
-0.145418
0.045946
0.804678
1.350942
1.330368
1.005306
0.341630
0.012512
0.366995
0.935157
1.096348
0.670290
0.469085
0.155453
-0.373363
-0.573046
-0.816488
-0.669173
-0.175029
0.326714
0.696372
0.857491
0.861028
0.670290
0.648683
0.160109
-0.824783
-1.768283
-1.697380
-0.740695
-0.412909
0.074178
0.261653
-0.220944
0.130540
0.837892
1.614718
1.539424
0.310252
-0.484590
-0.734194
-0.834234
-0.670290
-0.697905
-0.848788
-0.676861
-0.256670
0.139873
0.480463
0.458188
0.455831
1.237875
1.515900
1.481923
1.868907
1.907886
1.467306
0.682290
-0.491995
-1.553672
-2.163151
-2.334594
-2.108642
-1.743639
-1.268393
-0.520450
0.084455
0.175773
0.356579
0.497064
0.178699
-0.102243
-0.277300
0.024377
0.553331
1.017294
1.615428
1.747243
1.485131
1.265985
0.923284
0.529291
-0.037322
-0.285919
-0.474605
-0.887877
-1.057630
-1.224510
-1.231421
-0.654590
0.134787
0.366145
0.647152
1.173655
1.150810
0.871593
0.592014
0.303601
-0.062818
-0.670290
-1.380835
-1.693784
-1.351260
-0.549032
0.229636
0.839532
1.297993
1.019057
0.670290
0.016036
-0.670290
-0.447468
-0.206489
0.061723
0.181731
-0.478360
-1.557415
-1.773043
-1.542107
-1.080949
-0.760372
-0.725259
-0.470121
0.096682
0.185116
-0.128919
-0.048070
0.152418
0.400735
0.260746
0.471005
0.701501
0.047776
-0.583191
-0.819284
-1.038105
-1.091759
-0.627655
0.097856
0.661722
0.950196
1.257938
1.104296
0.827038
1.042105
0.982255
0.457255
-0.179668
-0.640468
-1.025988
-1.367057
-1.384508
-1.203871
-0.942736
-0.675113
-0.164057
0.552299
1.109959
1.431056
1.193924
0.561843
0.017296
-0.431535
-0.774216
-0.961059
-0.828732
-0.656887
-0.376639
0.040337
0.404553
0.670257
0.827468
0.670290
0.419460
0.395609
0.183494
-0.053187
-0.158948
-0.326968
-0.567005
-0.670323
-0.745351
-0.815681
-0.545790
-0.143323
0.191745
0.569277
0.718465
0.710909
0.792025
1.072322
1.467222
1.675060
1.571104
1.406307
0.701461
-0.200034
-0.670290
-0.448208
-0.480324
-0.961087
-0.957123
-0.425208
0.580635
1.519905
1.616386
1.442068
1.123085
0.364341
-0.411430
-1.103381
-1.584182
-1.865490
-2.060143
-1.802512
-1.412593
-0.494599
0.252077
0.848730
1.290938
1.641060
1.464753
0.989160
0.582801
0.188519
-0.224924
-0.791079
-1.091765
-1.165017
-0.913099
-0.593877
-0.489859
-0.013257
0.316740
0.021103
-0.099501
-0.096691
0.433645
0.884200
0.847046
0.743615
0.670290
0.525395
-0.097071
-0.692390
-0.868224
-0.905005
-0.624599
0.302684
1.011412
1.059322
0.980075
0.948776
0.512112
0.089100
-0.297042
-0.719323
-0.581274
-0.369832
-0.128917
0.180783
0.575515
1.043761
1.426565
1.404911
1.182324
1.159010
0.838113
0.263676
-0.046430
-0.290375
-0.553604
-1.021121
-1.342890
-0.912413
-0.632377
-0.501495
0.406630
1.077741
1.385023
1.173719
0.471977
0.432327
0.026011
-0.670290
-0.453041
-0.026487
-0.424596
-1.188780
-1.684896
-1.521957
-0.959027
-0.303997
0.280029
0.548025
0.997549
0.797057
-0.175374
-0.791187
-0.650202
-0.140042
-0.122053
-0.915339
-1.443804
-1.046529
-0.213226
1.022459
1.155670
0.354574
0.091573
0.293010
0.079255
-0.375797
-1.076668
-1.629066
-1.374010
-1.348661
-1.409882
-0.981861
-0.789651
-0.569102
-0.522438
-0.118987
0.193968
0.118852
0.253611
0.867656
0.891844
0.450098
0.363619
0.071502
0.261667
1.004129
1.629362
1.508721
1.506554
1.169487
0.702865
0.601037
0.347930
0.670290
0.097622
-1.024427
-1.476434
-1.709501
-2.012700
-1.892611
-1.299082
-0.819725
-0.621519
-0.242805
-0.066946
-0.186179
-0.040568
0.774048
1.127882
0.720837
0.670290
0.599870
0.209001
-0.171568
-0.365602
-0.626601
-1.091498
-1.151205
-0.734228
-0.231191
0.109771
-0.289298
0.207484
1.029821
0.641826
0.397125
0.362366
0.814173
0.779362
0.036046
-0.426611
-0.798341
-1.144073
-1.237763
-1.281504
-1.290569
-1.033474
-0.871617
-0.218704
0.672964
0.848101
0.868339
0.851488
0.181327
-0.293913
-0.586995
-0.707053
-0.310132
0.566911
1.448986
1.706130
2.254545
2.370778
1.599761
0.840516
0.103821
-0.902454
-1.846240
-1.964465
-1.514369
-1.037175
-0.654357
-0.254177
-0.397581
-0.455072
0.072625
0.335364
0.354536
0.138185
-0.084574
0.218284
0.808512
0.957736
0.623172
0.148390
-0.487329
-0.700227
-0.493455
-0.670290
-0.990921
-0.970965
-0.434240
-0.232241
-0.670290
-0.980725
-1.077750
-1.076508
-0.670290
0.052383
0.863834
0.958801
0.487263
0.120503
-0.271994
-0.650888
-0.616169
0.210697
1.317850
1.545441
1.077384
0.963121
1.185746
1.102770
0.729165
0.436910
0.143969
-0.132857
-0.397714
-1.084864
-2.032250
-2.246970
-1.665988
-0.792532
0.427208
1.462342
1.748848
1.466270
1.010189
0.523832
0.066860
-0.144240
-0.091648
-0.194337
-0.002142
0.179859
-0.069476
-0.624350
-1.036060
-0.608942
0.311232
1.088407
0.920806
0.898657
1.099233
0.356501
-0.232405
-0.670290
-0.916183
-1.194629
-1.629066
-1.723717
-1.589542
-1.318420
-0.670290
0.193660
0.878192
0.914519
0.512789
0.234823
0.176577
-0.017606
-0.320473
-0.338184
-0.489013
-0.198707
0.032969
0.183359
0.745978
0.838166
0.555986
0.101290
-0.657919
-1.072534
-1.142599
-0.575759
-0.164498
0.762930
1.762231
2.526320
3.555931
2.780240
1.303983
-0.082513
-0.954099
-1.256571
-1.321617
-1.540030
-1.338516
-0.711332
-0.471938
-0.400611
0.109500
0.234302
0.009234
-0.160559
-0.066306
0.245640
0.354760
0.548993
0.670290
1.311080
1.543485
1.153817
0.618464
-0.156381
-0.730540
-1.202186
-1.752127
-1.870498
-1.523527
-0.967359
-0.468936
0.071518
0.230792
0.645479
1.577284
1.504318
0.623674
-0.234671
-0.911560
-1.241161
-1.002572
-0.726458
-0.594287
0.123372
0.626354
0.600668
0.380953
0.179325
0.243804
-0.029491
-0.251211
0.038330
0.129314
-0.097597
-0.570118
-0.872667
-1.065695
-1.253254
-1.107019
-0.643490
0.093944
0.886367
1.557583
2.145320
2.448163
2.028670
0.971884
-0.083793
-0.586252
-0.667444
-0.646230
-0.670290
-0.388518
-0.099861
0.184368
0.630425
0.820714
0.969081
1.056623
0.655288
-0.482962
-1.111868
-1.090341
-1.417785
-1.068883
-0.689434
-0.322702
-0.022086
-0.378087
-0.505504
-0.805430
-0.789166
-0.251796
-0.194011
-0.041059
0.769706
2.056851
2.676792
2.328116
1.778421
1.005827
0.376212
-0.270672
-0.669442
-0.670290
-0.579051
-0.670290
-0.802852
-0.877825
-0.928494
-0.767335
-0.199018
0.229825
0.094242
-0.893357
-0.891836
0.153387
0.416325
-0.084108
-0.327867
-0.035625
0.202755
-0.068754
-0.781548
-1.378344
-1.630598
-1.155927
-0.158528
0.372380
0.700237
1.054793
1.335628
1.268875
0.952827
0.856811
0.377074
-0.095491
0.135286
0.879267
1.211285
1.292081
0.870908
0.062815
-0.073271
-0.105831
-0.169107
0.152494
0.039497
-0.422314
-0.670290
-0.716066
-0.824335
-0.503174
0.263060
0.870364
1.402088
1.669539
1.165396
0.310197
-0.754059
-1.898827
-2.290750
-1.835422
-1.131737
-0.855166
-0.731668
-0.690413
-0.848343
-0.910057
-0.684350
-0.268033
0.222483
0.787564
1.013782
1.098341
1.139993
0.670290
0.273036
-0.046324
-0.610863
-1.165325
-0.550455
0.289059
0.399525
0.437760
0.435217
0.628907
0.517527
-0.116959
-0.729069
-0.989385
-0.927382
-0.714350
-0.129494
0.293580
0.368744
0.437957
0.307274
-0.033378
-0.613733
-1.029234
-0.938157
-0.681126
-0.616250
-0.637845
-0.525174
-0.025163
0.658043
1.073614
1.188993
1.243506
1.658178
1.740024
1.007010
-0.149028
-0.963631
-1.506433
-1.805116
-1.520731
-1.095620
-0.792672
-0.370593
0.112425
0.606514
1.048453
1.489430
1.614046
1.157887
0.701906
0.378746
-0.274028
-0.706006
-0.853679
-0.863891
-0.738945
-0.246677
0.365340
0.606432
0.670290
0.548115
0.464308
0.333486
0.583248
0.574104
-0.222972
-0.685668
-0.904415
-0.881310
-0.655257
-0.345984
0.413197
1.072285
1.183242
0.908540
0.411777
0.096082
-0.207990
-0.600549
-0.888786
-1.004903
-1.036161
-0.955645
-0.608915
-0.170613
0.273552
0.574007
0.690972
0.706664
0.721573
0.900521
0.990889
1.019520
0.813438
0.620053
0.746432
0.425884
-0.389974
-1.272970
-2.017937
-2.403518
-2.581507
-1.941912
-1.457825
-0.661542
0.216008
0.685636
0.955355
1.034335
0.951751
0.675061
0.492970
0.634670
0.853738
0.689757
0.301283
0.369764
0.343798
-0.198137
-0.710132
-0.961215
-0.749518
-0.482623
-0.177428
0.102049
0.065685
0.036799
-0.237937
-0.415263
0.670290
1.290201
0.564796
0.194430
0.194455
-0.120768
-0.670290
-0.974739
-0.727516
-0.345652
-0.329233
0.231652
0.614060
0.095465
-0.432224
-0.943353
-1.293065
-1.076732
-0.998061
-0.812641
0.061425
1.476044
1.945585
1.696796
1.567826
1.291824
0.993989
0.645770
-0.068742
-0.759807
-0.628554
-0.478678
-1.010855
-1.079869
-1.023310
-1.025998
-0.799163
-0.646955
-0.578256
-0.680382
-0.593455
-0.075682
0.355688
0.428250
0.314393
0.343400
0.695741
1.282817
1.567321
1.585027
0.670947
-0.241684
-0.560364
-0.629623
-0.938412
-1.046900
-1.408697
-1.392648
-0.001516
1.506514
1.212161
0.335387
0.025350
-0.337459
-0.644010
-0.639785
-0.232067
0.172218
0.212242
0.057717
-0.146951
-0.186420
0.195815
0.581427
0.698125
0.311140
-0.288808
-0.862628
-1.025785
-1.080579
-1.428375
-1.392457
-1.099451
-0.660716
-0.192110
0.274769
0.704795
1.263342
1.545767
1.140830
1.001734
1.068259
1.042683
1.298539
1.403339
0.956714
0.470357
-0.006271
-0.438003
-0.774672
-1.077534
-1.125265
-1.017518
-0.625695
0.068400
0.497681
0.418305
0.184060
0.239007
0.568589
0.924492
0.905264
0.670290
0.279645
0.270281
0.376888
0.075017
-0.282804
-0.744738
-0.816622
-0.790182
-0.923903
-0.873907
-0.809729
-0.717294
-0.444951
0.078932
0.594627
0.886027
1.001625
0.801639
0.432213
-0.045297
-0.552843
-0.840788
-1.180478
-1.128511
-0.970346
-0.657377
-0.207837
0.075967
0.453049
0.652295
0.648866
0.784661
1.271897
1.581016
1.250683
0.945998
0.776425
0.435594
-0.005320
-0.288195
-0.455421
-0.657134
-0.902147
-0.840092
-0.294606
0.362971
0.501466
0.116902
-0.206637
-0.519350
-0.839566
-0.949633
-1.053277
-1.178075
-1.109196
-0.706325
-0.653018
-0.486649
0.195856
0.797113
1.035288
1.043132
0.390140
-0.784745
-1.036531
-0.570033
-0.062928
0.410307
0.908012
1.402938
1.586406
1.349914
0.588021
-0.096329
-0.529432
-0.603801
-0.146338
0.051938
0.027466
0.359130
0.891866
1.033066
1.008239
0.920787
0.557283
0.503496
0.729686
0.792185
0.144952
-0.614198
-1.150500
-1.916915
-2.517064
-3.009959
-2.837482
-1.961423
-1.263236
-0.081285
1.005575
0.942412
0.853077
0.697450
0.509552
0.188888
-0.402879
-0.670290
-0.670290
-0.359380
0.161172
0.435233
0.367941
0.008550
0.100141
0.404818
0.789590
0.670290
-0.049764
-0.169183
-0.558907
-0.810088
-0.724283
-1.073716
-0.891046
-0.577277
-0.238485
0.056353
0.554607
0.832604
0.509964
0.264462
0.647627
1.354350
1.185966
0.856766
0.749634
0.270914
0.430101
0.998503
1.328422
1.406146
0.846000
0.640921
0.358348
-0.188128
-0.601149
-1.181505
-1.490119
-1.654982
-1.396426
-0.933885
-0.670290
-0.387763
-0.146285
-0.051953
-0.141532
-0.217244
-0.228349
-0.068057
0.308885
0.680763
0.888133
0.815583
0.894411
1.311576
1.416198
1.154173
0.936877
0.423051
-0.659978
-1.442796
-1.550648
-1.271835
-0.902319
-0.876556
-0.896716
-0.719534
-0.610524
-0.507796
-0.376392
-0.223097
0.057749
0.416667
0.693980
0.904550
0.909121
0.790587
0.583271
0.361420
0.310733
0.275913
0.463264
0.881500
0.488783
-0.439834
-1.193173
-1.762200
-1.737488
-1.066160
-0.680210
-0.693590
-0.397152
0.066725
0.148448
-0.027196
-0.080471
0.285222
0.895126
1.095488
1.116904
1.097346
0.877338
0.670290
0.240320
-0.402840
-0.939523
-1.321694
-1.403260
-1.218059
-0.649575
0.070825
0.757042
1.148889
0.972264
0.534318
0.064046
-0.115064
-0.031490
0.036784
0.084064
0.338877
0.753709
0.951751
0.769753
0.574313
0.678887
0.147253
-0.488119
-0.649367
-0.846652
-0.923940
-0.733840
0.135209
0.820520
0.878718
1.552056
1.707775
0.939134
0.469764
0.341492
0.290040
-0.009297
-0.174109
-0.429267
-0.547491
-0.587872
-0.883491
-0.996058
-1.364204
-1.354665
-0.833062
-0.258242
0.804776
1.149634
0.572752
-0.116992
-0.560664
-0.731284
0.070891
0.861566
0.907935
0.638444
0.180195
0.440718
0.885279
1.137866
0.986277
0.255275
-0.263811
-0.526360
-0.717363
-1.051909
-0.889861
-0.108464
0.423598
0.806755
0.458720
0.305612
0.315759
-0.208300
-0.875696
-1.250165
-0.936200
-0.882534
-0.859841
-0.206052
0.594513
0.495218
0.129464
-0.147027
-0.695822
-1.031963
-1.001801
-0.927199
-0.994707
-1.017126
-1.002593
-0.512305
0.060675
0.192924
0.325440
0.670290
1.059829
1.601257
1.592584
0.599748
0.247855
1.237406
1.393197
-0.132025
-0.932955
-0.622844
-0.175984
0.009824
0.127727
-0.464027
-1.078247
-0.617395
0.005405
0.301700
0.406457
1.003897
1.776726
1.738701
1.037554
0.226063
0.094256
-0.285710
-1.388857
-1.806363
-1.334402
-0.681029
-0.042681
0.818363
0.970416
0.319968
-0.336495
-0.946095
-1.494823
-1.848871
-1.181259
-0.395769
-0.674721
-1.068566
-1.176319
-0.801204
0.504989
1.211315
0.917463
0.685577
0.520300
0.559344
1.083374
0.944911
0.016227
0.407435
1.552128
1.852184
1.628377
0.754415
-0.513275
-0.813809
-0.516261
-0.539748
-0.542135
-0.143510
0.470053
0.672049
0.457057
0.676832
0.036019
-0.532104
0.218420
0.628114
0.428481
0.179187
0.077191
-0.595546
-1.394161
-1.296148
-0.250831
0.624635
1.041409
1.906293
2.196838
1.126960
0.182352
-1.071401
-2.487506
-2.975393
-2.965952
-2.382399
-1.618807
-1.117060
-0.523125
0.447324
1.197026
1.650356
2.087431
2.043985
1.410797
0.818419
0.149322
-0.048640
-0.126238
-0.013356
0.834886
1.199198
0.844408
0.358839
-0.194059
-0.359284
-0.269086
-0.703843
-1.191542
-0.484282
-0.106874
-0.670290
-0.870515
-0.670290
-0.419948
-0.041781
0.488502
0.675067
1.177433
1.396600
0.577424
-0.339673
-0.157502
0.082054
-0.507737
0.366663
2.537503
3.127969
2.190433
0.738524
-0.274502
-0.473031
-0.671248
-1.190528
-1.828766
-1.959006
-2.000331
-1.819457
-1.367442
-1.434671
-1.663764
-1.471295
-0.653771
0.651577
1.832214
2.321254
2.125064
1.391851
0.502298
-0.075223
-0.278874
-0.569020
-0.670290
-0.573627
-0.832999
-0.794915
-0.050524
0.461231
0.004945
-0.719184
-0.623852
0.259316
0.903220
-0.023067
-0.126607
0.809860
0.629468
0.250579
-0.222086
-0.084654
0.060146
0.030616
-0.011968
-0.537644
-1.068808
-1.878823
-2.650806
-2.443538
-1.121818
-0.136478
0.314839
1.217906
2.650027
3.846146
3.794131
3.044238
2.506715
1.464562
0.501651
0.038883
-0.256860
-0.377619
-0.412881
-0.600776
-0.731606
-0.800436
-0.962060
-1.026932
-0.905287
-0.827063
-1.008857
-0.764048
-0.357197
-0.012100
0.144027
0.243902
0.081472
-0.094799
0.219204
1.047224
1.842214
2.034482
1.710766
1.185449
0.714481
0.352538
0.083095
0.148617
-0.302451
-1.112851
-1.116111
-1.580716
-2.763966
-2.807371
-1.773176
-0.776246
-0.259227
0.130228
0.486549
0.536976
0.523287
1.013649
1.017619
0.456093
0.506974
0.323462
-0.032535
-0.704244
-1.230583
-0.871165
-0.637973
-0.243685
-0.010292
-0.248492
-0.419569
-0.583572
-0.789790
-0.835884
-0.521907
-0.045871
0.347506
1.080226
1.600192
1.437118
1.358614
1.358196
1.494501
1.800844
1.940996
1.068938
0.038570
-0.497318
-0.820790
-1.040318
-1.145631
-0.875350
-0.669099
-0.568871
-0.349088
-0.118817
0.239409
0.131597
0.007723
0.093837
-0.367212
-0.800861
-0.577218
-0.347616
-0.370521
-0.343762
-0.258637
0.474915
1.963515
2.062279
1.743878
1.622450
1.320891
1.143149
1.252863
0.882819
0.108839
0.009277
0.022055
-0.422289
-1.010678
-1.623920
-2.001490
-1.588684
-1.156101
-1.116892
-0.947404
-0.175873
0.159862
0.192861
0.165170
1.051870
2.543876
2.809055
2.303255
1.385574
0.453540
-0.268592
-1.094052
-1.124380
-0.363088
0.223728
0.030722
-0.400130
-0.670290
-0.983642
-0.530423
0.034865
0.196551
0.506031
0.210686
0.063105
-0.250723
-0.787606
-0.517398
-0.159383
-0.243734
0.037122
0.869376
1.324454
1.531277
1.792215
1.414709
0.377449
-0.939698
-1.681600
-1.948889
-2.128790
-2.155631
-1.906634
-1.000793
-0.242762
0.151815
0.808253
0.996009
1.175311
1.697700
1.877576
1.639972
1.077867
0.530540
0.049937
-0.457410
-0.612926
-0.520787
-0.546577
-0.674303
-0.683501
-0.734350
-0.483900
-0.048315
0.019732
-0.036131
0.099376
0.223863
0.610518
0.685323
0.343778
0.340009
0.053226
-0.496710
-0.952531
-1.327043
-1.815419
-1.999631
-1.566725
-0.670290
-0.063555
0.298371
0.934909
1.466728
1.550434
1.237525
0.780987
0.329197
-0.041082
-0.325214
-0.692895
-0.819659
-0.804152
-0.630778
-0.452419
-0.575824
-0.575612
-0.575283
-0.488485
-0.555082
-0.670290
-0.484321
-0.314430
0.071758
0.601881
1.235172
1.897358
2.305531
2.082986
1.317193
0.306340
-0.810318
-1.455364
-1.595718
-1.406643
-0.981546
-0.805451
-0.670290
-0.307521
0.108158
0.516841
0.720008
1.043072
1.384055
0.845233
-0.134548
-0.881518
-1.404102
-1.748212
-1.470553
-1.100745
-0.670290
-0.180662
-0.181181
0.181152
0.935100
0.906819
0.590654
0.568399
0.479424
0.287472
-0.248757
-0.765739
-0.990531
-1.243818
-1.369976
-0.934467
-0.959351
-1.041941
-0.937142
-0.451417
0.291439
0.538296
0.864167
1.358038
0.853564
0.670309
0.898803
0.670290
0.113272
0.045256
0.349162
0.484971
0.574796
0.465043
0.032681
-0.420998
-0.754676
-0.810496
-0.712726
-0.491815
-0.091343
-0.013509
-0.250811
-0.214310
0.164692
0.456601
0.845565
0.837866
0.703638
1.351555
1.721399
1.059531
0.363796
0.477100
0.759631
0.470768
-0.472937
-1.117091
-1.296417
-1.317082
-1.130244
-0.933820
-1.013929
-0.918825
-0.539403
-0.480211
-0.531347
-0.221456
0.851397
1.578732
1.447851
1.189795
0.756384
0.152399
-0.507230
-0.879855
-0.646175
-0.159883
0.069306
-0.001339
0.032193
0.116667
0.162660
0.511297
0.688146
0.880700
1.449592
1.994930
2.327888
1.861855
0.777771
-0.123150
-1.083064
-1.665542
-2.352119
-2.840833
-2.514041
-1.371279
-0.526173
-0.096674
-0.266388
-0.153337
0.100668
-0.112418
-0.317683
-0.276042
-0.206110
-0.225339
0.174501
1.083439
1.280078
1.023366
0.933244
0.670290
0.356999
-0.213469
-0.480541
-0.879498
-1.429508
-1.526107
-1.545526
-1.312468
-0.846887
-0.427574
0.023161
0.424377
0.479621
0.520524
0.568708
0.709143
0.751432
0.831593
1.060807
1.280773
1.024372
0.540576
0.048614
-0.669381
-1.193348
-1.372017
-1.307493
-1.141375
-0.901507
-0.167005
0.473981
0.632680
0.573232
0.414667
0.322782
0.505808
0.850931
0.727137
0.196344
-0.341896
-0.728750
-0.984858
-1.116760
-1.236284
-0.982828
-0.323118
0.051494
0.960463
1.789497
1.910386
1.917789
1.402975
0.611770
0.127001
-0.167805
-0.231222
-0.070131
0.030266
-0.158453
-0.641656
-1.069222
-0.670290
0.057762
0.511792
0.425803
0.240085
-0.094686
-0.066237
0.078346
0.261449
0.371813
1.024660
2.085894
1.955488
1.741656
1.840073
1.220181
0.179092
-0.603221
-1.285396
-2.378931
-3.131540
-3.209732
-2.935962
-2.096226
-1.221986
-0.407740
0.375756
0.670290
0.479404
0.231859
-0.003474
-0.170115
-0.188155
0.055940
0.533677
0.909435
1.043004
1.149170
0.850256
0.319923
-0.162037
-0.499276
-0.697122
-0.850248
-0.830493
-0.904330
-0.815725
-0.227806
-0.152152
-0.237894
-0.207357
-0.288669
-0.068796
0.462069
0.755311
0.800776
0.990069
0.893001
0.760355
0.773555
0.653180
0.457237
0.036283
-0.734138
-1.332659
-1.588422
-1.191545
-0.755035
-0.275443
0.646360
1.312940
1.799419
1.656457
1.122501
0.585752
0.119660
-0.467283
-0.683624
-0.553231
-0.766093
-0.879956
-0.704648
-0.385562
0.048204
0.325176
0.464732
0.904989
0.570313
-0.468675
-1.284663
-1.257137
-1.147741
-1.484337
-1.231575
-0.428244
0.212625
0.299300
0.518127
0.559524
0.512115
0.417344
0.150885
0.081349
0.061916
-0.120796
0.839582
2.264174
2.593031
2.310609
1.313803
0.108129
-0.724378
-0.772562
-0.256006
0.234225
0.903099
1.638794
1.093100
0.166324
-0.175846
0.670290
1.442849
1.046058
0.335592
0.123171
0.356504
0.226803
-0.265269
-0.358618
-0.670290
-1.076633
-1.164566
-1.490725
-1.428155
-1.275782
-0.982196
-0.670290
-0.383155
-0.152846
0.111031
0.592602
0.900592
0.745999
0.562316
0.700020
0.978564
1.008741
0.677523
0.257949
-0.094880
-0.450310
-0.662403
-0.815767
-1.064356
-1.212522
-1.257067
-1.136631
-0.848524
-0.555760
-0.085778
0.499974
0.854814
0.826957
0.957426
1.051459
0.598714
0.028154
-0.458855
-0.715810
-0.735757
-0.718970
-0.634239
-0.386754
-0.121689
0.138653
0.559302
0.848909
0.750816
0.670290
0.572259
0.656541
0.870575
0.725692
0.745601
0.923679
0.750423
0.593097
0.399716
0.200550
0.234598
0.424683
0.707988
0.810569
0.708391
0.361627
-0.027802
-0.300007
-0.542468
-0.834798
-0.541915
0.590607
1.589529
1.858704
1.323672
0.463377
-0.526283
-1.813667
-2.825181
-3.336316
-2.984419
-2.534155
-2.080050
-1.490518
-0.804818
-0.114419
0.187862
0.477357
0.621228
0.946657
1.433731
1.332208
0.795452
0.162864
-0.337227
-0.433379
-0.119237
-0.073417
-0.304955
-0.801192
-0.852424
-0.305966
0.106745
0.464455
0.868595
1.052350
1.000513
0.957052
0.301466
-0.670290
-1.077254
-1.451420
-1.922458
-2.244612
-1.892211
-0.891530
0.104095
0.385065
0.109255
0.268332
0.699572
0.923678
1.015020
0.543613
-0.366111
-0.758274
-0.499562
0.020590
0.649913
0.788851
0.712630
0.571493
0.053024
0.149281
0.662370
0.889594
0.868222
0.433809
-0.279679
-0.509371
-0.323157
-0.318929
-0.266814
0.577379
0.808211
-0.196068
-0.995477
-1.465831
-1.671508
-1.181173
-0.814326
-0.867858
-0.830528
-0.510088
-0.178513
0.266938
0.972379
1.519129
1.850542
1.491100
0.871047
0.365979
-0.009177
-0.395038
-0.966543
-1.071488
-1.039923
-0.913429
-0.617545
-0.148909
0.248208
0.446320
0.729996
0.980260
1.066925
0.705830
0.156462
-0.132093
-0.161005
0.260945
0.785662
1.092522
1.167297
0.839621
0.389839
-0.188019
-0.682132
-1.053266
-1.429397
-1.522773
-1.592635
-1.380202
-0.831850
-0.054336
0.670290
1.140364
1.383126
1.428567
1.094235
0.898420
0.674621
0.464327
0.004229
-0.664878
-0.800007
-0.542934
-0.140122
0.262801
0.582364
0.340003
-0.364476
-0.651902
-0.776346
-0.969272
-0.796734
-0.433533
-0.541184
-0.455747
0.030696
0.310568
0.331856
-0.218303
-0.783499
-0.868941
-0.798253
-0.802980
-0.625457
-0.225801
0.379804
0.802760
0.889290
0.934426
0.917559
0.714535
0.564904
0.667803
0.757505
0.569129
0.311187
-0.207867
-0.779979
-0.982131
-0.916670
-0.855120
-0.609787
0.061790
0.718336
1.242802
1.562118
1.694985
1.091634
0.292837
0.026615
-0.191575
-0.455098
-0.630824
-0.928049
-1.057888
-0.820938
-0.670290
-0.658984
-0.252731
0.148191
0.522643
0.683528
0.160037
-0.232804
-0.546173
-0.955121
-0.935150
-0.516557
0.114604
1.598280
2.481225
1.847405
1.301228
0.369279
-0.274123
0.294075
0.495710
0.026933
-0.670290
-1.389221
-2.270685
-2.436735
-2.029450
-1.517153
-0.393960
0.705448
1.153547
1.067773
0.803650
0.068388
-0.852854
-0.971820
-0.588403
-0.348496
0.113212
0.461632
0.678353
0.828581
0.670290
0.328520
0.151977
0.041603
-0.365404
-0.498454
-0.528720
-0.651461
-0.638342
-0.624940
-0.650047
-0.967652
-1.482631
-1.655572
-1.529639
-0.880362
-0.193626
-0.290695
-0.680034
-0.960502
-0.649110
-0.288841
-0.428881
-0.159019
0.351760
0.838180
1.546785
2.224125
2.158474
1.498062
0.736537
-0.326950
-1.049624
-1.110459
-0.740281
-0.541666
-0.965703
-0.812117
0.239865
1.143272
1.417163
1.124813
0.695924
0.316449
0.071214
0.234841
0.105668
-0.323329
-0.551675
-0.969735
-1.284867
-0.854607
-0.458148
-0.270200
0.074737
0.524433
1.339094
1.756517
2.031693
1.764168
0.916490
0.262700
-0.160359
-0.639406
-0.983016
-1.280746
-1.642918
-1.624519
-1.095660
-0.358088
-0.124874
-0.242162
-0.402924
-0.399242
-0.395406
-0.128437
0.284264
0.543819
0.569328
0.789156
1.298794
1.927548
2.275442
1.552607
0.334509
-0.522264
-1.180294
-1.518636
-1.331670
-1.213275
-0.895393
-0.657362
-0.647806
-0.590690
-0.303243
0.421438
1.181236
1.405865
0.840013
0.284025
-0.439915
-0.505932
0.067594
0.113229
0.263658
0.666185
0.686784
0.800198
1.105118
1.869417
2.410520
1.720347
0.570035
0.290681
0.284588
-0.166051
-0.380768
-0.530578
-0.827967
-1.043400
-0.689298
0.123886
0.733650
0.537168
0.000421
-0.364898
-0.978767
-1.422843
-1.403625
-1.179784
-0.486826
0.607032
1.612285
2.242611
2.412374
2.358741
1.697878
0.906211
0.168375
-0.260381
-0.551446
-0.670290
-0.733513
-0.885064
-0.945872
-0.749766
-0.628194
-0.437877
-0.149377
-0.043975
-0.092626
-0.281062
-0.150941
0.085636
0.277381
0.904563
1.561657
1.817576
1.827198
1.598551
1.273327
0.975256
0.659395
-0.008697
-0.508689
-0.988822
-1.657867
-2.213231
-2.569579
-2.349249
-1.840466
-1.182101
-0.310119
0.118702
0.204642
0.221902
0.488078
0.695630
0.537604
0.258394
-0.073892
-0.342223
-0.597701
-0.745325
-0.720545
-0.348756
0.097145
0.220264
0.422119
0.845140
1.141937
1.164206
1.027283
0.835725
0.442334
-0.150582
-0.682081
-1.073547
-1.321858
-1.359128
-1.084190
-0.629896
-0.769559
-1.011922
-0.082750
0.957585
1.286924
1.857005
2.629931
2.508996
1.189069
-0.215950
-1.015722
-0.932153
-0.255191
-0.176255
-0.827637
-0.209294
0.685128
0.341789
0.068028
0.137834
-0.101939
-0.446421
-0.476042
-0.347545
-0.469096
-0.597236
-0.670290
-0.703894
-0.651348
-0.604428
-0.925699
-1.498286
-1.839263
-1.473635
-0.295208
0.033648
-0.619551
-0.558810
1.122154
3.043691
3.018395
2.094996
1.562053
1.813353
1.623814
0.410037
0.670290
1.254153
0.417005
-0.352656
-0.336651
0.046504
0.252155
-0.175217
-0.825805
-1.183300
-1.178484
-0.283083
0.177710
0.132342
-0.292360
-0.587874
-0.710546
-0.878316
-1.065176
-0.862816
-0.396813
-0.160167
0.099352
0.188565
0.485086
0.821265
1.119114
1.743067
1.962915
1.517454
1.487343
1.639766
0.496145
-0.556025
-1.642006
-2.181799
-1.872242
-1.490513
-1.094671
-0.760552
-0.437903
0.164879
0.323923
-0.028347
0.317476
0.916711
0.847324
0.243805
-0.021437
-0.038474
0.126910
0.286656
0.210277
0.210044
0.115601
-0.205611
-0.660966
-0.832993
-0.673927
-0.763662
-1.116872
-1.381938
-1.421746
-1.139857
-0.350355
0.666673
0.899457
0.810855
0.511669
-0.007818
0.743860
1.376906
0.809556
0.215374
0.116507
0.584582
1.011162
1.054404
0.812133
-0.185258
-0.833407
-0.784648
-1.194414
-1.659179
-1.201992
-0.777254
-0.589944
-0.304996
-0.153211
0.346054
0.294319
-0.096645
-0.033500
-0.032197
-0.040191
0.093626
0.229605
0.305293
0.398065
0.478871
0.885081
1.577271
1.577388
1.206748
0.680464
-0.092645
-0.919122
-1.974765
-2.005352
-1.722523
-1.903959
-1.858877
-1.484052
-0.666127
0.170758
0.846798
1.101137
1.276618
1.577424
1.583409
1.265049
0.403315
-0.233013
-0.447348
-0.701165
-0.713017
-0.613662
-0.922298
-0.637807
-0.302302
-0.457348
-0.547427
-0.295801
0.026266
0.388276
0.553547
0.643505
1.004338
0.855759
0.462182
0.220709
-0.199449
-0.811654
-1.240441
-1.169804
-1.245857
-1.331147
-1.104776
-0.953498
-0.559623
-0.233153
0.063079
0.363576
0.610957
0.827265
0.957786
1.161224
0.940253
0.579648
0.227533
0.223710
0.836774
0.769249
0.521557
0.677837
0.423747
0.151877
-0.112783
-0.632697
-1.286925
-1.228269
-0.950595
-0.883110
-0.586544
-0.234040
0.042610
0.556394
1.337527
1.654768
1.013589
0.338698
-0.136089
-0.064005
0.320823
-0.399094
-0.847441
-0.670290
-1.510810
-2.275011
-1.979300
-1.159821
-0.394810
1.086349
2.634658
2.376532
1.914539
1.149624
0.417757
-0.047908
-0.291107
-0.415434
-0.264753
-0.278888
-0.337709
0.576080
1.327199
1.180770
0.751396
0.469724
0.670290
1.279794
1.217895
0.039554
-0.316412
-0.060090
-0.497010
-1.309586
-1.940967
-2.381162
-2.411131
-2.902772
-2.432790
-1.724287
-1.089158
-0.128292
0.314942
0.179701
-0.312193
-0.253007
0.121984
0.320502
0.544815
1.820369
3.461107
3.986724
2.872484
0.933043
-0.478536
-0.820974
0.048490
0.670290
0.184324
-0.386843
-0.586191
-0.815003
-0.708096
-0.813822
-1.109465
-0.441600
0.549001
0.907131
0.552072
0.021372
-0.176458
-0.150909
0.642174
0.831484
0.121554
0.019394
0.820667
1.330244
0.914064
0.299469
-0.659721
-1.293864
-1.683816
-0.359611
1.593822
2.157891
2.051899
0.881199
0.133356
-0.636482
-1.862522
-2.128012
-2.010041
-1.790601
-0.944486
-0.049973
0.330715
0.564623
0.416014
0.282394
0.232415
-0.168584
-0.315139
-0.573561
-0.869360
-0.221638
0.583201
1.353207
1.533334
1.345512
1.442928
0.577859
-0.720770
-1.165141
-1.099411
-1.237758
-1.340303
-0.086577
1.272463
1.449518
1.121236
0.250400
-0.326111
-0.239890
-0.109692
-0.425382
-0.236343
-0.019978
-0.012269
0.391983
0.731257
0.578796
0.034549
-0.317599
-0.417732
-0.418672
-0.566833
-0.801798
-0.964060
-1.105610
-1.154083
-1.083715
-0.829972
-0.154823
0.426061
0.736388
1.162334
1.667862
1.569256
1.021348
0.525805
-0.301247
-1.061336
-1.520033
-1.673832
-1.522543
-1.005574
-0.573403
-0.282694
0.081367
0.485019
0.754201
0.912723
0.853798
0.659812
0.626847
0.557274
0.531096
0.343392
0.194057
-0.071593
-0.543454
-0.889232
-1.040045
-1.177386
-1.228441
-1.111062
-0.770932
-0.349672
-0.011627
0.083534
0.331760
0.839856
1.105803
1.205566
1.410763
1.691380
1.675093
1.494861
0.685645
-0.518243
-0.800723
-0.718230
-0.929855
-0.957584
-0.729228
-0.491584
-0.002927
0.658805
1.142689
1.474773
1.251705
0.410946
-0.257217
-0.413173
-0.611530
-0.607280
-0.548278
-0.734696
-0.637689
-0.037821
0.652762
0.913961
1.092021
1.082074
0.441532
-0.243547
-0.301526
-0.130273
-0.012230
0.221133
0.105109
-0.480040
-0.666793
-0.819628
-0.852061
-0.458136
-0.191716
-0.493480
-1.117530
-1.700616
-2.073665
-1.354885
-0.314949
0.481131
1.131012
1.028623
1.351333
1.526688
0.998611
0.544944
0.586654
0.976804
1.121409
0.695269
-0.093012
-0.594147
-0.889269
-0.987536
-0.962060
-0.851628
-0.546261
-0.355113
-0.389820
-0.309247
-0.258837
0.072942
0.417139
0.605636
0.780711
0.825731
1.041311
1.070839
0.939001
0.810304
0.381034
-0.107567
-0.756191
-1.399353
-1.627274
-1.469068
-1.040397
-0.541565
-0.068134
0.680437
1.185971
1.021492
0.770794
0.559547
0.299421
0.198727
0.043170
-0.287154
-0.359184
-0.414162
-0.660294
-0.704727
-0.593370
-0.484472
-0.137900
0.482309
0.729940
1.032310
1.360601
1.458998
1.030460
0.273316
-0.747526
-1.223467
-1.243730
-1.523331
-1.522095
-1.246970
-0.923999
-0.355859
0.307278
0.321876
0.002874
0.019303
0.441060
1.004901
1.411913
1.549574
0.696916
-0.387361
-0.670290
-0.625316
-0.141555
0.377973
0.149405
-0.025048
-0.399769
-0.917627
-1.138054
-1.122161
-0.917539
-0.627598
-0.391142
-0.060523
0.149652
0.264281
0.481844
0.652866
0.819546
0.892449
0.834060
0.524957
0.481318
0.868268
0.590967
-0.144452
-0.670290
-0.862876
-1.038635
-1.154522
-1.130442
-0.829782
-0.480571
-0.149771
0.159640
0.513406
0.851773
1.142197
1.283602
1.226061
0.852937
0.249058
-0.336626
-0.842815
-1.057807
-1.140857
-0.959213
-0.479719
-0.291242
-0.248762
-0.126855
0.170074
0.459434
0.520557
0.714987
0.780164
0.670290
0.730126
0.900206
1.045291
0.717788
0.240041
0.361564
0.661477
0.588041
0.359738
0.187536
-0.231757
-1.104821
-1.235558
0.038985
1.193421
1.354398
1.537014
0.877231
-0.346214
-0.702193
-0.297048
-0.272192
-0.959291
-1.687782
-2.046358
-1.972980
-1.364915
-0.484592
0.090998
0.264914
0.329669
0.341938
0.282220
0.275997
0.268169
0.308722
0.406178
0.677393
1.208631
0.732624
-0.535748
-1.428976
-1.580132
-1.021278
-0.635918
-0.311350
-0.246434
-0.853795
-0.861347
-0.512946
-0.607551
-0.501132
-0.039330
0.995438
1.947729
2.130261
1.850482
1.354650
0.765240
0.117809
-0.513986
-0.797141
-0.691396
-0.649829
-0.818463
-0.405574
0.485763
1.240798
1.803103
1.895663
1.417872
0.477979
-0.386337
-0.699234
-0.781670
-0.571872
-0.665852
-0.670290
-0.263160
-0.527165
-1.213469
-1.390141
-1.419879
-1.651933
-1.567688
-1.205115
-0.617514
-0.129668
0.252440
0.506012
0.722084
0.912983
0.939977
0.692548
-0.017758
-0.766894
-1.131378
-0.704192
-0.120931
-0.078902
0.235488
0.598784
0.591509
0.506538
0.280938
0.186863
-0.026668
0.109653
0.337714
0.225808
0.279415
1.081257
1.460057
0.583872
-0.070515
-0.801475
-1.664566
-1.860113
-1.814676
-1.504922
-0.841104
-0.289323
0.137979
0.340795
0.759564
1.175704
1.165906
1.012117
0.858650
0.913820
0.756481
0.488146
0.276386
0.152241
-0.025449
-0.472931
-0.670290
-0.604994
0.022796
1.048526
1.344727
1.056080
0.670290
0.152211
-0.464527
-0.724807
-0.631595
-0.331700
-0.205596
-0.613307
-0.822972
0.025368
1.434777
1.619536
0.984448
0.666109
0.246816
0.256565
0.324340
0.273945
1.145129
1.200302
-0.398882
-1.593067
-2.509293
-3.320357
-3.575854
-2.789856
-0.909357
0.047484
1.089243
1.249247
0.670290
0.440143
0.192111
0.069159
-0.278408
-0.327448
-0.189812
0.574729
1.034734
0.705172
0.529957
0.086702
-0.240575
0.207876
0.419386
0.560076
1.067259
0.581965
-0.405837
-1.117877
-1.505490
-1.783324
-1.882832
-1.554736
-0.850708
-0.395721
0.269964
0.774631
1.148286
1.390800
0.972644
0.673639
0.565015
0.513509
0.355804
0.187166
-0.053246
-0.296928
-0.414904
-0.763289
-1.152927
-1.270556
-1.224842
-0.851932
-0.180220
0.668577
1.426103
1.405943
1.201793
0.725921
-0.258889
-0.638858
-0.914146
-0.929092
-0.381098
0.672926
1.204079
0.874628
0.699364
0.577289
0.318242
0.112431
-0.000467
-0.310610
-0.598740
-0.703025
-0.644071
-0.711137
-0.689267
-0.164265
0.359888
0.339669
0.006708
-0.547536
-0.810502
-0.970921
-0.927612
-0.530421
-0.381122
-0.469940
-0.071960
1.158293
1.975337
1.828047
1.560676
0.670290
-0.168928
-0.703802
-1.274666
-1.338586
-0.670290
0.068785
0.100830
-0.104573
-0.186869
-0.071011
0.629591
1.502243
1.866895
1.764306
1.368826
1.440091
1.547358
0.892234
-0.290731
-1.085495
-1.288467
-1.268021
-1.020872
-1.144689
-1.322926
-0.815576
-0.320996
-0.494213
-0.530421
-0.762713
-0.725604
-0.357772
-0.406350
-0.486771
-0.394926
-0.470579
-0.543085
-0.366103
-0.269632
0.433147
1.636198
2.031077
1.725338
1.261204
0.780109
0.418262
-0.160236
-0.909099
-1.097114
-0.840732
-1.075168
-1.013522
-0.659573
-0.557527
-0.486633
-0.536460
-0.386502
-0.170569
-0.164650
0.216955
0.449330
0.066180
-0.456251
-1.215047
-1.649962
-1.286724
-0.489545
0.446045
1.254828
1.295942
0.899393
0.566618
0.645430
0.610731
0.884289
0.888003
-0.220799
-1.046897
-1.070792
-0.937887
-0.662415
-0.508079
-0.365788
-0.067803
0.258110
0.554697
0.642403
0.510429
0.874981
1.400090
1.035756
0.358070
-0.315485
-0.670242
-0.823942
-0.921088
-0.935187
-0.850056
-0.681623
-0.513484
-0.348577
0.077647
0.282496
0.351234
0.723072
1.115348
1.321328
1.644393
2.023098
2.009824
1.697935
1.462215
0.670290
-0.978946
-2.315872
-2.465916
-1.650983
-1.330530
-0.984541
-0.187325
0.714966
1.111511
1.006056
0.673506
-0.369472
-0.533454
-0.321283
-0.566417
-0.670290
-0.339711
0.110145
0.462408
1.058010
0.732361
-0.321682
-0.656825
-0.904359
-1.233792
-1.436653
-1.042136
-0.112142
0.316800
0.240784
0.273297
0.577474
0.767958
0.418811
0.214346
0.078368
0.257304
0.533906
0.597038
0.510183
-0.543197
-0.958336
-0.670290
-0.113665
0.670290
0.782806
0.806696
0.683472
0.366934
-0.263715
-0.733202
-0.806906
-0.999965
-0.749370
-0.310491
-0.150221
-0.551281
-1.360062
-1.852727
-2.076625
-1.952200
-1.735323
-0.827813
0.228048
0.832579
1.045756
0.987106
0.754649
0.792063
0.933230
1.003641
0.670290
0.436188
0.337736
-0.061404
-0.564071
-0.976304
-1.047898
-1.034878
-1.010980
-0.490669
0.040463
0.307306
0.547147
0.585389
0.670290
0.796511
1.239272
1.352915
1.280535
1.021324
0.495248
-0.297005
-1.053645
-1.534681
-1.590686
-1.276739
-0.739344
-0.206273
0.527296
0.700116
0.553008
0.434258
0.063193
-0.138876
-0.121337
0.294228
1.018015
1.441637
0.812690
-0.373929
-1.260572
-1.738118
-0.987147
0.314000
0.384702
0.241544
-0.057934
-0.187154
-0.097624
0.201308
0.428586
0.483135
0.670290
0.509782
0.057907
-0.131952
-0.398345
-1.322059
-2.520882
-2.956578
-3.269831
-2.924968
-2.273157
-1.595588
-0.267775
1.666932
3.121439
3.634709
4.941944
5.031189
3.405928
2.168975
1.348331
0.383084
-0.197744
-0.289018
-0.067407
-0.078935
0.188360
0.291732
0.269130
0.383074
0.074326
-0.561543
-1.132375
-0.794922
-0.437799
-0.147371
0.396173
0.465050
0.195323
0.341431
0.714184
0.903329
0.623321
0.018953
-0.775445
-1.304775
-1.632922
-1.722471
-1.349242
-0.859778
-0.517351
-0.021371
0.593761
0.987227
1.261239
1.432886
1.208405
0.915381
0.340093
-0.267679
-0.577949
-0.827606
-1.125277
-1.508128
-1.498467
-1.274726
-0.990634
-0.600222
-0.117923
0.461074
1.046050
1.071087
0.492566
0.327870
0.650794
0.660327
0.359260
0.023630
-0.401342
-0.520240
-0.713464
-0.852248
-0.440652
-0.051333
0.335602
0.837632
1.081753
1.575385
2.028136
2.058680
1.569437
0.655352
-0.069756
-0.710356
-1.142783
-1.258134
-1.086836
-0.778973
-0.339129
0.121153
0.544170
0.692561
0.553326
0.570765
0.672635
0.655187
0.142848
-0.320301
-0.619401
-1.266081
-1.695329
-1.641377
-1.379618
-1.131340
-0.669494
0.173721
0.670290
0.781294
0.586920
0.087142
0.125653
-0.082898
-0.128087
0.115006
0.276389
0.681959
0.884545
1.020414
1.248398
1.243126
0.986527
0.684296
0.310236
-0.113740
-0.431850
-0.817765
-1.506053
-2.128103
-2.223548
-1.819058
-0.870782
0.615928
1.812517
1.917096
1.352395
0.670290
0.614451
0.608089
0.477733
0.636991
0.512863
0.424971
0.471380
0.376597
0.368502
0.254110
-0.236642
-0.579552
-0.845798
-1.060499
-1.108809
-0.731007
0.346195
1.420909
1.505033
1.097943
0.530354
-0.193699
-0.355888
0.414259
0.406900
-0.444470
-0.738946
-1.178860
-1.951184
-1.978837
-1.747146
-1.238558
-0.493760
-0.088461
0.248111
0.521880
0.739078
0.670290
0.356171
-0.169326
-0.830655
-0.483107
0.702995
1.186324
1.328077
1.503091
1.493821
0.670290
0.063989
0.099549
0.044042
-0.137214
-0.325301
-0.493814
-0.934592
-1.250455
-1.391792
-1.541399
-1.452261
-1.289900
-1.145041
-0.905846
-0.438055
0.348963
1.204058
1.313554
0.827272
0.147651
-0.412274
-0.801705
-1.026350
-0.950669
-0.784948
-0.576010
-0.333930
-0.358917
-0.610527
-0.560417
-0.357608
-0.094318
0.107873
0.190479
0.337479
0.186240
-0.023767
0.198253
0.454623
0.796455
1.129159
1.433044
1.814805
2.120217
2.099692
1.419105
0.390635
-0.372385
-0.681135
-0.967458
-1.058633
-0.936491
-0.885910
-0.670290
-0.407813
-0.379942
-0.854403
-1.055565
-0.850331
-0.837718
-0.442816
0.169523
0.922504
1.190259
0.661440
0.206607
0.002055
0.006563
-0.173026
-0.015152
0.730050
0.979502
1.191476
0.894926
0.189688
0.362715
0.758746
0.670290
-0.056939
-0.108469
0.066986
-0.455164
-0.699168
-0.867514
-1.132774
-1.394192
-1.388773
-1.799268
-2.187887
-2.084146
-1.237850
-0.541732
0.186020
0.686514
0.642604
0.522072
0.645788
0.834431
0.920493
0.451639
-0.354578
-0.558400
-0.533067
-0.210054
-0.204426
-0.356647
-0.298230
0.096809
0.877538
1.314861
1.396363
1.227366
0.868108
0.507200
-0.293547
-1.306273
-2.036434
-2.143584
-1.601662
-1.053178
-0.424448
0.068247
0.263902
1.276693
2.741916
3.143544
2.352805
1.572513
0.670290
-0.037380
-0.298031
-0.581015
-0.877671
-1.125985
-1.270717
-1.004309
-0.587839
-0.125421
0.272185
0.533883
0.584047
0.584110
0.708722
0.590910
0.460090
0.414693
0.322031
-0.652809
-2.178629
-2.454649
-2.021155
-1.419484
-0.670290
0.108395
0.781569
1.045557
1.140023
0.811239
0.602971
0.359954
-0.010775
0.347542
0.834235
0.990540
0.670290
0.280732
0.264970
0.030515
-0.400222
-0.681215
-0.910327
-1.303401
-1.522041
-1.177422
-0.602685
-0.145696
-0.069786
0.189296
0.772088
0.967665
1.735598
1.628664
0.429101
-0.027654
0.179875
0.867672
0.702997
-0.158620
-0.753179
-0.754418
-0.529553
-0.980989
-0.690494
0.599137
1.649261
1.628831
0.666037
0.325579
-0.062200
-0.162601
0.691546
0.972838
0.512382
0.490434
1.004439
0.921416
0.227180
-0.317632
-1.058686
-0.923959
0.107020
0.405079
-0.110907
-0.145442
0.572564
-0.088047
-1.941333
-2.930319
-2.333307
-1.184961
0.431148
1.675002
0.969084
0.270688
0.054583
-0.639302
-0.050855
0.170722
-0.412353
-0.887054
-1.475342
-1.370824
-0.701686
-0.482921
-0.424007
-0.202937
-0.257102
-0.075362
-0.052523
-0.765542
-1.652384
-2.048457
-1.705697
-0.722572
0.339394
1.183229
1.412276
1.711922
2.088164
1.912965
1.742921
1.448456
1.027345
0.238543
-0.386029
-0.035089
0.328170
0.016424
-0.418582
-1.076018
-1.560919
-1.330242
-0.681921
0.012882
0.209192
-0.182480
-0.716140
-0.616607
0.089571
0.486757
0.494952
0.773344
0.916767
0.592802
0.233537
-0.258727
-0.670290
-0.763349
-0.893167
-0.876922
-0.641232
-0.202484
0.390994
0.836414
1.009128
1.226642
1.556531
1.288820
0.669508
0.205235
-0.290468
-0.854090
-1.011427
-0.365044
0.220899
0.670290
0.846059
0.463503
0.337829
0.194162
0.306476
0.576579
1.017156
1.523213
1.698276
1.054885
-0.218636
-1.198824
-1.811004
-1.964694
-1.802380
-1.629944
-1.045329
-0.816259
-0.546929
-0.213165
-0.026936
0.088978
0.181019
0.344637
0.409111
0.582813
0.971976
0.992963
0.902251
0.967208
0.883990
0.744686
0.490957
0.052926
-0.510984
-0.845343
-1.151002
-1.202702
-0.768264
-0.342000
0.072029
0.387077
0.670290
0.855208
0.853789
0.851027
0.603474
0.236894
-0.251300
-0.612729
-0.539998
-0.680539
-0.939460
-1.040438
-0.855158
-0.457182
-0.150307
0.313046
0.826506
1.005404
0.660864
0.570215
0.668493
0.319680
-0.125873
-0.573664
-0.910459
-1.086200
-1.111201
-0.691467
-0.041306
0.479762
0.661970
0.827970
1.139655
1.248474
1.124512
0.718991
0.201106
-0.123478
-0.321878
-0.674760
-1.169796
-1.364821
-1.367713
-1.160906
-1.123993
-1.145154
-0.939195
-0.582540
-0.211011
-0.113929
-0.203136
-0.034513
0.199119
0.456406
0.850217
0.986878
0.859518
0.670290
0.463622
-0.084361
-0.706542
-0.700855
-0.408872
-0.380451
-0.670290
-0.767736
-0.794778
-0.816196
-0.415750
-0.094420
0.127789
0.566242
1.163236
1.765494
1.889718
1.505599
0.863845
0.595137
0.246954
-0.506404
-0.861659
-0.722310
-0.532087
-0.157675
0.152903
0.308906
0.863728
1.098375
0.734547
0.414457
0.174994
-0.270504
-0.680124
-1.027042
-1.320807
-1.590146
-1.735352
-1.490578
-1.075084
-0.359423
0.494771
0.921684
0.895580
0.596827
0.407138
0.132959
0.431354
1.004763
0.952286
0.670290
0.277323
0.005999
0.102926
0.222487
0.034640
0.001083
-0.099337
-0.362852
-0.477934
-0.572376
-0.576926
-0.695841
-0.887863
-0.966944
-0.776898
-0.065560
0.426150
0.781622
1.296380
1.484823
1.433841
1.377992
1.410324
0.933947
-0.029128
-0.593046
-1.268110
-1.962077
-2.169432
-1.968891
-1.348271
-0.698603
-0.090835
0.376176
0.670290
0.714654
0.491766
0.670290
0.883202
0.874426
0.915820
0.853616
0.741737
0.617638
0.559108
0.364487
0.017643
-0.374572
-0.852027
-1.070814
-1.052379
-0.813388
-0.172493
0.177157
0.038652
-0.316009
-0.428514
-0.289721
0.032446
0.386740
0.390132
0.619304
1.046699
0.845213
-0.177040
-0.868901
-0.684074
-0.223673
0.430448
0.725474
0.183700
-0.421075
-1.056983
-1.570995
-2.003277
-1.481948
-0.840353
0.072040
1.593710
2.100195
1.805253
1.391977
0.994624
0.592809
0.401701
0.288567
-0.228283
-0.822968
-1.234597
-1.019657
-0.303465
-0.244242
-0.804295
-1.068961
-0.682836
-0.237915
0.089672
0.215989
0.280859
0.439973
0.411301
0.226208
0.209649
-0.006628
-0.453062
-0.916056
-1.372189
-1.262766
-1.219243
-1.045776
-0.590681
-0.261431
0.108138
0.512604
0.991525
1.418283
1.461609
1.024753
0.717397
0.642580
0.588327
0.490460
0.470507
0.296667
-0.451506
-1.256824
-1.604834
-1.679454
-1.675503
-1.632942
-1.181594
-0.528081
-0.041770
0.334506
0.704156
0.953503
0.862622
0.942013
1.114467
0.955508
0.804769
0.579731
0.670290
0.596804
0.426911
0.320720
-0.203188
-0.606491
-0.969680
-1.103270
-1.150744
-1.094193
-0.752825
-0.614997
-0.149011
0.681250
0.917328
0.973938
1.025310
0.695475
0.394719
0.645600
0.652866
0.395055
0.670290
0.660120
0.424469
0.670909
0.545782
-0.035472
-0.587884
-0.553695
0.060731
-0.067423
-1.011159
-1.605692
-1.417775
-1.029378
-0.665123
-0.334036
-0.132678
-0.386815
-0.965004
-0.865461
-0.121061
0.070931
-0.181294
-0.291438
-0.330116
-0.249217
0.151393
0.742065
1.190816
1.417360
1.208926
0.640467
-0.383133
-1.210589
-1.477061
-1.919326
-2.036131
-1.806698
-1.057009
0.350742
1.388858
1.557937
1.572444
1.560797
1.178302
0.881633
0.871574
0.457772
-0.113400
-0.506727
-0.858517
-1.476069
-2.062854
-1.557365
0.407249
1.787067
1.678758
0.843518
-0.077059
-0.314141
-0.342693
-0.320296
0.166544
-0.064547
-0.553877
-0.710567
-0.670290
-0.307190
0.522131
0.534628
-0.164556
-0.327861
-0.339479
-0.182250
-0.191836
-0.566602
-0.974425
-0.825748
0.451126
1.652625
2.090161
1.925277
1.146011
0.373095
-0.257562
-0.792953
-1.151260
-1.270569
-1.354835
-1.264335
-1.157674
-0.544099
0.205767
0.711923
1.305926
1.653429
1.425127
0.736420
0.100525
-0.258807
-0.432498
-0.351261
-0.075562
0.042556
0.115366
0.454754
0.954832
0.738655
-0.073227
-0.688417
-1.057071
-1.115306
-0.941347
-0.892883
-0.794521
-0.457728
-0.138669
-0.038367
0.176869
0.673741
1.097383
1.191334
0.807193
0.257024
-0.268157
-0.696721
-1.101670
-1.084651
-0.670290
0.024818
1.133438
1.764879
1.702571
1.238502
0.109993
-0.704846
-0.670290
-0.507210
-0.330099
-0.481579
-0.667318
-1.107525
-1.430142
-1.266837
-0.794109
-0.474730
-0.415564
-0.194068
-0.110662
0.441563
0.495837
-0.196913
-0.456765
-0.449372
-0.335481
0.026421
0.812183
1.624406
2.274284
2.241115
1.370171
0.670290
-0.194828
-1.073385
-1.499465
-1.305813
-0.670290
-0.224362
0.673710
1.617584
2.217105
2.513377
1.880126
1.248784
0.670290
0.220013
-0.147007
-0.413708
-0.454604
-0.794025
-1.236912
-1.314928
-1.102874
-0.810197
-0.530737
-0.281504
-0.004087
0.393065
0.653698
0.673347
0.634264
0.872183
1.345830
0.938244
0.058181
-0.446803
-0.667247
-0.719080
-0.582608
-0.520590
-0.437145
-0.019070
0.274338
0.422924
0.389277
0.269864
0.772610
1.282606
0.849406
0.880189
1.169792
1.214978
0.748987
0.510446
0.837862
0.665194
0.023978
-0.780851
-1.270828
-1.469930
-1.789227
-1.519016
-1.395454
-1.402353
-1.164265
-0.727313
-0.129099
0.225101
0.682265
1.290095
1.419096
1.026516
0.434879
-0.059415
-0.363845
-0.547894
-0.541835
-0.382678
-0.203654
-0.294033
-0.154464
0.368895
0.546764
0.575692
0.670290
0.889507
1.091117
1.328235
1.640919
1.931995
1.909911
1.274075
0.383149
-0.500643
-1.196935
-1.646896
-1.838245
-1.602799
-1.816774
-1.768964
-1.621736
-1.551342
-1.273999
-0.944662
-0.296345
0.300159
0.647155
0.859753
0.697709
0.621468
0.725089
0.736561
0.559500
0.469851
0.561435
0.499721
0.176759
-0.818515
-1.038890
-0.661676
-0.685948
-0.572253
-0.238513
0.271385
0.694376
1.025022
1.329736
0.947776
0.308082
-0.119845
-0.161481
0.039146
0.022491
-0.670290
-1.730424
-1.634451
-1.486191
-1.530141
-0.563149
-1.081310
-3.575854
-3.575854
-3.575854
-3.575854
