0.135936;0.112324;0.092350
0.393391;0.324685;0.266996
1.271495;1.049544;0.863050
2.640894;2.200637;1.820759
6.756843;5.690067;4.802214
13.411752;11.381598;9.756098
27.874843;23.730523;20.634757
45.308306;38.503403;33.797349
71.652756;60.794739;53.744019
92.499674;77.964718;69.313353
116.721821;98.122916;87.551012
125.646789;104.708567;93.789232
135.654928;112.981951;101.331516
130.871099;108.203718;97.287926
130.364245;108.366593;97.346199
123.212906;102.317340;92.010608
121.369450;102.023385;91.536236
120.083282;101.400955;91.046809
119.100188;101.769770;91.251490
122.094123;104.647378;94.035538
119.186949;102.749487;92.448922
122.579061;105.643539;95.431134
118.335794;102.099009;92.601403
121.505622;104.757950;95.426030
118.913531;102.523239;93.827710
121.296980;104.641591;96.020460
121.020264;104.436670;96.138461
121.383383;104.874948;96.616495
122.651662;106.003179;97.815118
120.997566;104.663196;96.581193
122.490550;105.941318;97.862789
119.175190;103.088950;95.267672
119.450776;103.274421;95.592962
115.531354;99.862005;92.570849
114.905240;99.300391;92.293994
112.073739;96.835177;90.153349
111.723203;96.573970;90.145407
110.533684;95.494761;89.155522
111.092877;96.057541;89.830918
110.788285;95.673484;89.350858
112.109377;96.932414;90.626465
111.492652;96.233596;89.816794
113.206417;97.881329;91.456131
111.958206;96.643343;90.188843
114.074628;98.676735;92.194107
112.684979;97.358885;90.918191
114.854021;99.426369;92.934135
113.475328;98.156351;91.746039
114.740810;99.369674;92.910841
113.323394;98.086170;91.715344
113.323420;98.113370;91.709668
112.361671;97.246508;90.897106
111.731383;96.673373;90.306548
111.791236;96.733032;90.378778
111.228320;96.223438;89.880097
112.266270;97.187406;90.836888
111.895077;96.879425;90.577094
113.273906;98.167619;91.853388
112.731173;97.714565;91.472295
113.803724;98.714035;92.452069
112.776762;97.817784;91.625311
113.230245;98.260264;92.027297
111.243932;96.543480;90.346636
110.520255;95.975958;89.693610
107.141760;93.097627;86.751860
105.287196;91.546939;84.992414
101.460376;88.325353;81.484877
98.631575;85.855958;78.660829
94.129812;82.004467;74.392481
88.004310;76.459924;68.651287
81.184488;70.434335;62.442750
71.260790;61.388133;53.640264
64.115726;55.006365;47.407384
54.510472;46.270283;39.185916
50.447561;42.653613;35.818002
44.604992;37.387529;30.981369
44.202688;37.057955;30.760531
43.020460;36.041459;29.800098
45.249631;38.029663;31.617728
48.294721;40.785575;33.939628
51.472338;43.521290;36.290156
56.844359;48.281217;40.305076
58.632001;49.699767;41.432372
63.544134;54.029544;45.093983
62.306434;52.784230;43.943872
65.169309;55.338623;46.140200
61.944351;52.398224;43.592201
63.996228;54.261128;45.236098
62.450173;52.846800;44.046804
66.056850;56.063890;46.873496
69.284883;58.848316;49.354631
75.510310;64.290623;54.172600
85.043011;72.526850;61.516737
93.657626;79.972388;68.255198
107.471968;91.878128;78.982873
113.883552;97.419128;84.221954
124.758013;106.751163;92.790817
124.028161;106.169741;92.746349
128.294859;109.741393;96.286694
123.043048;105.301688;92.904260
123.844323;105.842072;93.763205
120.119073;102.759147;91.563203
120.991231;103.377565;92.425489
121.347532;103.822032;93.283264
122.519925;104.742643;94.355271
125.319200;107.238032;96.961168
125.201977;107.091565;97.009136
128.071471;109.583648;99.504575
125.891109;107.714502;97.905595
128.078268;109.593087;99.769905
124.340776;106.409554;96.923176
126.604443;108.351066;98.844569
122.582610;104.901349;95.735380
126.322303;108.140541;98.863549
123.147445;105.386170;96.360690
128.605213;110.152843;100.893623
125.923697;107.786187;98.713452
131.458021;112.655751;103.337425
128.327188;109.879161;100.759893
132.463879;113.571354;104.283880
129.078829;110.586578;101.509104
131.663715;112.959149;103.801472
128.802004;110.471962;101.531026
130.332625;111.951013;103.017292
128.620927;110.527065;101.818702
129.787678;111.678038;103.000205
129.275559;111.318026;102.825584
129.885760;111.888348;103.386238
129.658046;111.728385;103.365216
129.190418;111.238455;102.842084
129.113831;111.184194;102.889157
128.429499;110.473498;102.126186
129.313072;111.301539;102.991917
129.291374;111.216250;102.833573
130.782780;112.615276;104.225089
130.779346;112.572394;104.142811
131.430481;113.205417;104.797507
130.431460;112.263797;103.907861
129.719040;111.639159;103.360529
127.913150;109.961473;101.797432
126.837065;108.993658;100.899366
125.122483;107.402296;99.408146
124.878895;107.200121;99.201336
123.794702;106.196051;98.245785
124.917526;107.261146;99.223246
124.369476;106.750620;98.732608
126.492438;108.736586;100.594023
125.835861;108.113144;100.010437
128.090411;110.212618;101.998916
126.652948;108.871130;100.745572
128.327954;110.441833;102.239537
125.775334;108.111383;100.044879
126.814365;109.118150;100.988038
123.687547;106.314392;98.325933
124.962238;107.542877;99.450262
122.550386;105.412552;97.415074
124.722780;107.425926;99.272967
123.513171;106.366862;98.267431
125.647237;108.297697;100.062948
124.864649;107.595241;99.418594
125.676313;108.299867;100.070997
125.166946;107.829898;99.651963
124.929829;107.587195;99.407831
125.528112;108.121248;99.922449
125.097809;107.722747;99.520911
127.072130;109.505913;101.202330
126.421667;108.924375;100.628917
128.949496;111.206396;102.783528
127.243660;109.676218;101.324915
129.300619;111.528599;103.076960
126.345762;108.867999;100.554863
127.995481;110.352016;101.951872
124.955149;107.609253;99.348060
126.738847;109.218175;100.852466
124.651093;107.332170;99.050888
126.247068;108.781086;100.396930
125.260834;107.893355;99.531993
126.144140;108.710135;100.284681
126.361980;108.916250;100.455400
126.650312;109.199699;100.720408
128.049234;110.457791;101.899037
127.886816;110.291315;101.763625
129.794969;111.907043;103.313203
129.156245;111.193329;102.686065
130.736028;112.369791;103.855269
129.727356;111.278958;102.862451
130.387208;111.633444;103.256781
129.217085;110.536876;102.210570
128.845662;110.112125;101.851477
127.790509;109.287993;101.022548
126.557321;108.197321;100.029349
125.581909;107.486644;99.303453
123.766645;105.872363;97.822885
123.278003;105.535015;97.468148
122.130986;104.486621;96.521482
123.271043;105.553180;97.509767
123.596113;105.840151;97.808498
125.967707;108.002794;99.841287
126.437775;108.458801;100.279865
128.206611;110.070595;101.798949
127.238347;109.239565;101.009007
127.519732;109.479351;101.238545
125.174098;107.385982;99.254059
124.847985;107.051321;98.949266
122.546820;104.984756;97.000300
123.014310;105.369420;97.385354
121.762122;104.255166;96.349972
123.319487;105.646484;97.686521
122.906464;105.301482;97.379548
124.952728;107.154957;99.138250
124.591865;106.869225;98.876834
126.127384;108.279946;100.198572
124.737261;107.106079;99.081101
124.584404;107.026224;98.980358
121.596138;104.478467;96.549040
119.632792;102.768285;94.911829
116.278144;99.910277;92.187647
114.507533;98.305854;90.674775
113.187170;97.238851;89.653721
113.941010;97.834977;90.241136
114.977602;98.840722;91.179302
117.977863;101.440088;93.656793
118.742942;102.154030;94.305150
122.106446;105.095293;97.090407
120.401231;103.527974;95.576917
123.462860;106.227663;98.133401
119.410790;102.510587;94.602988
122.694543;105.465631;97.412256
117.522858;100.746041;92.950491
121.498523;104.379858;96.403706
116.242376;99.598568;91.887687
120.697381;103.674579;95.751553
115.960931;99.359656;91.676306
120.604364;103.576171;95.666388
117.444794;100.688449;92.941890
122.431356;105.181477;97.189191
121.571096;104.396051;96.453519
125.918325;108.289330;100.131319
126.210641;108.581039;100.413282
127.866317;110.031079;101.777617
128.126617;110.305241;102.032509
126.830417;109.063017;100.838942
127.885714;109.991959;101.686293
125.206518;107.453045;99.250009
127.666273;109.548404;101.175867
124.443317;106.532815;98.292742
127.489926;109.129543;100.695708
124.482495;106.422169;98.130401
127.588968;109.116820;100.645602
125.885496;107.697435;99.318302
128.739574;110.197550;101.662111
128.471433;110.099702;101.583661
130.423518;111.790264;103.164854
130.338144;111.825689;103.203235
130.576508;111.985167;103.342175
129.350748;110.954890;102.370301
128.349660;110.026964;101.492169
126.381700;108.292951;99.858362
125.879151;107.833656;99.431962
124.287510;106.404024;98.088793
125.206743;107.223620;98.871939
124.175740;106.273943;97.981010
125.902501;107.811216;99.433962
124.910611;106.895460;98.566124
126.453968;108.268120;99.849139
125.348972;107.271175;98.893114
126.357781;108.173960;99.726319
125.496736;107.419503;98.999007
126.186566;108.041751;99.577312
125.981071;107.880909;99.418788
126.745953;108.562237;100.079436
127.083231;108.878856;100.404647
127.668910;109.392254;100.994116
127.613977;109.356619;101.070624
127.517221;109.265969;101.210918
126.897097;108.735360;100.849200
126.599847;108.472316;100.835293
125.952294;107.919476;100.340153
125.529512;107.529424;100.100008
124.328778;106.461080;98.983019
123.337613;105.527850;98.151640
121.342144;103.719801;96.309092
120.700658;103.081191;95.761078
119.027616;101.562971;94.251445
120.181363;102.559676;95.270536
120.141106;102.533499;95.226309
123.210637;105.293506;97.889977
124.776029;106.731671;99.241285
127.244410;108.999603;101.376783
128.457926;110.142003;102.434410
127.272402;109.170417;101.451099
127.211600;109.160259;101.422914
122.764632;105.257608;97.662998
123.004651;105.472686;97.879722
118.412065;101.414792;94.005463
120.279664;103.061705;95.598268
117.516949;100.638245;93.295735
120.082580;102.913430;95.471028
119.075736;102.057283;94.659286
121.092554;103.842317;96.346839
121.518421;104.240436;96.723325
122.767646;105.330231;97.731026
124.159556;106.555352;98.873258
124.731120;107.042556;99.286133
126.292919;108.402279;100.526496
126.434346;108.541113;100.609346
127.458121;109.431862;101.402297
127.549340;109.574134;101.526571
127.438261;109.456093;101.383686
127.700694;109.763532;101.702766
126.042643;108.235742;100.235967
126.717494;108.884115;100.887509
123.608939;106.027942;98.160579
124.976734;107.276262;99.365510
120.864533;103.538106;95.797989
123.153362;105.643663;97.786817
119.010154;101.942570;94.253111
122.695811;105.348126;97.446689
119.693036;102.701083;94.924336
124.746510;107.323592;99.261410
122.979193;105.746718;97.778930
128.165102;110.437439;102.185676
126.640901;109.032773;100.887272
130.440210;112.449015;104.093209
128.454169;110.626508;102.402359
130.365551;112.351550;104.010659
128.145934;110.344940;102.135618
128.729970;110.885745;102.630324
126.997168;109.335092;101.176319
127.335788;109.649290;101.471467
126.520235;108.932762;100.795764
126.945319;109.328322;101.173437
125.910059;108.458542;100.320316
125.452464;108.104342;99.967803
122.846115;105.898650;97.806271
121.754651;104.999934;96.925136
118.613899;102.334645;94.321065
118.753549;102.487816;94.459134
116.789578;100.827339;92.837379
118.526472;102.332773;94.286707
117.735404;101.665652;93.635812
119.452587;103.111990;95.036694
119.191375;102.896300;94.824659
119.491124;103.084485;95.022507
119.940985;103.517213;95.425531
118.755689;102.416403;94.390338
120.523439;104.049694;95.930957
118.385948;102.130011;94.116879
121.219126;104.717655;96.564863
118.302526;102.103507;94.099912
121.211209;104.734698;96.593633
118.173834;101.998857;94.020959
121.172789;104.694625;96.571713
119.601051;103.274880;95.242606
122.692925;106.058599;97.866346
122.380478;105.773554;97.606814
123.728132;106.984589;98.740108
123.213595;106.505490;98.297452
122.299700;105.667831;97.497603
122.154616;105.514835;97.361884
120.737212;104.213722;96.135913
121.711413;105.059703;96.955088
120.760724;104.141968;96.139597
122.226137;105.399148;97.386550
121.984505;105.071426;97.195760
123.178814;106.086051;98.224493
123.519957;106.289693;98.543817
123.591112;106.360196;98.621074
123.990595;106.671624;98.989684
122.714350;105.604352;97.922094
123.353056;106.172522;98.487456
121.624944;104.716639;97.034884
123.344337;106.252455;98.504728
122.013101;105.115008;97.381189
124.943795;107.719722;99.865161
123.542781;106.475949;98.673998
126.792952;109.369754;101.423519
124.578300;107.376145;99.536615
127.535527;110.029957;102.040512
124.418958;107.227588;99.388394
126.585508;109.193765;101.231319
122.696490;105.703978;97.931682
123.777022;106.698450;98.861908
119.902770;103.224710;95.584370
120.448777;103.724691;96.058965
117.883178;101.428885;93.897427
118.685952;102.139068;94.576012
118.043029;101.571107;94.041836
119.194938;102.574222;94.992478
119.981982;103.288643;95.658412
121.162824;104.307989;96.617761
122.384293;105.416347;97.654145
123.239451;106.141570;98.350809
123.974246;106.810070;98.992297
124.455419;107.184606;99.386284
124.669123;107.376716;99.587817
124.982944;107.592139;99.831915
125.100949;107.715081;99.946669
124.944478;107.521136;99.780444
125.287427;107.869498;100.087422
124.397344;107.015886;99.285257
125.464151;108.010001;100.205680
124.181228;106.787454;99.058515
126.218267;108.647760;100.810385
125.048902;107.532549;99.768461
127.680638;109.940530;102.044452
126.730542;109.038167;101.200685
128.882158;111.012547;103.063194
127.638278;109.833746;101.943949
128.506338;110.617795;102.666646
127.031507;109.202533;101.302576
127.108328;109.246983;101.315789
126.076393;108.234412;100.325497
126.094276;108.240671;100.313683
125.729604;107.868633;99.942997
125.859063;108.005887;100.076455
125.840174;107.979843;100.048869
125.864865;108.029473;100.110259
125.663430;107.842930;99.935810
125.448731;107.656061;99.772674
124.899996;107.142808;99.293700
124.855868;107.087136;99.261761
124.281577;106.543531;98.780163
124.885505;107.065321;99.318625
124.355788;106.570496;98.916635
125.455850;107.547331;99.887074
124.627403;106.800831;99.240072
125.864377;107.904400;100.286679
124.760505;106.920015;99.377725
126.322199;108.305848;100.651120
125.548863;107.627222;100.014282
127.594657;109.440440;101.691831
126.994054;108.929449;101.220817
128.514860;110.266255;102.467805
127.168378;109.087431;101.369258
127.760263;109.584561;101.836840
126.110273;108.124953;100.465657
126.713169;108.637543;100.955507
125.184469;107.282219;99.672192
125.827582;107.851054;100.218945
124.181940;106.389389;98.827173
125.040169;107.168121;99.575227
124.086398;106.319825;98.762699
125.562702;107.654802;100.038110
125.607941;107.691218;100.065089
126.726233;108.694221;101.023238
127.082803;109.001604;101.310375
126.750053;108.694707;101.024832
127.083277;108.992707;101.308595
125.199330;107.304367;99.712293
125.865537;107.921186;100.303799
123.519528;105.812921;98.309983
125.659920;107.732255;100.147182
124.330059;106.490151;98.978629
127.941735;109.690630;102.040589
126.522202;108.338481;100.752314
128.744984;110.300609;102.626115
124.893485;106.782201;99.243196
124.843560;106.753448;99.213729
120.451418;102.778101;95.379206
121.385411;103.678071;96.248761
119.673033;102.123709;94.727054
122.870489;105.077329;97.571339
123.011126;105.197850;97.655967
126.171379;108.121471;100.476343
125.325874;107.370758;99.739005
126.658543;108.635087;100.969597
123.863478;106.133452;98.570001
124.192447;106.456736;98.888284
120.781953;103.390529;95.958323
121.901044;104.397265;96.917054
119.586899;102.320739;94.942395
121.940422;104.443778;96.963493
120.993691;103.607940;96.182526
122.786162;105.238063;97.736924
122.112197;104.642997;97.188797
121.471770;104.093702;96.667491
120.723478;103.427283;96.045665
117.731476;100.781385;93.525200
117.390056;100.482713;93.246751
113.401284;96.956692;89.883180
114.090563;97.586978;90.479076
111.211703;95.077032;88.059586
113.678628;97.321405;90.169959
113.474320;97.238723;90.025792
117.063805;100.497498;93.093873
118.552364;101.927313;94.382880
121.083292;104.203048;96.543754
122.325975;105.378227;97.616319
122.869602;105.838672;98.076839
123.426438;106.387401;98.561775
123.003459;105.991801;98.178605
123.725663;106.713071;98.793915
123.656222;106.668017;98.683494
124.909395;107.876638;99.751328
124.795236;107.789243;99.595051
125.750363;108.698573;100.434214
124.768506;107.802508;99.555562
125.662700;108.626035;100.371936
122.175417;105.548065;97.499938
121.626603;105.139593;97.203665
109.893625;94.939042;87.750685
109.682911;94.801133;87.694325
91.748127;79.200353;73.243895
105.052924;90.668641;83.892386
88.556722;76.270371;70.549452
119.427716;102.885832;95.176178
100.855168;86.728095;80.207437
136.891637;117.868020;109.010577
112.015080;96.368588;89.123643
142.360292;122.694678;113.496024
116.339299;100.303318;92.816021
137.126644;118.410567;109.611646
117.511055;101.565649;94.078298
128.191535;110.877995;102.745603
118.889696;102.900691;95.404690
120.993659;104.714936;97.119668
121.432497;105.131708;97.512850
117.673317;101.841192;94.481879
124.026446;107.392922;99.598078
117.179334;101.443920;94.093034
124.568277;107.917476;100.043717
116.930457;101.286014;93.893326
122.193177;105.914417;98.127100
116.608511;101.057263;93.620252
120.033999;104.109622;96.420282
118.897367;103.143955;95.546284
121.141766;105.199011;97.459042
123.185153;107.004866;99.160300
123.020734;106.914273;99.071180
125.077552;108.674838;100.688925
122.219310;106.131484;98.274943
123.278571;106.986499;99.018220
119.816509;103.866599;96.051279
120.901615;104.797035;96.887173
118.900354;102.984500;95.162549
120.440089;104.397577;96.490320
119.995609;103.989534;96.089447
121.267828;105.208488;97.240224
121.497781;105.407309;97.386816
121.996357;105.927381;97.854383
122.513011;106.360263;98.196186
122.529542;106.366386;98.142580
123.395102;107.049932;98.707829
122.927544;106.501992;98.107208
123.649625;107.034791;98.559036
121.935640;105.322941;96.888144
122.318555;105.620905;97.186552
119.399413;102.864793;94.578588
120.250046;103.674159;95.399254
117.004056;100.692038;92.588209
118.858689;102.458214;94.293990
116.083018;99.956627;91.912664
118.528353;102.239507;94.070347
116.545177;100.468106;92.365009
118.607572;102.349451;94.127055
117.213816;101.117065;92.928748
117.996822;101.812438;93.541333
116.649192;100.641813;92.362512
116.078697;100.108759;91.739818
114.710236;98.915537;90.465967
113.840243;98.090925;89.482045
112.748988;97.108316;88.338428
112.524656;96.861452;87.822262
111.613763;96.041417;86.759195
112.259554;96.656608;86.973718
111.120454;95.688790;85.726116
112.164962;96.756478;86.370611
110.032291;94.899628;84.390785
110.795165;95.714530;84.958258
107.480882;92.718625;82.106843
108.239464;93.489126;82.768617
104.562587;90.130251;79.614606
106.314941;91.825582;81.073395
103.637938;89.430316;78.669911
107.497764;93.094358;81.859089
106.503796;92.270307;80.857920
111.566378;96.991636;85.120117
110.448517;95.991797;84.094978
113.888187;99.107462;87.066432
110.858431;96.270845;84.502662
111.599515;96.840933;85.214778
107.608863;93.120737;81.886288
107.378300;92.835798;81.765022
105.071598;90.714232;79.887223
106.096846;91.638532;80.791048
106.374085;91.884406;81.077367
108.042674;93.397150;82.476902
108.471002;93.719607;82.862412
108.554692;93.782038;82.943906
107.703474;92.924097;82.285465
106.987307;92.342454;81.809024
106.882428;92.241728;81.850046
107.312428;92.813309;82.450644
108.784244;94.191294;83.810580
109.524241;95.038215;84.664460
111.248772;96.585370;86.122432
111.131813;96.557119;86.160593
112.398327;97.620863;87.125631
111.524873;96.845916;86.463612
112.547792;97.685708;87.219525
112.306784;97.492759;87.110091
114.831423;99.717715;89.215800
117.139744;101.865607;91.314414
121.811246;106.026458;95.304341
124.939507;108.918930;98.099224
128.555332;112.070584;101.181502
128.731133;112.267327;101.413938
129.497421;112.806866;102.029851
127.268060;110.824249;100.161602
127.584637;110.987986;100.376723
125.966547;109.567084;98.998745
127.355178;110.761460;100.150093
127.131423;110.593889;99.951408
128.837614;112.143313;101.423226
130.015058;113.235662;102.411370
131.547886;114.704816;103.789891
133.940793;116.896225;105.807585
133.872459;116.967562;105.880759
135.538226;118.475118;107.278677
132.308269;115.671048;104.690394
132.616975;115.893532;104.906209
128.047541;111.819027;101.145886
128.873627;112.463789;101.758265
125.821164;109.720072;99.241700
127.917378;111.517759;100.932374
126.957417;110.669768;100.181733
129.338145;112.753349;102.138371
129.207984;112.658871;102.078784
130.236975;113.519638;102.890223
129.328033;112.687865;102.157165
128.785056;112.089838;101.653560
127.807379;111.112206;100.905096
127.921297;111.048896;101.016361
128.383923;111.281111;101.545457
130.272800;112.842847;103.171104
131.071458;113.394447;103.959674
133.409820;115.511534;105.903102
132.159252;114.303096;104.888651
133.537762;115.688141;105.978003
129.486298;111.980808;102.553162
130.075891;112.661329;102.982413
125.045556;108.028902;98.708303
126.157041;109.113227;99.605201
122.909362;106.066407;96.824986
125.245887;108.201642;98.783803
125.149984;108.031952;98.659464
127.845959;110.469115;100.935729
129.845215;112.248226;102.575687
130.954175;113.245515;103.511450
132.628765;114.772844;104.873978
131.057293;113.339847;103.538292
131.235689;113.520778;103.634879
128.220439;110.769662;101.063776
127.831083;110.418297;100.672904
125.349981;108.144505;98.530275
125.115945;107.913288;98.269162
123.464538;106.399864;96.822670
122.901632;105.863194;96.309079
121.870182;104.932850;95.409388
121.023740;104.145399;94.691426
121.194761;104.330172;94.830720
120.166712;103.392083;93.959763
121.387108;104.538784;94.969034
119.436281;102.762163;93.260775
121.055501;104.240768;94.557558
118.174424;101.600354;92.009063
120.269038;103.471764;93.704863
117.425422;100.878137;91.227630
120.180735;103.353930;93.556744
118.407893;101.779819;92.081062
121.748616;104.803317;94.957132
121.528513;104.648542;94.821182
124.545419;107.357306;97.381241
125.051435;107.819662;97.807763
126.375625;108.970296;98.877112
126.642023;109.184549;99.067448
126.064864;108.632016;98.533809
125.934058;108.493490;98.409030
124.295711;107.023818;97.030813
123.979078;106.739789;96.792050
122.288980;105.253795;95.420946
122.016056;105.023658;95.247720
120.816499;103.975867;94.301738
120.702180;103.876964;94.249985
120.085783;103.313629;93.755036
120.305976;103.487967;93.941699
120.309905;103.444916;93.914551
121.068755;104.097516;94.525856
121.684190;104.606198;94.992727
122.949366;105.726879;96.034216
123.612849;106.293495;96.557424
124.888798;107.401828;97.619785
124.546457;107.053219;97.324406
125.569960;107.878082;98.171703
123.943583;106.380951;96.820397
125.322365;107.511136;97.955634
123.390081;105.804605;96.369375
125.881094;107.978119;98.440883
124.804099;107.114255;97.597086
128.160635;110.107065;100.410850
128.192237;110.259338;100.511433
131.254506;112.991478;103.084012
131.962994;113.716399;103.740287
133.564657;115.114414;105.068336
134.188975;115.707220;105.619549
133.575763;115.097464;105.061541
133.530055;115.047040;105.019648
131.124634;112.838640;102.953636
130.800767;112.526623;102.668957
128.179052;110.155952;100.443577
128.378021;110.310629;100.595160
126.918714;109.008371;99.369100
127.721479;109.700290;100.020760
127.487169;109.509476;99.837121
127.967330;109.910223;100.211230
128.103693;110.050350;100.339473
127.740724;109.697141;100.002970
128.153729;110.077474;100.358047
127.847654;109.791261;100.082276
129.001588;110.841356;101.073348
129.498888;111.316542;101.525036
130.868351;112.598526;102.770523
131.693704;113.429231;103.592623
132.157591;113.950462;104.171192
132.580325;114.441575;104.683317
131.601444;113.665236;104.039271
131.382985;113.520259;103.905666
129.291582;111.685742;102.221946
128.975872;111.368807;101.876773
127.130287;109.705939;100.325108
127.967117;110.388317;100.913155
127.621515;110.069044;100.627932
129.444537;111.656321;102.094459
129.366945;111.597928;102.073195
129.666853;111.846276;102.314731
127.863086;110.239969;100.853602
125.857238;108.419310;99.166308
123.973318;106.721558;97.617085
122.474460;105.349081;96.341220
123.655993;106.398280;97.356675
123.886375;106.591593;97.532142
127.280120;109.643068;100.413124
126.768184;109.194858;99.973557
129.397385;111.576160;102.216775
127.167594;109.608532;100.346340
128.570369;110.889682;101.550831
126.702604;109.258428;99.994018
127.386833;109.871106;100.564867
127.265839;109.805717;100.475889
126.749667;109.311427;99.999589
128.318464;110.768537;101.331107
126.429066;109.035218;99.664966
129.232356;111.618737;102.028229
126.400454;109.045699;99.535005
129.744375;112.120224;102.349307
126.538343;109.207286;99.534426
129.789450;112.183330;102.292116
126.707317;109.371375;99.613956
129.365500;111.792757;101.904307
126.656461;109.313272;99.584701
128.367647;110.868070;101.088558
126.255377;108.938179;99.299798
127.211891;109.813666;100.151677
126.235749;108.929432;99.328021
127.060488;109.690484;100.040380
127.282651;109.895820;100.221090
127.726588;110.305664;100.587003
127.862370;110.425764;100.689088
126.820020;109.483493;99.793042
125.661418;108.428978;98.807575
123.088850;106.099253;96.624450
121.389445;104.553141;95.187174
119.239107;102.601313;93.363537
119.265763;102.614266;93.383095
119.461571;102.786443;93.545042
121.668562;104.774120;95.406091
122.970507;105.955016;96.511365
124.741115;107.550875;98.005091
124.422167;107.272563;97.750045
123.911800;106.805979;97.320809
121.829094;104.933271;95.585330
120.332323;103.569265;94.338469
118.708618;102.101174;93.002261
118.201627;101.619718;92.611023
118.107822;101.523025;92.562448
118.478061;101.832039;92.913788
119.095609;102.386106;93.442074
119.581516;102.823072;93.885081
120.557079;103.725401;94.694937
121.268777;104.397804;95.328586
122.651184;105.667207;96.462833
123.457657;106.428141;97.175564
124.816429;107.631609;98.268890
125.392942;108.172088;98.793005
126.585503;109.184266;99.741039
126.813052;109.420456;99.987120
127.710644;110.166955;100.698354
127.128204;109.697818;100.266921
127.400134;109.903123;100.462242
125.750130;108.472808;99.110528
125.249171;107.995513;98.658661
122.895553;105.898138;96.678721
122.040753;105.106399;95.934792
120.579011;103.775807;94.684212
120.831119;103.995540;94.893567
122.024125;105.040894;95.882237
123.627588;106.497836;97.252371
126.365289;108.934807;99.551745
126.928643;109.466614;100.050385
128.404168;110.766681;101.281245
126.332883;108.907082;99.530714
126.069700;108.603907;99.248740
122.668643;105.488844;96.316446
122.339162;105.073208;95.919292
119.573801;102.510106;93.509111
120.332464;103.087902;94.040805
118.817250;101.712133;92.756590
120.331817;103.036684;93.989984
119.527498;102.370567;93.380633
120.873519;103.583550;94.508244
120.276050;103.115717;94.084946
121.079087;103.833874;94.746379
120.818824;103.637878;94.573158
121.334461;104.080790;94.977887
121.600667;104.328465;95.215061
122.022083;104.693341;95.550792
122.586308;105.204621;96.029626
123.027086;105.613291;96.410112
123.642998;106.174866;96.930567
124.402760;106.878223;97.586397
124.970209;107.379344;98.044456
126.122463;108.411324;99.003871
126.270752;108.513882;99.088002
127.234050;109.354928;99.868155
126.509671;108.669448;99.221698
126.759784;108.864433;99.401066
125.514629;107.712199;98.325401
125.254799;107.459518;98.087779
124.418121;106.682609;97.362479
123.997630;106.320958;97.018867
124.008422;106.322176;97.010551
123.433878;105.865916;96.570093
124.057407;106.427944;97.067709
123.277502;105.809531;96.465987
124.086811;106.526458;97.087213
123.150987;105.745832;96.331042
123.933826;106.408848;96.889464
122.850228;105.446843;95.979239
123.558072;106.033452;96.472636
121.964494;104.585127;95.139712
122.643014;105.179859;95.656737
120.380287;103.132773;93.787879
121.511237;104.174346;94.729353
118.934510;101.847922;92.599552
120.864530;103.614017;94.217939
118.533899;101.507247;92.280589
121.206745;103.923681;94.512425
119.607303;102.484631;93.187584
122.336442;104.931786;95.462193
121.474440;104.175383;94.767680
123.730196;106.183030;96.643568
123.852904;106.326602;96.783025
125.872162;108.115513;98.461317
126.586818;108.788067;99.096974
127.668337;109.731308;99.994236
127.141533;109.265977;99.577439
126.358311;108.535575;98.912872
124.192706;106.575669;97.099938
122.889131;105.392936;95.997151
121.122381;103.774478;94.502249
121.341802;103.959314;94.680488
121.637762;104.133292;94.911744
123.537500;105.774722;96.499244
125.640865;107.482911;98.239427
127.351455;108.933500;99.655074
129.681292;110.844622;101.580727
129.296051;110.494671;101.233235
130.973124;111.909038;102.626047
128.654545;109.916141;100.662419
129.901879;111.017141;101.713579
126.997257;108.510839;99.258140
127.971828;109.384408;100.092293
125.939480;107.616466;98.365885
126.931124;108.510925;99.223599
126.927750;108.523158;99.198479
127.848453;109.370874;99.998075
129.453618;110.798651;101.314247
128.864162;110.306571;100.838549
130.276519;111.543675;101.984701
127.123834;108.767888;99.359040
128.092908;109.601464;100.136387
124.396913;106.342543;97.059407
126.525894;108.204834;98.808776
124.807669;106.700380;97.382652
127.575578;109.124835;99.663658
127.575077;109.141057;99.671669
128.441625;109.869713;100.366449
129.080294;110.453693;100.914925
126.839700;108.416634;99.017410
128.195883;109.652812;100.171880
123.655025;105.586090;96.352591
126.326282;108.049380;98.609979
120.803155;103.156791;93.969381
124.655936;106.745274;97.212192
119.098550;101.837091;92.540211
123.882078;106.263732;96.550714
119.654260;102.485747;92.990377
125.550626;107.857197;97.922017
123.127212;105.627272;95.881560
128.851587;110.804074;100.667770
126.504828;108.625364;98.707674
130.068100;111.856702;101.684065
126.499831;108.605474;98.704687
127.833194;109.841130;99.807101
123.794953;106.200538;96.424470
124.361886;106.750546;96.887607
121.339832;104.043379;94.348691
122.380386;105.007609;95.222980
121.237057;103.985751;94.249225
123.125568;105.684108;95.839576
123.926844;106.395023;96.480289
126.314731;108.516104;98.479878
128.061227;110.075421;99.906494
129.487731;111.324817;101.092234
130.279972;112.043626;101.736964
129.583283;111.390271;101.148083
129.183019;111.058367;100.826971
127.614987;109.631272;99.516466
127.754310;109.798719;99.670945
126.891088;109.010213;98.953736
128.135811;110.170100;100.044589
127.472305;109.552283;99.511471
128.765685;110.741173;100.658562
127.151344;109.254138;99.361944
127.830732;109.881516;99.992635
125.372057;107.632314;97.992854
125.957526;108.177790;98.497757
123.811311;106.215255;96.722831
124.870942;107.185550;97.562749
123.697027;106.096257;96.559909
125.042745;107.307220;97.609423
124.851030;107.094535;97.414291
126.165911;108.261664;98.456192
126.617671;108.633176;98.812325
127.507576;109.420843;99.541242
127.767098;109.641233;99.754677
127.848592;109.718139;99.844082
127.204379;109.145245;99.308234
127.079897;109.044230;99.237651
126.166689;108.223880;98.462202
127.450401;109.376056;99.555209
127.056804;108.998524;99.187616
129.733622;111.395783;101.430718
129.200249;110.886715;100.937677
131.824351;113.261018;103.150904
130.928185;112.443682;102.380344
132.679672;114.062433;103.900535
131.769592;113.238615;103.153648
132.013335;113.501219;103.429621
131.150294;112.708020;102.738376
130.088463;111.782958;101.914959
129.931281;111.630261;101.844581
128.764474;110.616099;100.942116
129.664638;111.445433;101.808361
128.880422;110.781751;101.213744
130.035031;111.849413;102.283440
129.399008;111.290069;101.726264
129.935267;111.765599;102.189964
129.467373;111.307096;101.674408
129.130441;110.946628;101.325596
128.891645;110.666212;100.982739
127.771255;109.581581;99.969269
127.920517;109.675438;100.020596
126.747236;108.577830;98.999513
127.751888;109.512729;99.833317
127.018189;108.882110;99.178131
128.914039;110.690590;100.750262
128.474837;110.374434;100.302287
131.241683;112.972120;102.577437
130.696573;112.535673;102.036382
133.766546;115.338619;104.571961
132.319162;114.027309;103.304046
134.690226;116.139068;105.267379
132.428328;114.073256;103.346226
133.878268;115.354492;104.544783
132.102612;113.758729;103.060983
132.891261;114.477671;103.715925
132.557572;114.215982;103.466823
132.463757;114.154518;103.384196
133.313659;114.961133;104.118788
131.929257;113.728414;102.924820
133.272489;114.980833;104.021375
130.727731;112.715929;101.819608
132.212698;114.124413;102.998155
129.420752;111.660057;100.612011
131.205534;113.347770;102.065862
129.196637;111.576927;100.405783
130.849541;113.112146;101.789468
129.422881;111.833807;100.662393
129.630146;112.030563;100.847889
128.083821;110.635465;99.621856
126.483866;109.197460;98.290676
125.348370;108.184570;97.383427
123.546106;106.567950;95.873623
124.417784;107.364047;96.598709
124.167663;107.141517;96.366338
126.956606;109.655266;98.630496
127.260671;109.934035;98.841940
129.239988;111.718494;100.388091
128.082212;110.691659;99.399366
127.904073;110.536086;99.158780
125.910492;108.758537;97.525683
125.161655;108.082957;96.846238
124.096035;107.128301;96.017592
124.439024;107.422633;96.261415
124.466460;107.431861;96.328956
125.987904;108.775703;97.544013
125.612914;108.409374;97.248556
127.404137;109.997302;98.685641
125.520347;108.279902;97.125910
127.493690;110.044453;98.721052
125.150394;107.934223;96.772645
128.155836;110.633758;99.212992
127.010866;109.618622;98.241532
130.688052;112.915664;101.225704
130.637217;112.896922;101.168685
133.124868;115.117124;103.188834
133.217294;115.240682;103.289378
133.588920;115.558183;103.592213
133.943902;115.929768;103.938165
132.868114;114.948867;103.054201
133.927102;115.957509;103.980509
132.108736;114.306913;102.469725
133.763654;115.842746;103.870025
131.774579;114.028622;102.199467
134.052531;116.108659;104.095990
132.586644;114.756971;102.848132
135.347377;117.261047;105.135274
134.270881;116.265243;104.217964
136.516656;118.311842;106.090405
134.934580;116.884042;104.788800
135.932678;117.828292;105.660956
133.777181;115.907449;103.924498
134.253641;116.393362;104.385082
132.424810;114.761779;102.924097
133.352582;115.640864;103.744285
132.195853;114.587690;102.813888
133.488702;115.775933;103.910751
132.642744;114.983854;103.213798
133.658446;115.906602;104.057644
132.724621;115.026052;103.269344
132.609711;114.891876;103.132128
131.050940;113.432455;101.800462
129.124104;111.608874;100.102848
127.131234;109.770073;98.415908
124.244556;107.062970;95.907203
123.230061;106.164843;95.087109
120.706191;103.804258;92.905781
121.208798;104.324743;93.393289
118.998882;102.265100;91.496525
120.516262;103.710964;92.832421
118.452008;101.794713;91.070995
120.709310;103.891767;92.999660
118.853333;102.176511;91.425323
121.203261;104.335128;93.407125
119.441879;102.722060;91.929691
121.483769;104.587304;93.641178
120.372161;103.575483;92.717301
122.356454;105.376368;94.370910
122.088570;105.130679;94.152024
123.443245;106.350925;95.278418
123.088188;106.024843;94.987972
123.065153;105.994826;94.972270
122.316596;105.314638;94.353451
121.462567;104.537769;93.650711
121.109131;104.221761;93.357514
120.556436;103.727208;92.908795
121.170227;104.293444;93.419568
121.221880;104.347581;93.471909
122.166294;105.206693;94.257279
122.158398;105.186234;94.251937
122.898485;105.835234;94.877592
123.122561;105.996063;95.068118
124.684425;107.367171;96.401944
125.615382;108.166794;97.188047
128.244434;110.504192;99.418337
128.425159;110.659417;99.576782
131.236802;113.179285;101.948271
129.256406;111.429062;100.313499
132.202875;114.091539;102.794023
128.165892;110.513126;99.470677
131.681469;113.691997;102.424579
126.262329;108.854326;97.963057
130.126647;112.326897;101.183843
124.180208;106.975532;96.265809
128.287399;110.637080;99.643108
123.759921;106.528156;95.877056
128.463543;110.708712;99.717065
126.569221;108.966418;98.138127
130.573745;112.529341;101.403236
130.086190;112.077917;101.016363
131.730676;113.538441;102.345996
131.635758;113.457875;102.298764
131.451229;113.285308;102.130593
131.632657;113.458113;102.306337
130.625664;112.558666;101.470942
130.510117;112.463363;101.379818
129.244645;111.343016;100.342651
128.893506;111.032831;100.042046
128.444928;110.662529;99.710922
128.893034;111.080271;100.089793
129.903541;112.044717;101.016140
130.954700;113.015349;101.921047
131.825066;113.859619;102.753773
131.620302;113.684641;102.596794
130.768534;112.956142;101.965462
129.584702;111.867518;100.935218
128.596657;110.992632;100.142452
129.002625;111.319849;100.392095
129.531352;111.809550;100.844417
131.694195;113.725923;102.551384
132.330781;114.327784;103.106190
134.094330;115.897180;104.496640
133.596080;115.491062;104.127847
134.492669;116.283828;104.815164
133.984092;115.873885;104.451750
134.876903;116.666220;105.155106
135.181683;116.993184;105.476413
135.834771;117.578181;106.003197
136.046813;117.819659;106.247518
135.771167;117.567250;106.012350
135.127174;117.022326;105.526541
134.669643;116.592420;105.127457
133.852421;115.878525;104.473477
134.622130;116.543781;105.080430
134.114571;116.114963;104.681716
135.882520;117.680459;106.121620
135.041466;116.969013;105.463968
136.652938;118.394111;106.780370
135.584536;117.481681;105.944286
136.888033;118.616397;107.000041
136.843637;118.607372;107.014374
137.762625;119.389761;107.758541
138.843473;120.384364;108.721481
138.123285;119.722365;108.135843
139.296423;120.809836;109.186253
136.685440;118.485709;107.046202
137.901184;119.605174;108.111370
134.802706;116.851452;105.558883
136.127843;118.045079;106.688322
133.546892;115.749571;104.563931
134.517452;116.611636;105.389295
132.683250;114.981628;103.888515
132.881370;115.147794;104.063891
131.405176;113.824745;102.848335
130.866387;113.323094;102.390932
129.742234;112.294577;101.442669
129.407190;111.975546;101.137745
128.835718;111.437441;100.637525
128.968226;111.556901;100.733007
128.234983;110.886176;100.108470
128.636392;111.267982;100.447923
127.655481;110.378745;99.605173
128.892824;111.511169;100.629930
128.011327;110.699673;99.829112
129.681285;112.215320;101.206364
128.378623;111.025099;100.041749
129.173763;111.766016;100.720777
127.574480;110.325139;99.330671
127.312534;110.126413;99.174137
126.873569;109.731248;98.787649
126.459401;109.370466;98.560279
128.349602;111.043447;100.162868
128.088111;110.770535;100.109243
131.317454;113.634792;102.832761
130.186376;112.563383;102.033973
132.818877;114.927967;104.199162
130.885402;113.164617;102.671553
132.780970;114.921761;104.171347
131.617151;113.880117;103.252435
133.189478;115.363163;104.479989
133.276309;115.436708;104.579264
134.054384;116.180639;105.145554
134.781036;116.809967;105.722495
134.605435;116.687103;105.492769
135.769138;117.721007;106.388455
135.323978;117.373998;105.975228
136.951031;118.839822;107.258930
136.613441;118.588998;106.998827
138.060443;119.877633;108.146718
137.447933;119.350007;107.688366
137.850858;119.676952;107.969558
136.733369;118.672085;107.085995
136.043911;118.020728;106.466884
134.992502;117.073725;105.621414
134.020384;116.190080;104.787769
133.706626;115.906812;104.535268
132.977324;115.256280;103.925020
133.197960;115.448509;104.101009
132.557648;114.880719;103.580459
132.841158;115.122691;103.799326
132.297200;114.629323;103.357531
132.620958;114.903710;103.604061
132.245518;114.550425;103.294880
132.605198;114.875832;103.584536
132.351862;114.633563;103.377095
132.883670;115.138765;103.830111
132.682553;114.936512;103.659121
133.156733;115.400739;104.076224
132.318206;114.616744;103.367943
132.295059;114.639541;103.381221
130.795053;113.258859;102.118495
131.167172;113.633113;102.458308
130.223354;112.750890;101.650359
132.044814;114.415520;103.184325
131.979771;114.325266;103.104778
134.557855;116.656301;105.260363
134.467499;116.549070;105.165264
136.626602;118.494720;106.973045
136.286892;118.177038;106.682428
137.747101;119.498389;107.918731
137.576115;119.353774;107.784430
138.216767;119.943017;108.345431
138.364268;120.096719;108.483592
138.099578;119.857410;108.274584
138.748065;120.458091;108.822821
137.967340;119.728518;108.151264
139.310200;120.951381;109.274029
138.431699;120.120700;108.502092
140.084341;121.627098;109.899367
138.863226;120.486510;108.853639
139.681002;121.223504;109.583602
137.425875;119.139908;107.701734
136.918721;118.636813;107.337299
134.162942;116.106122;105.048672
133.550894;115.486546;104.578100
131.466842;113.615208;102.850448
131.670439;113.751105;103.038506
130.233923;112.530315;101.860989
131.161836;113.341585;102.640767
130.121105;112.507796;101.804711
132.230642;114.386374;103.549555
132.119884;114.378774;103.481623
135.788845;117.652173;106.492364
136.016320;117.914528;106.691106
139.612943;121.113889;109.620998
138.333715;119.982118;108.562718
140.183554;121.612921;110.044990
137.538831;119.229632;107.857762
138.422679;120.015321;108.560766
136.759943;118.510180;107.192181
137.969064;119.618489;108.188644
138.397711;119.989404;108.543920
139.366623;120.899308;109.354300
140.810486;122.172985;110.531787
140.289944;121.745889;110.113972
141.279509;122.601437;110.899222
139.001471;120.584277;109.026248
139.112348;120.648649;109.079059
136.305300;118.150933;106.789921
136.272153;118.112242;106.776977
134.126032;116.236076;105.152724
133.883716;116.059142;105.092894
131.781359;114.256700;103.652927
130.477269;113.138036;102.741682
127.947096;110.937758;100.935400
126.212841;109.389272;99.512910
124.393241;107.784888;98.157949
123.746817;107.175298;97.480491
123.778568;107.211410;97.570656
125.066770;108.344132;98.483624
127.003795;110.086957;100.147294
129.714428;112.516272;102.315239
131.824906;114.389975;104.102845
133.936271;116.281160;105.817635
134.210243;116.468808;106.008284
134.684978;116.895065;106.372371
133.360868;115.639189;105.181599
132.971308;115.304966;104.844481
131.549912;113.973966;103.572519
131.431156;113.890306;103.477203
131.009233;113.482672;103.057075
131.406881;113.865170;103.366495
131.114599;113.601161;103.044079
130.318820;112.893369;102.287042
127.977336;110.788066;100.238314
124.891785;107.983305;97.532939
120.876482;104.361075;94.123771
117.483884;101.256335;91.194848
114.618027;98.665234;88.796225
113.242210;97.365784;87.571402
113.152102;97.250150;87.445775
113.802405;97.746738;87.847659
115.576220;99.256488;89.153347
116.313819;99.808438;89.578582
117.565265;100.822665;90.407398
116.627603;99.896800;89.514319
116.106725;99.353347;88.954173
114.263775;97.683712;87.442854
113.217168;96.733629;86.549838
112.640739;96.256718;86.155272
112.273818;95.960887;85.852009
113.321233;96.943778;86.760533
113.039150;96.728872;86.488672
114.481421;98.032526;87.654848
113.286706;96.990357;86.615123
114.257330;97.849372;87.384252
112.112649;95.958819;85.596635
113.168860;96.907653;86.473647
111.219707;95.199706;84.874840
113.273909;97.068727;86.594774
111.803929;95.770628;85.364117
113.966907;97.740510;87.152691
111.965285;95.916386;85.426524
113.225632;97.064321;86.448312
111.226565;95.210564;84.706641
112.723958;96.580447;85.942660
112.615221;96.448367;85.807816
115.259552;98.878094;88.028698
116.544875;100.037354;89.101090
118.544726;101.868861;90.779565
118.719553;101.993120;90.917861
118.749861;101.953998;90.876401
117.782747;100.952223;89.970284
117.379957;100.461986;89.488684
117.037686;100.015660;89.063791
117.279961;100.237476;89.240438
117.825350;100.758184;89.725177
118.634195;101.740483;90.669934
120.131670;103.288616;92.146001
122.002323;105.325851;94.106386
124.156243;107.450289;96.101626
125.970378;109.315852;97.874944
126.326638;109.722584;98.242376
125.631100;109.198286;97.775357
122.772639;106.713935;95.477501
119.768268;104.095982;93.089269
115.412171;100.328818;89.660135
112.223150;97.537164;87.134334
108.418929;94.240165;84.173177
106.694617;92.692692;82.774959
104.969110;91.175898;81.436459
105.971261;92.041498;82.213526
107.282477;93.231690;83.331492
110.653397;96.271522;86.082285
113.852133;99.194581;88.776401
116.848034;101.936701;91.262221
119.396703;104.286155;93.429641
119.350022;104.261374;93.398459
119.895389;104.781977;93.896618
116.512326;101.696916;91.090368
115.447077;100.759823;90.290150
110.474640;96.227653;86.206216
108.921239;94.880319;85.083803
104.896786;91.227923;81.821936
103.797426;90.308712;81.091897
102.387240;89.037520;79.956771
101.768478;88.525795;79.542011
102.770439;89.436388;80.330345
102.039960;88.771854;79.718449
103.848298;90.408674;81.137276
102.362468;89.024890;79.849747
103.350673;89.929610;80.617076
101.493952;88.216595;79.046197
101.872737;88.594224;79.373652
101.247714;88.029486;78.874062
101.990044;88.744492;79.536856
102.926758;89.607891;80.340647
103.535791;90.172721;80.863852
104.735947;91.261729;81.855900
104.469502;90.998118;81.613833
105.344253;91.785908;82.324204
104.599788;91.085327;81.688169
105.647283;92.046983;82.564382
104.724279;91.200738;81.796625
105.886608;92.275715;82.772640
103.913180;90.460977;81.095181
104.758149;91.225596;81.771630
101.631799;88.326724;79.069847
103.095267;89.652142;80.258090
100.445103;87.191449;77.944348
103.689041;90.189024;80.684598
102.714733;89.298566;79.817907
106.773499;93.084409;83.303724
106.623668;92.962178;83.155857
108.663365;94.881340;84.935779
107.990343;94.252456;84.334462
106.719207;93.084759;83.271899
106.251049;92.627707;82.839104
103.433754;90.018890;80.438921
104.797748;91.266289;81.581998
102.548411;89.189862;79.658076
105.640229;92.049294;82.290434
104.439102;90.944935;81.253731
107.660350;93.923836;84.002710
106.918820;93.246107;83.361437
108.694823;94.885785;84.883633
107.847657;94.119969;84.169378
107.866859;94.130425;84.191922
107.425410;93.748833;83.838376
106.831904;93.182818;83.324822
107.592001;93.918588;84.005102
107.058349;93.395941;83.524333
108.273488;94.553787;84.595787
107.246804;93.563449;83.677536
107.574912;93.900925;83.994640
106.124137;92.517405;82.711751
105.482887;91.964020;82.211101
104.727223;91.232965;81.531345
103.866037;90.474078;80.844469
104.707813;91.218874;81.527336
104.529989;91.057282;81.392638
107.073292;93.357194;83.510210
108.039286;94.207351;84.307594
110.883846;96.797986;86.691130
112.103115;97.876082;87.691611
113.117359;98.830601;88.558461
113.543248;99.190376;88.882260
112.245985;98.052333;87.813782
111.933615;97.728358;87.500588
109.628632;95.670476;85.597512
109.087898;95.127507;85.093338
107.158575;93.411171;83.529885
106.634189;92.878018;83.043903
105.369675;91.759865;82.041859
104.708535;91.100467;81.432768
