0.000000
0.000000
0.000000
0.000000
0.000000
0.000000
0.000000
0.000000
0.000000
2.554797
3.785445
1.829603
1.551432
-0.260701
0.804487
0.364236
2.676186
3.145886
5.179663
5.271272
5.715558
4.897730
3.969120
2.943909
1.798505
1.295187
0.582105
0.574150
0.231283
0.346822
0.079574
0.000000
-0.024323
0.000000
0.000000
0.121551
0.119968
-0.025126
-0.307252
-0.140957
-0.228153
0.047157
-0.017613
0.012467
-0.067820
-0.117843
-0.155549
-0.310799
-0.282895
-0.396693
-0.276261
-0.331101
-0.218694
-0.234642
-0.193201
-0.269339
-0.377257
-0.473414
-0.601373
-0.651887
-0.776434
-0.713551
-0.825147
-0.535185
-0.354787
0.373041
1.422374
2.744156
4.151816
5.335054
5.861915
6.494256
7.214750
6.268996
5.928392
5.580414
4.395686
4.477085
4.167921
4.585999
4.346579
5.060776
4.329567
3.315678
3.099125
3.243639
2.646092
2.544069
1.890568
2.008506
1.902792
2.182304
4.497096
6.331817
9.173500
9.156557
9.059673
8.591404
7.918391
6.744856
5.820883
4.705236
3.936220
3.179517
2.602676
2.054933
1.624353
1.219343
0.992204
0.696053
0.587973
0.289510
0.192927
-0.027168
-0.076419
-0.276077
-0.090444
-0.254060
-0.218702
-0.226028
-0.365980
-0.294526
-0.377405
-0.429395
-0.020418
-0.028786
0.143612
0.132074
-0.013747
0.092709
-0.088239
0.005537
-0.152528
-0.011834
-0.114454
-0.057906
-0.040908
-0.078442
-0.154874
-0.206694
-0.287795
-0.350674
-0.363709
-0.441226
-0.315050
-0.321067
-0.233966
-0.292271
-0.213617
-0.317383
-0.270328
-0.375459
-0.260624
-0.254741
-0.065014
0.000302
0.191498
0.231311
0.327609
0.278343
0.283740
0.206292
0.170155
0.100702
0.126088
0.077039
0.150048
0.172976
0.206164
0.215833
0.215639
0.237002
0.232483
0.284989
0.316708
0.396156
0.467602
0.550405
0.624724
0.694426
0.731184
0.727710
0.561512
0.274625
-0.152718
-0.474494
-0.905010
-0.942752
-1.138383
-0.855334
-0.931766
-0.546645
-0.654232
-0.309393
-0.463994
-0.326352
-0.377876
-0.210053
-0.094383
0.019121
0.115231
0.147286
0.171627
0.084186
0.028712
-0.086823
-0.163974
-0.205379
-0.205615
-0.163900
-0.153618
-0.067420
0.023531
0.049969
0.085136
0.192526
0.426061
0.366680
0.540699
0.383650
0.514292
0.359377
0.462184
0.366728
0.390847
0.332240
0.253921
0.239198
0.094847
0.149693
0.001604
0.055777
-0.075356
-0.068671
-0.157221
-0.141533
-0.297392
0.000000
0.000000
0.030146
0.056268
0.039109
0.059509
-0.010987
-0.052790
-0.135913
-0.206127
-0.119249
-0.162934
-0.106695
-0.141275
0.020244
0.006156
0.129775
0.092494
0.167347
0.130136
0.148945
0.118875
0.092045
0.069494
0.020197
0.012336
-0.017284
0.007589
0.028794
0.076696
0.176016
0.205859
0.291905
0.250071
0.176246
-0.026882
-0.262231
-0.189441
-0.053041
-0.200512
-0.197795
-0.598219
-0.128866
-0.358495
-0.167559
-0.399978
-0.251527
-0.482971
-0.420501
-0.511404
-0.425877
-0.320105
-0.178193
0.069275
0.088721
0.257051
0.184531
0.290330
0.141635
0.151080
0.066812
0.073025
-0.073083
-0.071127
-0.095041
-0.106253
-0.067172
0.070766
0.217878
0.312520
0.202899
0.224548
0.247110
0.131947
0.065797
-0.137310
-0.323563
-0.416087
-0.344428
-0.259802
-0.094884
-0.045610
0.165663
0.147747
0.236253
0.106998
0.189814
0.012332
0.087162
-0.066810
-0.021802
-0.076978
-0.193844
-0.303857
-0.288713
-0.405669
-0.396181
-0.079727
0.034759
0.374081
0.325801
0.516046
0.365794
0.470311
0.263961
0.308144
0.155472
0.248182
0.225629
0.293295
0.334515
0.391816
0.386667
0.403664
0.390747
0.435153
0.434521
0.470387
0.444099
0.481329
0.472734
0.471081
0.422501
0.418355
0.334527
0.128324
-0.049652
-0.448343
-0.645334
-1.039788
-0.847013
-1.048702
-0.762341
-0.773456
-0.410650
-0.425866
-0.161469
-0.184532
-0.106498
-0.116443
-0.039756
0.027702
0.012327
0.153534
0.135491
0.241141
0.204625
0.271368
0.270196
0.247449
0.256027
0.231114
0.291674
0.239186
0.282411
0.219957
0.256849
0.088756
0.046611
-0.177201
-0.125294
-0.277167
-0.133194
-0.144861
0.000000
-0.084962
0.041886
0.019296
0.240783
0.150148
0.236752
0.159006
0.229333
0.234943
0.272703
0.244879
0.283800
0.310738
0.341811
0.359288
0.404889
0.404245
0.374620
0.328868
0.255636
0.177532
0.055925
-0.118435
-0.232598
-0.387667
-0.302116
-0.334506
-0.185821
-0.172161
-0.072707
-0.042004
-0.009682
-0.031906
-0.029726
-0.045225
-0.077568
-0.087200
-0.116149
-0.042456
-0.037008
-0.013254
-0.004982
0.025736
0.041647
0.041057
0.016212
0.026319
0.002681
-0.002483
-0.037744
-0.016032
-0.117387
-0.196237
-0.295431
-0.318179
-0.313642
-0.366220
-0.268193
-0.190080
-0.123262
-0.106555
0.025394
0.024512
0.034267
0.005498
0.009876
-0.067638
-0.095431
-0.100341
-0.107762
-0.146083
-0.265605
-0.338891
-0.377105
-0.348803
-0.377604
-0.315025
-0.321792
-0.122136
-0.195845
-0.018131
0.070624
0.338992
0.472616
0.776103
0.815838
1.009331
0.906035
1.065275
0.967825
1.222634
1.283912
1.503364
1.610053
1.676796
1.579871
1.430257
1.204082
1.011561
0.820749
0.559101
0.280351
0.188840
-0.079809
-0.152725
-0.370801
-0.209786
-0.525152
-0.520959
-0.554047
-0.570941
-0.539555
-0.607691
-0.633773
-0.735892
-0.703931
-0.784085
-0.667556
-0.688739
-0.492680
-0.475767
-0.259821
-0.255421
-0.123333
-0.129208
-0.012295
-0.089250
-0.084378
-0.107995
-0.047383
-0.020915
0.014702
-0.093784
-0.081096
-0.004061
0.022097
0.070532
0.055333
0.136538
0.168336
0.207234
0.275638
0.120636
0.106738
0.010718
-0.139771
-0.393578
-0.473277
-0.693114
-0.669716
-0.633527
-0.567382
-0.625054
-0.643974
-0.592041
-0.592720
-0.339369
-0.086459
0.229068
0.262743
0.296155
0.109537
0.073138
-0.275016
-0.264781
-0.489414
-0.243650
0.218288
0.323099
0.514102
0.545875
0.856203
1.186034
1.748626
2.251131
2.610584
2.790424
2.624594
2.395127
1.905197
1.525884
1.061894
0.818866
0.552458
0.444663
0.444462
0.213892
0.157053
-0.179459
-0.191602
-0.416508
-0.297920
-0.445721
-0.260081
-0.347639
-0.214964
-0.246184
-0.238704
-0.251570
-0.124408
-0.273116
-0.321364
0.110459
0.252883
-0.002568
0.084760
-0.239463
0.006520
-0.233240
-0.010027
-0.078289
0.075651
0.081341
0.189158
0.308882
0.389082
0.541514
0.564821
0.660594
0.577327
0.579200
0.435768
0.383168
0.242825
0.201387
0.129379
0.211832
0.257214
0.258454
0.129676
0.279001
0.180832
-0.305533
-0.752291
-1.271951
-1.070837
-1.280053
-0.816016
-0.972769
-0.441109
-0.639982
-0.321149
-0.605523
-0.484849
-0.652003
-0.624645
-0.596928
-0.600437
-0.466089
-0.479235
-0.312903
-0.371472
-0.253087
-0.189108
-0.081999
-0.047937
-0.066048
-0.043762
-0.190141
-0.164112
-0.197645
-0.029086
0.001265
0.198215
0.285764
0.420906
0.464519
0.430075
0.443270
0.361135
0.396673
0.362863
0.399680
0.390371
0.402912
0.454889
0.358246
0.343239
0.272231
0.339209
0.397116
0.461079
0.343320
0.278274
0.201979
0.106937
0.108127
0.115488
0.174555
0.175806
0.189194
0.083134
-0.123088
-0.234055
-0.474345
-0.428534
-0.522114
-0.246865
-0.221888
0.088060
0.058421
0.260174
0.186153
0.239050
0.141633
0.120007
0.049401
0.008491
-0.010900
-0.051496
-0.034932
-0.073029
-0.034802
-0.048068
-0.013961
-0.031288
-0.016274
-0.015791
-0.009643
0.013048
-0.007653
0.001386
-0.032410
0.012832
-0.020346
0.000000
0.018083
0.130667
0.081421
0.072140
-0.030187
-0.042660
-0.156479
-0.198430
-0.278259
-0.344536
-0.452982
-0.509262
-0.607104
-0.611630
-0.687889
-0.640942
-0.652218
-0.562042
-0.541051
-0.457846
-0.457532
-0.314248
-0.292100
-0.175668
-0.145012
0.056701
0.257574
0.478408
0.585731
0.723590
0.714690
0.707375
0.636570
0.568558
0.484016
0.443193
0.421729
0.433758
0.461433
0.498248
0.500555
0.514198
0.453091
0.338212
0.232179
0.193926
0.165663
0.098087
0.172431
0.191744
0.210052
0.227574
0.206634
0.246356
0.165145
-0.043615
-0.200314
-0.299491
-0.452704
-0.471031
-0.537440
-0.432042
-0.379674
-0.213666
-0.138397
0.052704
0.064899
0.006561
0.088056
-0.006933
0.086528
0.063697
0.200113
0.243907
0.286343
0.291136
0.297289
0.285332
0.250122
0.251959
0.217985
0.255173
0.130324
0.151075
0.049284
-0.039919
-0.164220
-0.243524
-0.307807
-0.331585
-0.352388
-0.317657
-0.287922
-0.237433
-0.213824
-0.140299
-0.060441
-0.153450
-0.163996
-0.162599
-0.164322
-0.144850
-0.147214
-0.131708
-0.101983
-0.115787
-0.114034
-0.164418
-0.192628
-0.256658
-0.317833
-0.368427
-0.317440
-0.345302
-0.277770
-0.219182
-0.052097
0.021497
0.175769
0.257254
0.284262
0.341251
0.265460
0.355032
0.233247
0.353107
0.233636
0.354969
0.283689
0.381031
0.345958
0.430036
0.448126
0.488387
0.519283
0.495946
0.484730
0.400388
0.315416
0.279965
0.253082
0.414586
0.374816
0.361988
0.227445
0.088363
-0.346436
-0.593885
-1.037771
-0.852371
-1.007558
-0.726662
-0.778062
-0.465237
-0.490487
-0.297989
-0.324692
-0.232203
-0.210406
-0.168331
-0.059681
-0.057106
0.033467
0.006736
0.091121
0.034983
0.073998
-0.070735
-0.092205
-0.177600
-0.170469
-0.286689
-0.287136
-0.298478
-0.128836
0.004469
0.347205
0.539527
0.957047
0.658427
0.914724
0.688384
0.840132
0.514415
0.579657
0.205185
0.341997
0.264962
0.363169
0.372207
0.462835
0.493465
0.477935
0.507079
0.458433
0.468918
0.372144
0.436091
0.381956
0.438756
0.364629
0.420567
0.414710
0.458755
0.342680
0.312699
0.114105
0.053198
-0.201888
-0.166353
-0.313615
-0.143956
-0.213198
-0.045248
-0.065679
0.019173
-0.029727
-0.007378
-0.057265
-0.071847
0.007466
0.012997
0.023712
0.024386
0.025194
0.040316
0.084217
0.135132
0.127117
0.181863
0.129948
0.075406
-0.018477
-0.070743
-0.218407
-0.274298
-0.456499
-0.533750
-0.636071
-0.513879
-0.511965
-0.519531
-0.539660
-0.451904
-0.527785
-0.721279
-0.714230
-0.597565
-0.474972
-0.181195
0.057197
-0.188346
-0.177167
-0.473540
-0.419606
-0.490242
-0.547712
-0.647435
-0.681182
-0.639002
-0.588812
-0.527087
-0.459363
-0.426362
-0.259725
-0.090825
0.147876
0.288722
0.527895
0.564162
0.577661
0.357276
0.328010
0.165342
0.049662
-0.020203
-0.019767
-0.013900
-0.027026
0.081602
0.164711
0.351725
0.404482
0.566366
0.530149
0.506995
0.415165
0.438405
0.229586
0.230969
0.084958
0.093034
0.011034
0.051439
-0.051371
0.044439
0.065095
-0.125307
-0.023010
-0.074504
0.008169
-0.024521
0.031747
-0.020249
0.054760
0.011294
0.097843
0.055938
0.135730
0.092850
0.164023
0.125854
0.190001
0.153670
0.209393
0.165732
0.214243
0.153593
0.194326
0.111515
0.138221
0.031084
0.059882
-0.039968
-0.098941
0.000000
0.000000
0.000000
0.000000
0.026050
-0.109009
0.017388
-0.060536
0.081681
0.040593
0.149230
0.065367
0.154875
0.087877
0.154750
0.115170
0.164078
0.143255
0.185443
0.157093
0.111226
0.082147
0.046617
0.048618
0.052290
0.093882
0.099523
0.131266
0.077000
0.034357
-0.091108
-0.252571
-0.329122
-0.303949
-0.278327
-0.247182
-0.113674
0.027360
0.092092
0.198703
0.132004
0.221152
0.125767
0.145559
0.004639
0.033616
-0.063136
-0.034397
-0.166642
-0.118660
-0.185437
-0.224672
-0.227847
-0.210976
-0.120763
-0.103123
-0.058484
-0.047108
-0.013782
0.018948
0.045531
0.027763
0.028401
-0.023546
-0.037880
-0.061165
0.039544
0.068442
0.151824
0.138487
-0.062765
-0.078811
-0.024155
-0.011697
0.029262
0.060753
0.085167
0.110373
0.106246
0.111706
0.090259
0.098742
0.086538
0.117921
0.114433
0.159292
0.144993
0.180379
0.136233
0.134574
0.057702
0.021230
-0.042268
-0.093343
-0.123802
-0.144248
-0.055854
-0.030066
0.051115
-0.051561
0.028285
-0.028318
0.035899
-0.090431
-0.093069
-0.091419
-0.104901
-0.026135
-0.038315
0.012219
0.029961
0.100944
0.156092
0.227040
0.301452
0.348605
0.428801
0.424051
0.455212
0.287301
0.178622
-0.200853
-0.345918
-0.740606
-0.685960
-0.887956
-0.510519
-0.591446
-0.275032
-0.387506
-0.112529
-0.198104
-0.194457
-0.214611
0.013505
0.143072
0.243441
0.308734
0.283742
0.279730
0.198865
0.185778
0.107549
0.110858
0.067268
0.067342
0.067789
0.056380
0.039166
0.010665
0.054318
0.032913
0.024581
-0.054425
0.045386
-0.020404
0.039024
-0.034051
0.028035
-0.026047
0.045682
0.000726
0.046427
0.024472
0.035039
-0.063824
-0.034269
-0.057085
-0.061178
-0.050421
-0.019575
0.117499
0.146278
0.197021
0.146478
0.258699
0.215362
0.285159
0.223981
0.144129
-0.034244
-0.210812
-0.380565
-0.639725
-0.654711
-0.806024
-0.659161
-0.725614
-0.514661
-0.513945
-0.299282
-0.277490
-0.120755
0.005010
-0.006678
0.045218
-0.047278
0.020050
0.007783
0.225158
0.229761
0.323189
0.427060
0.509681
0.481963
0.636024
0.748677
0.787293
0.739379
0.584121
0.324078
0.228868
-0.015781
-0.278977
-0.343421
-0.508237
-0.358731
-0.409516
-0.178644
-0.257916
-0.115701
-0.205716
-0.080039
-0.314610
-0.295495
-0.391204
-0.503537
-0.687522
-0.734900
-0.538286
-0.427071
-0.323561
-0.179086
-0.162424
-0.098535
-0.095656
-0.188885
-0.310814
-0.386326
-0.402454
-0.417089
-0.392889
-0.397110
-0.397913
-0.457503
-0.453414
-0.537705
-0.530099
-0.563486
-0.471136
-0.417589
-0.266227
-0.199460
-0.033538
-0.000832
0.102644
0.108474
0.186681
0.169015
0.272268
0.355427
0.353416
0.254529
0.160257
0.247507
0.226271
0.341838
0.279654
0.289955
0.170960
0.093486
-0.108665
-0.272331
-0.431851
-0.443496
-0.430444
-0.182835
-0.012014
0.305028
0.467160
0.681137
0.629631
0.726418
0.804381
0.749215
0.148995
0.150864
0.164273
0.011117
-0.211625
-0.241550
-0.196245
-0.031622
0.035520
0.192130
0.286534
0.382604
0.378317
0.247443
0.322442
0.023866
-0.215239
-0.245930
-0.326905
-0.376637
-0.467205
-0.276594
-0.299063
-0.145963
-0.193954
-0.043338
-0.123426
-0.029681
-0.073763
-0.010710
-0.010706
0.009891
0.036244
-0.000901
0.031059
-0.033427
0.015247
-0.032232
0.040101
-0.010632
-0.072312
-0.151663
-0.107044
-0.103223
0.013054
0.114463
0.314007
0.276027
0.135053
0.124876
0.068248
0.037617
-0.070536
-0.042997
-0.191319
0.000000
0.000586
0.092644
0.097680
0.162432
0.176033
0.060151
0.084622
0.014607
0.097151
0.036315
0.117113
0.034883
0.083503
-0.009942
0.009093
-0.032727
-0.024737
-0.038946
-0.066277
-0.053556
-0.108629
-0.065039
-0.108253
-0.027976
-0.043262
0.017929
0.063712
0.157790
0.063336
0.021249
-0.030084
-0.082473
-0.215690
