7.32295611;6.05095790;4.97493874
7.13633326;5.87658721;4.83420584
7.13633326;5.87658721;4.83420584
29.03862489;25.15937787;21.28018825
105.62591553;91.07855225;80.38397217
113.44329660;95.42998163;85.43675390
113.31531221;95.25051653;85.29981635
127.23757804;104.71605099;94.17774454
118.69848633;97.62145996;87.56140137
117.83023669;97.47893491;87.40100592
119.66834320;99.24615385;89.16988166
128.04703037;107.20673206;96.23998925
117.51053254;98.90443787;88.54420118
125.31021668;106.25340136;95.31500378
129.14303951;110.35185434;99.01115292
127.33485622;109.47567858;98.23172534
115.82543945;99.36517334;89.34820557
114.47071006;98.11005917;88.64573964
120.45628622;103.60015117;94.14065256
113.57690542;97.57943067;89.04465106
126.71264445;109.60843859;100.35057780
123.69036160;106.96715661;97.93496358
120.82067271;104.32394810;95.90835223
121.51373142;104.97581255;96.70212900
118.38500977;102.18127441;94.12933350
122.58875031;106.05650038;97.81223230
124.50793444;107.70766129;99.46579084
123.33376691;106.82472685;98.74876431
116.03988166;100.21810651;92.66461538
112.71137511;97.09647612;89.72073003
113.71390533;98.36757396;91.78757396
113.59639053;98.26420118;91.68467456
114.67644970;99.33491124;92.72059172
107.44771843;92.69728590;86.40019464
112.55744949;97.36587466;90.88010790
111.09997704;95.84624656;89.51974288
113.97360947;98.51455621;92.01828402
111.49087466;96.30406336;89.92814509
111.43044077;96.25424702;89.88320707
111.33195592;96.13492883;89.77473600
113.74218935;98.35124260;91.88781065
113.81538462;98.43769231;91.97295858
113.83254438;98.46159763;91.99603550
116.29559326;100.71820068;94.14843750
113.95236686;98.66059172;92.29674556
113.62366864;98.33698225;91.99266272
111.43388430;96.41580579;90.05704775
111.42630854;96.40811524;90.04447888
113.23473373;98.03183432;91.59573964
110.98370064;95.95764463;89.61197199
111.06473829;96.03724747;89.69806015
113.46502959;98.24781065;91.82035503
111.53552571;96.57891414;90.34217172
113.76603550;98.67881657;92.38804734
113.68218935;98.60994083;92.32881657
112.79514793;97.77195266;91.55366864
112.78834320;97.76479290;91.54662722
113.46414201;98.46928994;92.24201183
110.78219697;95.94679752;89.83230028
115.62152100;100.40661621;94.08898926
106.60611800;92.98174931;86.68979568
100.35416667;87.04189624;80.73461892
101.86514793;88.61946746;81.92615385
97.53857988;84.89840237;77.99059172
105.36856139;92.16844433;83.71488033
93.24109001;81.28694069;72.73627732
79.68865967;68.91503906;61.08105469
64.00390533;54.80988166;47.63372781
58.00573097;49.32812500;42.19328503
58.22887971;49.67412764;42.51865243
53.25355030;45.20899408;38.36349112
49.15049428;41.54968783;34.95349896
41.45233154;34.61633301;28.68389893
43.39483611;36.34066077;30.12565036
45.27388889;38.09187500;31.65715278
49.03470571;41.55157551;34.66156361
51.11656133;43.36950589;36.22371445
59.99908949;51.01235692;42.51391779
58.25792899;49.07502959;40.76704142
63.70187305;54.07992976;45.08565297
64.04207856;54.47444069;45.48549688
60.67614746;51.37152100;42.75750732
60.99835205;51.64233398;42.99523926
62.26990426;52.79062736;44.01952633
58.10474059;48.94117309;40.61908861
61.55072021;52.05981445;43.38732910
79.09379199;67.72399893;56.98716743
73.63403320;62.66845703;52.66064453
75.74106509;64.34041420;54.14023669
86.01769967;73.47782817;62.32949106
121.80749220;103.97079865;89.81867846
126.29031174;108.26814028;93.94719162
121.08679768;103.57596372;89.94948350
120.26883346;103.06620055;89.94469640
114.98769231;98.18988166;85.67124260
122.60348954;104.79232804;92.47757622
122.60101318;104.95135498;93.33038330
121.16076660;103.50189209;92.10449219
119.69295858;102.21443787;91.11195266
123.95389267;106.10052910;95.09971025
127.98764308;109.81243496;98.83799428
123.15816327;105.11772487;95.12824389
124.41855631;106.31046863;96.39751827
130.51558721;111.83532653;101.59574039
122.48608398;104.60040283;94.88195801
127.98861863;109.59931061;99.62298387
124.69885362;106.79289494;97.20981356
126.72372529;108.54201353;99.07082466
119.54242604;102.13970414;93.24751479
126.60678980;108.33025494;99.06770291
122.52069092;104.81317139;95.75933838
130.54582102;111.95263370;102.52909164
129.77277614;111.17273582;101.78970707
129.14438323;110.52485891;101.33519215
129.58378124;110.91977963;101.78533996
129.72057243;111.21687718;102.09264983
129.77109648;111.25665144;102.14807847
129.78426498;111.27291051;102.16527815
129.80300994;111.29165547;102.18402311
132.94909722;114.15159722;104.90180556
124.72014361;107.19998740;98.92869740
127.74505723;109.88417014;101.40283559
134.00652778;115.61055556;106.88298611
130.77909164;112.69033862;104.10104811
130.69074174;112.58841709;104.08384843
127.18145161;109.37857700;101.06477627
126.88150364;109.09495317;100.85522893
126.93704475;109.14711238;100.91896462
129.60165278;111.54991938;103.19208546
132.39937500;114.04750000;105.55138889
130.28439936;112.21271164;103.81550658
132.47222222;114.12638889;105.62791667
132.53965278;114.20979167;105.70826389
128.93099973;110.92307175;102.62133835
129.55763889;111.47166667;103.25729167
125.84399355;108.04776942;100.01222790
126.43039506;108.62738511;100.55455523
126.42616232;108.62315238;100.55032249
125.74905939;107.96177103;99.91460629
121.61244797;104.10926119;96.26788502
125.95057232;108.30567118;100.17104579
125.21923777;107.57349116;99.48751301
126.83593120;109.02452298;100.88732868
126.84170922;109.03211502;100.89492072
126.83902177;109.03728836;100.90439398
126.85393711;109.05206934;100.91910777
129.97631944;111.87604167;103.59333333
124.60204214;107.09599376;99.09703434
127.17737167;109.37919914;101.24657350
121.84133283;104.60531620;96.75988914
123.71702653;106.50481270;98.41148543
123.71104318;106.53147763;98.42852497
123.11797607;105.95453954;97.88312955
126.72870196;109.25094061;100.99240795
126.64505509;109.17481860;100.92139210
126.59540446;109.13504434;100.87698199
123.31139438;106.17085068;98.08058012
123.34540843;106.15400624;98.07180021
123.37155307;106.18015088;98.09794485
126.46439129;108.96869121;100.73562214
126.51955120;109.02573233;100.71203977
126.12738511;108.66440473;100.38672400
126.11965869;108.65614082;100.37879602
132.51888825;114.42581155;105.82282390
126.15009406;108.68543402;100.40614082
129.28291667;111.53118056;103.09437500
125.74509540;108.29608976;100.04286482
125.32000806;107.93052943;99.64814566
125.67233271;108.27465735;99.96573502
125.61058855;108.21882558;99.90694706
128.30368056;110.59687500;102.13909722
125.20606020;107.81611126;99.53003225
125.55515990;108.18194034;99.76552002
125.55173340;108.17979038;99.76370599
125.59587476;108.22890352;99.81261758
125.62993819;108.26437786;99.84627788
129.20270833;111.53187500;102.92611111
129.19631944;111.52701389;102.91076389
129.19562500;111.53118056;102.91347222
129.02534722;111.38861111;102.80444444
129.68382155;111.03594464;102.76001075
131.78826389;112.79180556;104.30923611
129.23360656;110.58122816;102.23790648
129.21566783;110.56221446;102.21869121
129.45659769;110.89256920;102.53668369
126.61400884;108.31607700;100.10483871
126.53173777;108.24596774;100.04656608
128.39411449;110.05448804;101.73676431
124.34475806;106.37415453;98.28642040
119.33062744;101.93115234;94.10455322
119.32989502;101.93041992;94.10382080
124.55612643;106.57485692;98.48868366
125.56997919;107.60438345;99.46676639
129.05569739;110.81208009;102.48636119
127.20162591;109.21271164;100.98562214
127.20330556;109.21197259;100.98985488
127.14095673;109.14693631;100.92085461
127.02862134;109.03950551;100.81678312
124.17293184;106.45291363;98.37649584
123.77497399;106.05131374;97.99661811
120.94400353;103.50881834;95.59189972
123.80950832;106.09540843;98.05528096
123.51105619;105.84176639;97.87974766
123.54142820;105.86134235;97.90959938
123.62617066;105.94270291;97.98965921
123.66577784;105.98530177;98.02256764
124.21214880;106.54220864;98.55489074
130.06381944;111.84013889;103.55444444
124.07524714;106.41688345;98.44712539
123.50364204;105.83558793;97.90420135
124.93197190;107.72866805;99.54728148
115.65289941;99.24674556;91.56911243
116.31905325;99.95355030;92.23455621
111.80975718;95.90537982;88.40677211
109.52578936;93.81412197;86.44550173
119.58282471;102.92285156;95.05725098
114.20196281;98.03724747;90.43870523
122.66824137;105.76499118;97.75132275
118.91705322;102.27337646;94.43341064
122.20716805;105.26782565;97.22978080
118.20629883;101.57543945;93.67431641
120.97505669;103.90998992;95.93827160
120.46737213;103.41250945;95.48274124
123.93164672;106.59228668;98.48432622
115.33266272;98.78473373;91.12076923
121.10336357;104.04705215;96.09416730
118.26342773;101.49426270;93.67425537
120.96573444;103.92038297;95.96466364
116.10082840;99.51455621;91.81857988
118.18164062;101.31958008;93.53289795
118.11968994;101.27056885;93.49578857
118.12585449;101.27569580;93.50097656
125.13430021;107.72170916;99.60210718
129.31381944;111.26083333;102.92687500
127.16621876;109.41937651;101.19309325
125.30599636;107.82414152;99.72678200
130.80097222;112.69819444;104.31423611
121.97329302;104.72379693;96.72367095
124.79415973;107.25656868;99.11166753
125.38371488;107.84709938;99.68789022
133.12062500;114.15638889;105.43541667
127.35887097;109.03765609;100.61387877
120.84503174;103.13146973;95.07824707
125.70375911;107.56516649;99.21266909
125.71949792;107.57979969;99.22632674
128.53789304;110.06140822;101.55112873
128.98656275;110.51061543;101.97635044
126.24590271;108.10607440;99.71409990
132.30298611;113.47715278;104.74166667
132.33590278;113.50416667;104.76798611
132.67298611;113.88256944;105.13756944
126.04188345;107.98478148;99.56165453
126.17722425;108.10548907;99.68086629
126.12844693;108.05963840;99.63833247
126.27230749;108.16994017;99.74967482
123.83717561;106.04138322;97.76291257
126.19829605;108.10340791;99.68945109
126.08727888;107.99239074;99.61147242
125.50747919;107.42286681;99.07140999
125.50156087;107.42098075;99.06978408
125.52477888;107.43776015;99.08851457
125.50487773;107.40998959;98.98712279
125.50812955;107.41441207;98.99180541
125.52868106;107.43210198;99.00923517
126.18964620;108.09644901;99.63247919
126.21013267;108.11576483;99.65199011
125.67143600;107.55573621;99.13436524
126.05768730;107.95291363;99.50539802
132.26208333;113.51937500;104.71861111
128.62510078;110.21351787;101.60622145
124.40343915;106.44992441;98.90129756
125.48948098;107.53099017;99.93858655
124.90362812;106.96245906;99.40778534
128.41070499;110.13345473;102.43054110
128.03427419;109.78694069;102.07043444
125.24659864;107.28880071;99.68455530
123.96762409;106.10097002;98.58018393
116.12505739;99.05021809;91.87373737
121.31135047;103.58446712;96.25327538
118.06762695;100.61395264;93.43322754
121.42844545;103.70005039;96.37742504
121.44973545;103.72883598;96.40709247
116.79964497;99.62988166;92.50005917
131.21194444;112.50020833;104.74020833
131.57395833;112.76819444;104.93861111
131.56166667;112.85458333;104.99861111
120.54095459;103.25292969;95.79052734
126.80788241;108.90238033;101.13573101
123.33465608;105.76757370;98.17013102
117.55254438;100.46715976;93.11739645
120.54351807;103.26916504;95.82324219
118.57633136;101.55686391;94.18798817
123.95962459;106.38259007;98.77683296
120.51245117;103.33312988;95.85443115
116.16729798;99.45265152;92.15805785
121.23406982;104.04388428;96.53320312
120.61370850;103.41961670;95.94421387
122.79465860;105.27884858;97.70275888
126.26242196;108.45362903;100.71396982
123.34467120;105.87465357;98.25503905
125.09448224;107.20118418;99.27670698
129.08831946;110.89203954;102.78414412
124.71182918;107.00894432;99.11022928
128.22242456;110.21442508;102.15120968
128.24772373;110.23796826;102.17202133
128.36953694;110.36875650;102.29214360
124.86671706;107.19003527;99.26385739
127.60457856;109.66681842;101.61530957
121.49267578;104.11096191;96.35321045
127.02835588;109.05209417;101.02998179
121.54608154;104.12609863;96.37542725
121.43945312;104.02813721;96.25177002
118.83313609;101.76023669;94.11059172
120.60833740;103.63183594;95.77398682
120.66564941;103.65344238;95.81616211
126.33311655;108.76515349;100.62987773
122.80215420;105.52897455;97.57835727
128.46647407;110.62792260;102.38914270
129.06584252;111.22057243;102.95485085
128.48797366;110.64975813;102.41064230
128.50537490;110.66796560;102.42858103
128.50154528;110.66413598;102.42475141
129.13672400;111.28527278;103.01041387
129.12355550;111.27311207;102.99905939
124.83968522;107.38527575;99.31048387
127.28218221;109.59090298;101.42334050
127.28083848;109.58955926;101.42199678
127.13551465;109.52002150;101.38175222
129.54013889;111.62381944;103.36493056
129.86770833;111.83909722;103.56722222
116.73504639;100.63604736;92.74041748
119.45710506;103.08534895;95.02670698
118.91918619;102.58276644;94.56437390
116.52252197;100.48681641;92.57232666
119.06972789;102.80700428;94.75837743
121.54877732;105.02185224;96.84014048
119.26033006;102.98337113;94.91484001
116.79095459;100.73114014;92.78338623
121.86082206;105.26339750;97.06230489
116.27215576;100.18084717;92.26757812
121.89945369;105.29942768;97.09774974
116.28808594;100.20574951;92.29870605
119.12062232;102.77311665;94.72341900
122.52555931;105.91811915;97.70070239
120.10978836;103.72045855;95.61060721
117.58105469;101.42333984;93.46051025
123.72665193;107.04533039;98.76443809
118.16937256;101.98638916;94.03161621
113.23685721;97.47314050;89.76761938
120.60361552;104.14071555;96.05057949
126.98219565;109.97762698;101.55623488
126.55979575;109.57242677;101.18348562
123.38651145;106.69797086;98.47307492
123.39249480;106.70349896;98.47769251
117.28192139;101.05529785;93.15209961
117.73583984;101.50579834;93.57727051
123.33630333;106.61381374;98.39958377
125.72023650;108.69685568;100.35776673
122.90329084;106.17312695;97.98061915
117.18695068;100.95550537;93.05383301
121.70250693;104.60078105;96.93398841
125.23510666;107.86387877;100.02230749
125.22398543;107.85275754;100.01118626
122.38177123;105.29711514;97.60714286
124.70759625;107.34755463;99.54669615
122.45244394;105.37270093;97.68260267
119.83929443;103.08428955;95.51196289
122.52129000;105.54396573;97.82186949
125.44166233;108.17741935;100.30846774
117.32556213;100.83414201;93.36893491
127.83734211;110.28359312;102.30395055
128.36744155;110.79803816;102.77600107
125.39763267;108.12051249;100.24713840
119.84570312;103.10137939;95.50396729
128.34264983;110.76901371;102.74731255
128.28460091;110.71492878;102.65365493
125.30235432;108.02445369;100.11387877
123.06953893;106.06872008;98.27343159
122.29680020;105.35972537;97.60147392
120.28540039;103.59692383;95.94073486
119.59344482;102.91857910;95.30572510
117.63011834;101.19958580;93.68639053
117.62810651;101.19573964;93.68715976
120.24176025;103.54974365;95.91284180
120.24139404;103.54937744;95.91247559
119.52172852;102.84887695;95.25592041
119.61834717;102.89398193;95.28027344
122.12471655;105.16061980;97.37956664
128.04367106;110.48360656;102.40452835
120.76818848;104.03527832;96.31787109
121.85333252;104.83227539;97.26623535
126.88696670;109.32680801;101.50695890
123.43310658;106.13435374;98.42806752
126.85009105;109.27113684;101.40498179
124.07306626;106.76719577;99.03080121
127.30820760;109.74759365;101.85386316
121.81250000;104.77923584;97.13793945
124.01524313;106.68127992;98.94482237
125.83818939;108.20616545;100.43958117
126.41350156;108.79123309;100.95675078
125.79747659;108.17566337;100.37083767
124.12572436;106.79365079;99.06160242
129.35292932;111.45921795;103.49442354
132.09868056;113.87583333;105.78104167
126.53245317;108.92501301;101.09046566
126.54858221;108.90146982;101.08259625
125.94979188;108.12389438;100.25832466
126.92104579;109.02009625;101.06731270
126.91317638;108.99941467;101.03668054
126.09410770;108.23146462;100.30105359
126.08936004;108.22632674;100.29598075
126.01489334;108.16714360;100.24180541
126.02211238;108.17963059;100.25715401
126.02217742;108.17969563;100.25721904
126.11901665;108.26801509;100.34001041
126.11498439;108.25838970;100.33012487
122.66389519;105.10122197;97.33824641
124.80398023;107.01677940;99.19062175
124.79962279;107.01242196;99.18626431
124.82127992;107.03284339;99.20642560
124.37540942;106.57709751;99.02588813
127.08701873;108.97008325;101.32004422
124.52954145;106.75415722;99.20836483
124.54320988;106.75856639;99.17145377
124.57709751;106.78395062;99.18266566
126.31074402;108.22665193;100.55274454
124.03917863;106.26171580;98.68808264
127.04376951;108.94875130;101.23803330
130.68267939;112.25604676;104.38437248
130.63067724;112.20579145;104.33566246
127.01866545;108.92624870;101.22235952
124.02034518;106.24313429;98.67435122
121.23822021;103.72845459;96.28326416
129.95686643;111.54320075;103.71183822
129.92918570;111.51101854;103.67999194
126.81425598;108.76287721;101.08136056
121.08953857;103.62377930;96.20446777
121.12640381;103.65185547;96.23199463
124.57338120;106.80089443;99.22820610
127.10028616;109.00474766;101.31939386
129.93368718;111.54266326;103.71862403
124.56563366;106.78804485;99.20956160
127.46735172;109.38768210;101.67611863
126.29279396;108.22255463;100.57147503
126.27705515;108.19543444;100.55079344
125.93717482;107.98751301;100.36778096
126.48699272;108.54825702;100.90433143
120.23889160;102.89733887;95.53637695
123.53413958;105.90696649;98.39260519
125.82563736;107.90725806;100.29481009
129.08259625;110.52113684;102.87597555
130.58882021;111.84426230;104.11388068
135.73604167;116.74402778;108.81500000
123.98809524;105.94060217;98.39096750
113.85236133;96.88020717;89.75612609
113.78775897;96.84027623;89.71881265
124.49905518;106.47379693;98.90432099
124.50894432;106.48072562;98.90986395
123.55291005;105.66647770;98.16162761
127.08001881;108.85091373;101.13692556
127.08673744;108.85763236;101.14364418
122.84189972;105.23104056;97.72965482
128.61542596;110.40956732;102.65137060
119.58282471;102.26019287;94.89569092
122.94545225;105.38044848;97.85109599
121.38265306;103.88252708;96.41307634
121.30076846;103.80656337;96.34983623
121.09063996;103.62729907;96.18373646
118.98248291;101.79418945;94.44671631
125.50117066;107.72899324;100.11140739
125.52646982;107.75429240;100.13670656
124.48465140;106.72996878;99.16909469
113.96011249;97.27731864;90.19174702
121.62773998;104.21812799;96.79692618
122.24376417;104.88888889;97.42743764
113.05446511;96.55435032;89.49420340
113.64244720;97.17275023;90.08224288
116.02526627;99.41195266;92.25976331
108.90965614;92.88824611;86.00351427
108.89830234;92.87656791;85.99291739
118.51495361;101.91070557;94.39935303
118.51696777;101.91815186;94.40057373
120.39121945;103.54245402;95.90828924
123.15953434;106.03550989;98.26886056
118.53930664;101.94476318;94.41516113
120.48922902;103.63926682;96.00736961
124.29851717;107.15257544;99.33916493
124.34378252;107.19751561;99.39041363
119.92242432;103.21990967;95.55462646
121.14789620;104.47738725;96.46699421
130.78743056;113.26569444;104.74902778
127.54635851;110.27553077;101.93167159
124.73738293;107.76346254;99.58331165
121.24319728;104.55316201;96.55309902
124.59963580;107.62090271;99.45180801
122.44016125;105.73129252;97.67605190
128.02754636;110.74785004;102.41380005
130.50208333;112.98083333;104.51895833
123.70434443;106.83259625;98.69647503
0.00000000;0.00000000;0.00000000
125.79780177;108.61687045;100.55437045
121.69179894;104.70225498;96.82105064
122.55763416;105.57193248;97.65942303
119.55200195;102.87432861;95.11553955
119.44250488;102.76483154;95.00616455
119.39465332;102.76104736;95.01953125
122.18499622;105.25359033;97.36684303
125.32043444;108.09989594;100.04812695
128.22608170;110.85118248;102.64653319
131.58298611;113.90500000;105.49840278
116.24082840;100.26917160;92.87982249
119.78881836;103.64636230;96.11444092
126.60978232;109.67797635;101.79783660
118.66607666;102.58599854;95.08935547
118.82543945;102.78155518;95.29406738
123.24980489;106.77198231;99.05293965
121.47574142;105.15803850;97.52529917
121.19036160;105.01775494;97.37252862
121.03108741;104.92241155;97.30378512
119.20351474;103.38133031;95.79396573
114.29644970;98.91153846;91.53053254
114.29313609;98.90816568;91.52715976
121.69205255;105.59488814;97.86296826
127.04615695;110.51928245;102.49274389
124.63098335;108.40563215;100.50799948
123.32739334;107.09709938;99.25019511
124.60347294;108.38091831;100.46553070
120.61375661;104.61337868;96.79894180
119.94979844;103.94286974;96.12156715
119.92472915;103.92454019;96.06695641
119.92579995;103.92561099;96.06802721
119.92019400;103.92094986;96.06670446
122.76222685;106.48952914;98.49154527
120.56695641;104.56128748;96.67498110
120.56953893;104.56701940;96.68127992
122.26008065;106.07589750;98.02555931
120.23091459;104.33497103;96.27614009
122.91428200;106.79474506;98.59983091
122.89509625;106.77438866;98.57791363
120.19343663;104.33282943;96.28502142
125.38742196;108.49804891;99.85087149
129.23913892;111.90803850;102.98985432
118.21791781;101.92252066;93.75814968
121.23390533;104.74307692;96.41414201
116.23880839;100.18176903;92.11121324
123.71763314;106.73402367;98.31349112
118.54817331;102.08465137;93.91195144
113.31295918;97.34505102;89.48744898
120.15816440;103.80023391;95.51793272
119.40961239;103.15504567;94.88382713
116.49632353;100.33688365;92.21388408
116.44296064;100.28817042;92.16641436
119.50852083;103.15448875;94.90621519
119.65571397;103.33866117;95.09272667
115.23041378;99.36830498;91.26617307
115.92355104;99.96734429;91.54119810
113.16519639;97.55403277;89.16314850
114.36753893;98.69669118;90.13732699
111.60633270;96.03880487;87.29216551
114.85425485;98.80669414;89.69475384
113.09762753;97.24014257;88.13065271
109.15038857;93.86447175;84.43725058
111.01297578;95.58585640;85.51270545
116.59911616;100.91879017;90.07093664
109.91598183;94.94723183;84.34861592
109.90938581;94.91425173;84.22102076
106.23834279;91.48393195;81.14350977
106.83920848;92.12775735;81.77557310
105.09872405;90.49643166;80.26951773
108.97118916;94.11225895;83.41615014
99.89776307;86.10769796;75.18473010
102.98306973;89.04767209;77.89908666
110.37810651;95.92349112;84.14585799
117.89730749;102.85048127;90.40842872
112.38092041;97.74792480;85.86187744
110.84954834;96.28533936;84.58575439
110.29400635;95.68823242;84.15985107
109.73858643;95.01257324;83.50866699
108.00329590;93.41217041;82.13513184
103.65748393;89.44524793;78.61208678
103.69331361;89.51420118;78.76828402
107.34838867;92.99462891;81.96600342
107.77923584;93.16949463;82.23309326
113.52380333;98.46975806;87.09228668
111.63025951;96.56027967;85.41112371
105.88130178;91.17177515;80.56307692
104.42154500;89.80985996;79.42320937
102.62551653;88.32415060;78.19846189
102.62591827;88.35399449;78.21751607
110.66899723;96.05183925;85.44324767
119.87694444;104.51131944;93.26187500
106.15769231;91.94124260;81.82136095
106.18366864;91.95964497;81.83491124
113.39880333;98.50104058;87.94289802
110.65079365;95.90797430;85.61218191
113.30586629;98.43782518;87.82043444
112.82674298;97.98978928;87.47788762
108.15405273;93.76568604;83.61602783
110.38353490;95.61444948;85.39096750
116.17703574;101.14142704;90.54152110
126.91666667;110.61409722;99.67444444
130.59013215;114.10463947;103.00043091
134.10798157;117.17746730;105.90896254
124.48280032;108.25873421;97.70962107
121.57043444;105.60477367;95.29461498
124.11851653;107.90499866;97.40701424
127.31520833;110.86520833;100.19465278
128.18340278;111.55951389;100.85333333
128.16986111;111.54777778;100.84208333
132.41044240;115.37453318;104.40326056
127.11253695;110.52277614;99.98091911
123.88475546;107.60444849;97.24564256
129.25416667;112.71236111;101.88888889
142.02838010;124.18056441;112.48971620
135.86972354;118.79057669;107.59066587
135.51144471;118.56703329;107.37611474
132.25179546;115.59113760;104.63214594
128.83194444;112.47375000;101.73375000
123.03089230;107.19536941;96.85965140
125.94712443;109.81375974;99.30374899
135.10315101;118.16067182;107.00118906
128.18784722;111.64159722;101.04791667
123.69289802;107.67247659;97.46078304
130.24972222;113.72541667;103.05611111
130.05395833;113.54611111;102.88923611
135.52080856;118.26441736;107.26278240
129.06833333;112.38930556;101.83638889
120.63523558;104.72593852;94.75396825
127.57182209;111.03009944;100.62174147
127.54575383;111.00342650;100.59614351
126.17403628;108.90715545;99.87622827
138.37941683;119.96631715;110.25043091
131.78305563;114.07034399;104.56140822
131.53883365;113.86515722;104.18099973
131.54011019;113.86643375;104.18227627
137.86684861;119.74648090;109.70726803
125.96592341;108.88687327;99.56922399
125.70370370;108.66150164;99.35745780
128.98296046;111.60809053;102.04955775
121.60809326;104.84600830;95.69531250
124.79106828;107.77954145;98.43675989
124.91717057;107.89411691;98.55171328
126.89873829;109.62486993;100.13586108
126.93021592;109.63982830;100.15381113
132.91930556;115.04750000;105.19527778
133.04263889;115.13180556;105.27298611
130.14028487;112.52465735;102.77143241
133.63006944;115.73895833;105.72527778
127.08500260;109.74297607;100.12812175
126.38963319;109.10379813;99.53199792
129.27700887;111.72124429;101.95545552
122.86785084;105.90753338;96.41376921
128.39653319;110.85890890;101.01014512
128.31416286;110.78634776;100.87637732
119.88671875;103.13769531;93.76617432
119.88623047;103.13500977;93.76611328
119.92895508;103.16711426;93.79229736
122.66666667;105.65810028;96.09284455
119.48620605;102.72442627;93.37078857
126.15966441;108.90420135;99.16850937
118.84228516;102.34307861;92.76525879
118.20526123;101.62463379;92.06927490
118.65209961;102.04534912;92.39227295
118.38421631;101.66442871;91.98675537
118.38012695;101.66131592;91.98364258
121.98255228;104.98595364;95.04295792
117.12994083;100.68130178;91.17041420
117.22005917;100.77810651;91.26538462
126.12317898;108.85672477;98.74824402
126.07706816;108.82219043;98.71910770
125.46592092;108.07804370;98.02484391
125.50533299;108.12500000;98.06223985
125.58162071;108.19634495;98.12773153
125.61296826;108.22691207;98.15985952
125.61095213;108.22489594;98.15784339
125.57823881;108.19270291;98.12526015
122.53048627;105.45584530;95.57634165
122.49111867;105.40356513;95.56865709
121.87301587;104.93613001;95.17120181
121.84473419;104.91162761;95.19091711
122.22820610;105.29006047;95.56046863
116.37349112;99.98863905;90.64366864
121.84095490;104.83270345;95.22140338
122.37081129;105.25031494;95.58534895
117.42994083;100.78254438;91.43307692
123.20968758;106.00157470;96.27028219
123.20502646;105.98173343;96.25913328
123.15570673;105.93512220;96.21630134
128.87899758;111.03392905;100.92918570
120.51641846;103.58349609;94.02606201
127.46800202;109.41395818;99.71900983
122.65917160;105.12366864;95.73384615
122.68739645;105.13573964;95.78295858
125.41357422;107.60485840;98.00054932
123.37455621;105.81053254;96.34207101
125.98706055;108.18591309;98.58074951
128.80045351;110.74577979;100.96365583
129.50251953;111.43449232;101.62723608
129.68039809;111.57180650;101.75755858
132.99681322;114.65316077;104.65452653
132.47652185;114.12025234;104.13813736
135.47675356;116.84271701;106.68550121
135.43550121;116.79756786;106.64230046
131.73296046;113.37662591;103.45844173
128.79289494;110.72782817;100.99067775
130.95044225;112.63215401;102.74687825
129.39556563;111.33232552;101.54610733
125.99194336;108.19836426;98.61407471
128.38769211;110.29919375;100.58484505
128.39562862;110.29894180;100.58459310
128.38240111;110.28363568;100.55952381
129.03004535;110.91484001;101.15154951
129.08780549;110.94293273;101.17642983
125.61431885;107.77923584;98.20660400
125.59594727;107.75073242;98.18194580
128.34158478;110.22411187;100.48267826
128.35966238;110.24729151;100.50755858
131.94862123;113.53986733;103.59547347
131.26638918;112.86752081;102.95278356
131.96481530;113.55476067;103.61088710
132.23636119;114.19033862;104.55475679
131.94087611;113.93738242;104.32585327
131.68120129;113.77190271;104.11233539
131.72124429;113.80999731;104.14888471
128.74531738;111.13495057;101.65049428
128.75806452;111.14548647;101.64366545
125.35147392;108.02947846;98.70275888
125.30234316;107.99880322;98.67334341
129.76625907;111.99462510;102.44477291
132.38368056;114.30888889;104.60840278
132.38222222;114.30743056;104.60694444
132.37104167;114.30111111;104.60381944
127.48569199;109.98439126;100.65055931
119.65455621;102.85094675;93.93408284
119.79911243;102.91142012;94.04485207
119.78431953;102.91337278;94.05307692
127.14073881;109.50578824;100.26534860
127.14769771;109.51313736;100.27243757
133.29319444;115.07006944;105.48416667
127.12343913;109.52926639;100.29552549
127.11400884;109.51899063;100.28524974
125.02349458;107.68480726;98.54868985
119.65952663;102.83384615;93.98378698
134.31562500;116.19687500;106.50916667
127.49778876;109.96266909;100.67898023
127.49791883;109.97496098;100.61524454
127.50351197;109.98107440;100.61960198
127.47860302;109.95187305;100.59027055
125.38529856;108.10374150;98.84152179
128.83695369;111.28004683;101.82258065
129.16512747;111.54572060;101.75585328
128.46631113;111.01827523;101.22535120
124.99716553;107.80555556;98.26757370
130.96499597;113.20337275;103.22937382
127.75344693;110.33812435;100.54968783
127.82667794;110.38670656;100.59690427
127.77712019;110.33123049;100.56347555
127.76977107;110.30781738;100.59599376
127.73322060;110.27360822;100.56932882
124.83755354;107.65199043;98.12427564
124.93631897;107.75692870;98.21938776
128.45909209;111.00026015;101.24746358
127.81783299;110.37799168;100.65790843
128.51619407;111.03908689;101.25793444
130.96761623;113.21882558;103.29904596
127.25858481;109.81035380;100.11062695
122.78472900;105.86047363;96.40759277
122.78796387;105.86370850;96.41082764
122.18591309;105.27392578;95.86230469
114.88054132;98.65031187;89.67520606
116.93818871;100.48163453;91.39789945
122.21649170;105.29150391;95.88250732
124.40293525;107.23658352;97.69753086
127.14847815;109.74538241;100.04923257
127.14438085;109.74180541;100.04461498
121.53308105;104.65209961;95.31079102
121.52972412;104.64630127;95.30371094
121.59680176;104.70275879;95.35516357
117.42980946;100.99053030;91.89761249
117.39801423;100.95041322;91.85060836
119.14382461;102.42625115;93.44168962
121.64343195;104.70662722;95.60497041
121.63372781;104.68644970;95.59153846
116.67893740;100.17904879;91.35213856
116.70010025;100.18734685;91.38811539
121.66887574;104.72508876;95.65295858
120.32736455;103.60950413;94.57541322
122.38633136;105.45426036;96.21751479
126.42871094;109.21911621;99.74432373
124.59204102;107.31439209;98.01306152
123.17928994;106.15816568;96.90402367
125.19702148;107.92773438;98.58190918
127.29572940;109.75825145;100.34687579
131.64132414;113.77978668;104.09729448
125.82507324;108.52496338;99.15112305
125.85858154;108.55828857;99.18316650
125.85980225;108.55902100;99.18420410
125.84228516;108.56250000;99.17687988
125.83496094;108.54467773;99.15832520
118.04978837;101.51542660;92.55986857
117.72003787;101.13989753;92.23217866
120.35439624;103.52674472;94.46258035
123.56852071;106.48538462;97.23035503
123.56970414;106.48656805;97.23147929
131.71104318;113.73029396;104.06028876
131.72639178;113.73835848;104.06705255
123.61704142;106.50384615;97.27159763
123.52437870;106.41585799;97.20124260
126.37103271;108.97845459;99.59588623
120.34991965;103.49649908;94.46120294
122.51639053;105.01875740;95.84520710
120.48192149;103.22469008;94.17332415
120.51245409;103.24936869;94.18985308
120.41483012;103.16701102;94.12873049
120.32828283;103.13624885;94.09142562
120.36822773;103.16724059;94.13010790
120.33149679;103.13223140;94.09882920
120.33849862;103.16890496;94.12258953
120.33729339;103.16672406;94.11989210
120.35319100;103.18336777;94.13894628
120.38888889;103.21941001;94.17573462
123.05905325;105.61650888;96.42112426
123.07982249;105.63272189;96.43852071
120.49139118;103.28587006;94.22618228
123.71278107;106.26751479;97.02301775
123.69928994;106.25473373;97.01011834
123.68846154;106.24171598;96.99526627
123.95804734;106.55615385;97.29124260
127.67139078;109.75951121;100.24193752
127.00144873;109.10739481;99.63863694
126.99855127;109.10424540;99.63435374
127.43285462;109.51751071;100.01310154
125.36932373;107.72222900;98.34197998
124.86462402;107.10339355;97.75585938
124.14172363;106.41021729;97.11407471
126.19035021;108.20433359;98.79421769
122.79698225;105.30396450;96.07828402
124.86743164;107.12341309;97.74670410
124.90057373;107.16101074;97.78930664
122.32213018;104.84307692;95.59733728
124.02337278;106.51414201;97.14467456
123.89698225;106.43295858;96.98112426
123.86230769;106.35337278;96.89994083
123.88437870;106.37781065;96.85183432
120.64652204;103.39881772;94.07799587
126.03314209;108.28906250;98.53833008
122.78325444;105.22142012;95.74455621
123.36005917;105.80982249;96.28905325
116.64554498;99.86824178;90.74675606
121.28374656;103.96929522;94.56869835
121.74988522;104.43124426;94.97578053
121.30710514;103.98157713;94.56496786
116.38143382;99.57050173;90.46328936
118.61650702;101.53931833;92.29160169
124.43573964;106.85940828;97.25189349
121.74426079;104.39766988;94.96499082
121.73042929;104.39761249;94.98857897
121.70661157;104.37442608;94.96539256
121.72589532;104.39267677;94.98398760
127.34954834;109.48986816;99.71850586
126.68286133;108.82836914;99.11334229
132.06835328;113.74655307;103.72899324
129.19425548;111.11211892;101.33188461
123.06260355;105.51792899;96.11928994
121.02852388;103.73174931;94.45144628
120.93170340;103.65197429;94.37006428
120.38665060;103.10594582;93.85307622
122.98840237;105.45964497;96.03082840
123.57000000;106.03437870;96.56189349
120.89904729;103.61604683;94.32116621
128.57634165;109.83024691;100.74055178
128.52897455;109.80120937;100.63170824
132.39405567;113.29481009;103.80150884
125.73834229;107.30059814;98.21051025
129.34586798;110.58774250;101.29195011
129.52645503;110.73715042;101.42687075
126.54174805;108.09802246;98.93621826
131.96930281;112.93945109;103.38950312
126.61633301;108.17559814;98.94201660
123.75562130;105.61360947;96.55715976
125.29406738;106.97808838;97.82904053
128.82294029;110.19847569;100.79125724
129.43864953;110.84196271;101.34536407
129.43864953;110.84259259;101.34549005
129.45194004;110.83566390;101.34511212
136.21937500;116.75576389;106.87020833
123.00082840;105.08331361;95.89633136
123.05325444;105.14053254;95.95029586
123.03278107;105.12396450;95.93295858
123.03177515;105.12065089;95.92757396
133.09170922;114.08693899;104.29951626
127.36615016;108.92762661;99.47297808
130.24928460;111.49629292;101.88332466
127.45867977;108.98841018;99.53061224
128.13378685;109.64336105;100.17000504
124.62823486;106.42919922;97.15924072
130.14743757;111.39932362;101.80716701
122.38769231;104.43479290;95.31053254
124.50476074;106.31109619;97.04840088
122.39928994;104.44674556;95.30183432
127.13928223;109.19750977;99.33325195
119.50089107;102.32223212;92.89942081
119.06120517;101.89580085;92.46168412
119.56699710;102.39000891;92.92648697
125.19029586;107.47301775;97.62970414
125.18497041;107.42881657;97.59650888
133.00136576;114.45545005;104.11062695
128.01568604;110.01123047;99.98992920
127.36505127;109.43054199;99.45373535
124.61994083;106.95644970;97.15822485
127.44104004;109.48718262;99.49377441
124.05834320;106.39928994;96.55189349
122.31651745;104.93744261;95.20506198
122.33149679;104.95695592;95.17957989
122.33172635;104.95718549;95.17963728
122.11903122;104.79763545;95.01934114
122.16236226;104.82426538;95.05010331
124.37254438;106.79473373;96.86834320
125.42382812;107.64959717;97.67871094
128.90142353;110.84410431;100.64474679
134.04474604;115.42347487;104.87557108
130.92735432;112.62922737;102.27211238
125.32067871;107.56750488;97.57452393
128.08805745;110.07231041;99.90614764
125.38177490;107.63525391;97.68475342
125.38433838;107.63781738;97.68731689
130.99330125;112.72300989;102.38358481
131.76632414;113.46878252;103.08337669
125.04858398;107.35656738;97.42877197
130.65231530;112.45083247;102.12337409
126.84552002;108.94537354;99.21978760
126.17724609;108.37304688;98.67883301
126.17297363;108.36755371;98.67358398
123.47538462;105.94047337;96.41136095
123.48556213;105.94082840;96.41230769
126.26666260;108.44476318;98.74645996
126.21032715;108.40362549;98.63085938
123.42254438;105.83816568;96.24112426
123.48307692;105.84142012;96.22662722
126.24468994;108.32666016;98.54425049
128.50182666;110.31191736;100.40091963
128.47644243;110.28691106;100.37698413
125.62207031;107.72125244;97.96319580
128.63737717;110.42762661;100.48293021
129.22215923;110.98047367;101.03080121
126.39123535;108.45703125;98.68804932
118.17620851;101.03831588;91.76720873
129.26782565;111.03817082;101.09624591
131.58415713;113.05710198;102.97398543
130.91928980;112.41493236;102.37773153
130.14223465;111.65706296;101.67156608
128.72266314;110.49288234;100.58610481
131.70603538;113.19107700;103.00956035
128.86344167;110.65236835;100.66402116
135.67320613;116.78413061;106.51068261
135.62389143;116.74502822;106.47655200
127.51654053;109.42065430;99.69915771
127.41918945;109.34112549;99.63067627
129.63844797;111.35374150;101.51845553
129.70112119;111.38214916;101.55914588
131.43216175;113.07243638;103.44463341
129.13116455;111.08197021;101.56213379
129.13293457;111.08374023;101.56390381
131.98015873;113.63517259;103.93065004
127.92480469;109.89343262;100.39111328
128.78015137;110.71405029;101.09606934
128.84851074;110.69677734;101.00744629
130.51593600;112.09567901;102.33352230
129.92120181;111.45653817;101.72392290
124.23621302;106.35313609;96.94940828
124.13597633;106.23834320;96.86414201
129.78199798;111.32583774;101.62969262
129.76946334;111.33893928;101.64783321
129.45716805;111.15003779;101.15898211
123.69526627;106.22733728;96.21952663
132.37415453;114.04708637;103.43925598
131.72385536;113.40381113;102.83162071
136.32235958;117.68798710;106.85131685
132.59820499;114.21546566;103.60535900
131.09027055;112.75429240;102.16597294
134.61468691;116.04750067;105.24180328
130.70174298;112.50461759;101.85958637
133.74489385;115.24543134;104.40352056
130.65244537;112.47983871;101.84983091
134.42320613;115.91003762;105.02606826
134.95303682;116.44900564;105.53701962
131.92969563;113.73913892;102.99369147
131.24265088;113.06965401;102.36524454
134.30610051;115.81550658;104.89901908
130.44231270;112.34254683;101.59137617
132.15840278;114.16180556;102.79208333
128.81281913;111.22567858;100.05206934
128.35165278;110.74737974;99.71042730
131.89888889;114.03312500;102.73069444
131.94222222;114.07562500;102.77486111
131.97062500;114.10312500;102.80277778
128.44974469;110.91843590;99.86193228
128.43523246;110.90385649;99.84412792
125.63690166;108.44328824;97.59800989
123.09303351;106.19885362;95.51549509
123.11331570;106.21560847;95.52828168
122.65954900;105.75415722;95.11098513
123.06607458;106.17176871;95.49659864
132.04034722;114.20104167;102.88826389
132.08569444;114.23138889;102.90638889
128.41023918;110.99066111;99.57665950
128.43529965;111.01222790;99.59305294
122.63378685;105.82615268;94.84662383
122.63391282;105.82627866;94.84674981
127.51142166;110.15520021;98.80993013
124.68750000;107.67059053;96.52516909
124.49460198;107.52113684;96.40101457
123.70096254;106.70395421;95.65693288
130.02375000;112.40673611;100.86319444
124.12155307;107.07043444;96.01125130
129.97090278;112.29111111;100.78395833
123.64347034;106.59274194;95.56607700
123.21715661;106.15576223;95.16818418
127.21002419;109.86213383;98.56718624
124.50851977;107.35665973;96.24993496
129.10736361;111.49140016;99.92884977
132.62111111;114.66326389;102.76972222
132.62013889;114.66256944;102.76875000
132.69041667;114.70659722;102.81229167
133.40048611;115.41236111;103.48250000
130.29246170;112.60037624;100.92098898
133.42201389;115.44902778;103.50722222
133.40979167;115.44402778;103.50951389
134.18152778;116.18534722;104.19173611
133.34277778;115.41340278;103.46437500
133.77569444;115.87909722;103.89416667
130.01330288;112.44302607;100.74334856
133.12659722;115.24430556;103.30222222
133.08131944;115.20625000;103.27277778
136.00632002;117.84027578;105.66374605
136.08488940;117.89880781;105.71380350
136.18019247;117.98843723;105.79345016
136.16927607;117.97752083;105.78253375
135.80242746;117.70798621;105.51960643
130.21445848;112.71418973;101.01478097
133.83340278;116.07729167;104.12548611
133.18243056;115.43506944;103.53868056
133.91236111;116.14451389;104.18895833
133.24451389;115.50520833;103.64527778
133.40361111;115.66125000;103.80805556
133.42951389;115.71812500;103.89555556
132.87583333;115.18486111;103.39701389
132.86729167;115.17631944;103.38840278
132.88958333;115.19388889;103.41673611
135.20554438;117.32648664;105.39873600
127.21083042;109.69383230;98.32437517
124.54078205;107.38296157;96.20868046
124.37866165;107.18173878;96.01531846
121.07550728;104.21188866;93.28349376
121.26781998;104.44205255;93.51274714
127.52236111;110.01277778;98.62006944
117.93575208;101.32854623;90.64480978
117.85733182;101.26347947;90.58068783
117.85682792;101.26297556;90.58018393
121.11049688;104.27659990;93.35067638
120.89932362;104.02211238;93.12077263
120.99466701;104.11537461;93.20018210
121.02367326;104.14334027;93.22795265
118.08919123;101.53539934;90.85159990
118.10311162;101.54465860;90.86029227
124.22843322;107.06470035;95.90929858
124.23011287;107.06638001;95.91097823
124.23233002;107.05972857;95.93724805
124.22769417;107.05166622;95.92858103
120.98146462;104.10360302;93.24843913
120.97925338;104.10288762;93.24863424
120.97671696;104.10132674;93.24726847
120.96013267;104.08233611;93.22977367
120.92410250;104.06171956;93.20141779
120.93249220;104.07010926;93.20941727
121.28108741;104.41675338;93.53973725
124.52123085;107.39035206;96.26397474
124.85649019;107.61186509;96.45021500
118.72877299;102.09593096;91.39342404
118.85997732;102.11671706;91.43896447
124.95361328;107.52410889;96.65966797
126.14971924;108.71740723;97.75640869
135.19752755;116.72957538;105.13262564
126.79241943;109.23260498;98.23529053
129.68606702;111.78728899;100.64058957
126.32110596;108.71142578;97.81262207
134.98427842;116.64834722;105.08841709
127.72574956;110.12484253;99.11085916
128.52103804;110.90904510;99.83982111
128.31298816;110.70187705;99.70962459
133.51840903;115.32968288;103.97742542
123.08792899;106.00207101;95.37976331
122.90408284;105.80236686;95.16668639
125.49468994;108.11322021;97.31311035
124.50927734;107.10076904;96.37915039
132.87093523;114.59641225;103.33364687
132.84762161;114.57309863;103.31033324
130.43697971;112.42865505;101.32427159
130.46923777;112.45818158;101.35223725
127.65709247;109.88177123;98.98368607
130.61153746;112.54285900;101.45115765
132.44604945;114.10501209;102.91863746
136.27798611;117.63666667;106.19638889
128.33805745;110.59234064;99.61898463
124.88226318;107.44061279;96.71643066
132.01444504;113.75826391;102.55119592
127.07331822;109.37868481;98.51234568
125.59222412;108.16479492;97.41552734
131.48842352;113.46234391;102.30820760
134.41615157;116.09325450;104.72480516
135.65795485;117.38249127;106.07854071
132.60217222;114.59924558;103.48283039
126.40997314;109.02825928;98.33270264
125.80426025;108.41351318;97.72625732
125.80224609;108.41204834;97.72454834
129.18417737;111.52714790;100.58490804
131.48796826;113.56048387;102.46514048
137.30534722;118.74611111;107.17576389
134.81671594;116.62046493;105.25382962
130.98673257;113.07082466;101.88878772
131.42527315;113.55020812;102.30170395
131.40081946;113.52581946;102.29350937
134.57760011;116.38067724;104.91433754
134.54776942;116.36455254;104.90526740
137.74687500;119.24076389;107.55361111
137.58166667;119.19368056;107.46152778
134.96990056;116.89680193;105.39478635
137.55312500;119.15604167;107.49993056
131.82023933;114.04702133;102.79415973
134.30052405;116.22708949;104.80421930
131.84781478;114.08975026;102.80463059
134.37711637;116.29279764;104.83391561
137.52944444;119.16340278;107.48145833
137.62173611;119.26159722;107.58472222
135.05818328;117.01807310;105.52136522
134.45343994;116.39431604;104.92542327
135.13020693;117.08754367;105.58915614
135.15573770;117.11750873;105.61663531
137.78944444;119.41680556;107.73263889
134.55563021;116.49959688;105.03507122
146.54001231;127.19567559;115.05547861
139.96394714;121.38078138;109.72098535
133.90916420;116.01887933;104.77626982
136.20041667;118.09750000;106.67402778
136.27236111;118.16625000;106.73909722
136.31152778;118.19270833;106.75826389
136.52840278;118.37798611;106.97458333
136.87097222;118.70201389;107.33381944
131.25039022;113.67241155;102.68125650
131.20694589;113.64353538;102.65829865
137.43166667;119.29395833;107.88673611
131.28212799;113.73302549;102.76684443
130.21091311;112.71383975;101.81932882
127.18720081;109.98135551;99.31059461
127.14581759;109.93890149;99.26965231
132.52170116;114.73333781;103.65956732
132.46506316;114.67199678;103.59553883
127.00365331;109.78590325;99.07930209
127.30479970;110.12792895;99.43883850
124.26007080;107.36035156;96.86456299
129.95727107;112.46559573;101.55508585
129.12870708;111.67689906;100.63599116
132.12375705;114.37940070;103.18489653
131.76773717;114.03392905;102.84842784
123.17871094;106.38116455;95.73901367
129.18652445;111.81406087;100.74232570
125.96359284;108.92038297;98.04585538
125.98582766;108.94614512;98.03199798
125.76946334;108.79617032;97.89449483
128.77672997;111.51450312;100.41363163
128.32231041;110.84901738;100.49533888
134.36912120;116.31617845;105.48327063
134.35198871;116.30724268;105.47574577
128.06569665;110.64499874;100.21516755
128.12339380;110.70086924;100.27683296
130.39802289;112.78342872;102.12460978
134.11065574;116.18637463;105.29299919
134.14398011;116.24952970;105.34029831
134.16789841;116.26766998;105.36455254
134.16232196;116.26558721;105.36260414
134.23293469;116.19893846;105.21022575
134.23595808;116.30999731;105.16285945
134.22110992;116.33384843;104.98340500
134.61307444;116.78164472;105.37113679
137.99826389;119.84562500;108.19187500
137.98694444;119.82236111;108.17465278
137.97083333;119.81229167;108.13951389
137.97618056;119.81326389;108.13291667
137.41437500;119.23236111;107.59069444
137.39243056;119.22062500;107.57715278
134.49449073;116.66521096;105.22923945
134.03070411;116.17717012;104.76699812
134.19961032;116.39028487;104.97312550
134.18126848;116.37913195;104.96271164
133.73441279;115.91259070;104.52331363
133.82377049;115.99832034;104.61314163
133.82880946;116.00147810;104.61280570
131.10035120;113.59280697;102.39951873
131.09892040;113.59137617;102.39808793
133.70673206;115.88746305;104.50134372
132.20330556;114.40513303;103.18751680
134.34854167;116.41437500;104.98687500
131.73233002;114.11797904;102.89109110
129.15725806;111.89334027;100.85067638
134.45395833;116.53479167;105.11763889
137.37841138;119.10183855;107.49296179
131.32692825;113.71056168;102.53030099
131.86173072;114.26921526;103.05442085
128.71240895;111.42696410;100.42800468
128.34853018;111.11231790;100.12662591
130.84520290;113.28386187;102.13571621
134.03784722;116.16909722;104.79444444
131.44450417;113.89048643;102.71264445
137.34049124;119.15211146;107.56693479
136.67164608;118.52104280;106.95547257
130.57262833;113.06026606;101.98441279
136.36692043;118.21653261;106.72378627
139.89283591;121.41513080;109.67917658
137.00452456;118.85758403;107.32497845
137.03382649;118.88868141;107.35923585
140.73573127;122.28314507;110.52132878
136.95389256;118.79388107;107.28353921
137.50761275;119.36605860;107.82785119
136.95511347;118.78957196;107.27736283
140.50230380;121.99494649;110.22688763
140.48268430;121.97993460;110.21514566
137.05551566;118.87977593;107.35205401
140.27630797;121.78953627;110.04124554
143.59372114;124.79047399;112.81625115
137.42071244;119.27111462;107.73355358
133.97625000;115.84666667;104.92152778
131.16554690;113.35420586;102.58304219
133.64722222;115.54986111;104.61777778
133.64243056;115.54645833;104.61506944
133.88611111;115.78847222;104.86013889
128.87259365;111.36361863;100.76684443
131.36166353;113.56543940;102.80798173
131.36320881;113.56698468;102.80939264
128.97014828;111.45824662;100.85607440
127.44923154;110.20439657;99.70049131
140.88607313;122.24152794;110.68110880
140.83561237;122.19664090;110.61258918
138.21610169;119.88623959;108.48721632
138.16503878;119.83582304;108.43995978
140.78827289;122.14714625;110.56272295
134.47069444;116.40944444;105.24881944
131.94248858;114.18590433;103.19221983
140.86169738;122.22592152;110.64350476
138.02118644;119.72062626;108.27786556
140.48796076;121.83189655;110.22569857
140.75230380;122.13882283;110.51939655
140.54949465;121.96626040;110.31740488
140.47057075;121.89231570;110.25193222
140.43363555;121.84401011;110.20124851
140.47361772;121.88949168;110.23736623
137.86742315;119.57986211;108.09968400
134.13972222;116.13847222;104.91069444
134.13944444;116.13819444;104.91041667
137.76120368;119.49253088;108.01845734
137.77420282;119.50517093;108.02707555
131.19933663;113.86030177;103.63995838
131.13631634;113.80053330;103.58682362
125.95605469;109.15820312;99.27111816
123.17349112;106.61674556;96.89928994
125.22656250;108.43359375;98.59552002
123.72686391;107.16869822;97.42562130
125.91735840;109.10211182;99.22943115
123.85142012;107.27585799;97.51704142
123.25213018;106.68023669;96.95786982
134.74543134;117.10440742;106.64203171
134.73743617;117.09479979;106.63685837
134.54689600;116.83492341;106.39888471
132.73414405;115.02559796;104.70874765
130.41142040;113.00019511;102.69920656
133.37100242;115.69484010;105.18798710
133.37993819;115.70505241;105.20122279
133.30139747;115.64626445;105.12946788
128.79643600;111.42806972;101.20967742
128.79227367;111.42390739;101.20551509
136.21291667;118.22881944;107.50493056
133.17186240;115.51760279;104.91420317
132.29790379;114.67522171;103.81302069
130.68435904;113.25826391;102.40069874
121.60272217;105.02911377;94.79797363
114.72527289;98.74476498;88.92069503
117.07879936;100.87235996;90.90249082
117.64744031;101.44094353;91.42975207
112.13073097;96.37764922;86.72507569
114.75991312;98.74732680;88.91384495
114.59656939;98.61511472;88.75829806
117.83966362;101.18261305;90.78681221
117.40175986;100.70539096;90.26331031
117.43355981;100.73774783;90.29588995
119.37419651;102.32311754;91.77599862
111.86946020;95.52163411;85.50084016
111.55623819;95.29683890;85.27263180
111.59682840;95.32834489;85.30387524
113.78557526;97.27249135;87.10759083
114.33434256;97.89538279;87.68106618
115.04449766;98.47232123;88.22638672
114.60520160;98.14424148;87.70115839
112.44842949;96.17860325;85.85520160
112.44247048;96.17264424;85.84924259
117.62857988;100.89852071;90.19236686
110.08385597;94.08845156;83.95025952
109.85040009;93.94290657;83.78984645
109.89013841;93.98961938;83.77178849
115.34682048;99.00407484;88.38986455
115.15553260;98.76939853;88.13309229
115.33735078;99.00510790;88.30245638
112.37018267;96.27712185;85.74353976
109.80417388;93.92976860;83.52027465
109.77714100;93.90787197;83.50637976
109.76157007;93.85948313;83.47788711
112.16724215;96.03369347;85.46847850
117.53686391;100.87337278;89.84982249
121.51538086;104.64685059;93.33032227
121.49096680;104.62475586;93.30847168
115.55819559;99.21430211;88.34412305
118.28414201;101.59331361;90.52514793
113.09154040;96.61954775;86.11742424
111.72801882;95.34119605;84.89273416
124.67923611;106.54062500;94.87104167
119.26742976;101.97704214;90.72957856
116.45729403;99.50251953;88.48897707
119.29944570;102.33465608;91.25075586
113.76710059;97.97775148;87.42573964
122.18190687;105.59085588;94.42976067
128.69833333;111.59784722;99.91784722
128.69798611;111.59597222;99.91638889
129.17604167;112.08444444;100.37777778
126.03896802;109.35239183;97.85911045
118.67409927;102.97808012;92.00239355
114.75445557;99.58563232;88.85052490
116.55365505;101.40966441;90.71006764
116.14815297;101.36023673;90.73484651
108.05384615;93.93112426;83.93479290
105.53340220;91.56169651;81.74225207
103.10085765;89.30964580;79.68723546
105.49776171;91.48989899;81.68520432
108.29656805;94.14893491;84.14177515
110.68847656;96.30737305;86.12091064
119.32235958;104.21822091;93.35507928
116.27386837;101.45284860;90.83766909
119.39317388;104.34063424;93.48421123
119.26672937;104.17643107;93.31953776
119.44537759;104.37725074;93.52586670
113.46560847;98.86079617;88.47026959
116.22313996;101.40888398;90.80723205
113.67605190;99.08969514;88.70332577
102.84216975;89.40008911;80.23212297
107.62887574;93.79047337;84.27420118
102.77411450;89.31794386;80.16696369
104.71854913;91.25080349;81.99598255
102.16172867;88.82640900;79.73925150
102.27545110;88.98323680;79.89969926
104.53351699;91.04258494;81.78650138
101.36845623;88.12057251;79.01236356
107.02076923;93.26437870;83.69958580
102.25178213;88.85921141;79.65059033
97.45100819;84.57613947;75.72516278
101.69102250;88.43846068;79.25194921
99.49502595;86.41376514;77.39662630
101.88187792;88.69503230;79.52851415
109.06140137;95.28961182;85.58074951
103.73444674;90.28868228;80.93904959
101.40966808;88.16206282;78.98496324
106.20911243;92.62041420;83.09899408
103.58235767;90.16310836;80.81422176
102.79625803;89.42011019;80.16701102
107.33709717;93.54956055;83.95263672
102.86174242;89.53334481;80.29120753
110.44734190;96.52210884;86.72612749
105.26715976;91.72710059;82.23011834
102.98381543;89.65438476;80.32506887
98.20177336;85.07125865;76.05293036
101.60439624;88.22348485;78.97044307
101.28294307;87.94932277;78.60984848
103.61573964;90.12230769;80.61698225
103.55816568;90.07579882;80.57437870
106.20839073;92.61375115;82.84831267
114.00308642;99.84391534;89.51045603
105.91982323;92.33241506;82.59136823
108.51650888;94.74822485;84.80786982
103.53826019;90.09467587;80.50969035
103.55357541;90.10653820;80.52227668
103.51737581;90.07585208;80.48947427
103.43929606;89.99738249;80.43278013
105.85921717;92.29074839;82.50137741
105.84136823;92.27037420;82.48002755
105.82834022;92.24879477;82.46407254
105.72067264;92.09527089;82.31192608
108.30431953;94.50467456;84.52408284
110.74011230;96.74761963;86.58654785
105.92498852;92.37580349;82.58201331
105.92791552;92.37442608;82.58436639
108.34502959;94.58781065;84.60514793
103.37051682;89.93846068;80.32401426
108.48325444;94.76218935;84.78952663
111.04010010;97.08703613;86.92285156
108.44378698;94.72372781;84.75627219
108.27887574;94.52479290;84.56715976
105.77519513;92.19100092;82.40656566
105.77163682;92.18434343;82.39956382
103.40894409;90.05619292;80.45717309
105.74190771;92.18537649;82.41109963
103.44581198;90.09578971;80.49676988
105.77312902;92.22159091;82.45265152
103.42726665;90.08242370;80.48958565
103.49337269;90.14429717;80.54572288
113.11577223;98.71334089;88.46781305
110.33544922;96.23376465;86.17083740
115.49752862;101.03453434;90.61218783
111.57319224;97.43096498;87.28621819
110.99250441;96.89840010;86.75667674
114.28687565;99.98582206;89.60347294
108.43981934;94.48883057;84.46868896
110.97045855;96.84070295;86.65199043
108.58721924;94.66040039;84.67590332
108.80682373;94.96771240;84.99688721
106.08905325;92.40443787;82.62840237
103.61771120;90.11025023;80.52622819
110.63788108;96.56601159;86.47134039
101.26286478;87.93523056;78.51626197
101.23535309;87.90376476;78.48707953
100.95216084;87.64407440;78.26375585
100.71474716;87.44581198;78.07507240
