5.484533
3.368073
2.098197
0.405028
-0.516824
-1.865615
-1.247857
-0.068836
0.556422
0.646794
0.874454
1.009906
0.327932
0.169250
0.124229
0.057387
0.072198
0.024627
0.253790
0.153236
0.026766
-0.043272
-0.050610
-0.042901
-0.209841
-0.018532
0.042756
0.083407
0.142029
0.235348
0.475787
0.551176
0.516415
0.449384
0.292013
0.166456
-0.181988
-0.108288
0.048016
0.094195
0.125393
0.225823
0.455830
0.336546
0.267541
0.305432
0.324289
0.148516
-0.091636
-0.038955
-0.268692
-0.436136
-0.587611
-0.793893
-0.768759
-0.666535
-0.406426
-0.177764
0.282789
0.629717
0.527735
0.350054
0.227743
-0.306688
-0.635371
-0.580009
-0.650987
-0.707652
-0.583365
-0.780517
-0.930818
-0.964435
-0.937810
-0.751844
-0.130382
0.187054
0.572072
0.808491
0.962535
0.654658
0.567315
0.523649
0.467244
0.560593
0.415545
0.267911
0.130861
-0.131882
-0.373086
-0.434265
-0.315598
-0.296592
-0.220563
-0.397477
-0.539522
-0.545070
-0.826127
-0.950286
-0.462147
-0.251939
-0.258131
-0.169730
0.303856
0.183038
0.362425
0.270688
0.215307
0.374266
0.583229
0.671033
1.010365
1.234025
1.007628
0.809583
0.642777
0.463144
0.336151
0.382079
0.369825
0.519269
0.349884
0.371560
0.041026
-0.156124
-0.459848
-0.557272
-0.468777
-0.238809
-0.111030
0.117145
0.289820
0.725097
0.557620
0.366816
-0.059060
-0.077080
-0.445005
-0.505836
-0.246807
0.121507
-0.083445
-0.445021
-0.579745
-0.950700
-1.218547
-1.284642
-0.876929
-0.637956
-0.390741
-0.027655
0.543553
0.639129
0.686417
1.110016
0.980596
0.808332
0.482192
0.357749
-0.031245
-0.193494
0.148640
0.035520
0.089367
0.055319
0.302795
-0.018225
0.236202
0.486212
0.469658
0.319909
0.201097
0.217513
0.109536
0.033290
-0.008166
-0.121854
-0.344891
-0.619108
-0.773341
-0.840180
-1.051761
-1.161008
-1.265288
-1.163728
-1.123784
-1.271173
-1.043675
-0.773383
-0.715844
-0.092369
0.049061
0.489006
0.668359
0.946888
0.959022
1.335317
1.251646
1.061238
0.857867
0.199843
-0.099395
-0.391636
-0.613254
-0.726596
-0.657001
-0.506128
-0.404241
-0.323718
-0.091670
0.159119
0.322927
0.230511
0.263321
0.037272
-0.411000
-0.596145
-0.610340
-0.526109
-0.365220
-0.045628
0.288512
0.438766
0.649701
0.769110
0.585793
0.423435
0.498665
0.524902
0.354073
0.433897
0.583146
0.379036
0.215469
0.051013
-0.038290
-0.459939
-0.735435
-0.802993
-0.861860
-0.723402
-0.544447
-0.501944
-0.364676
-0.299638
-0.208201
-0.167483
0.121483
0.048770
0.133916
0.234768
0.521937
0.382618
0.255804
0.315762
0.030449
-0.441982
-0.294548
-0.334724
-0.243275
-0.006497
0.343114
0.754339
1.189010
1.293811
1.110138
0.884116
0.222595
-0.468578
-0.997252
-1.170555
-1.141809
-1.017793
-0.876668
-0.545309
-0.563718
-0.330963
-0.232369
0.040088
0.232895
0.507055
0.418352
0.368276
0.486157
0.430129
0.475697
0.670026
0.873961
0.756019
0.754471
0.628637
0.565179
0.169013
0.109444
-0.141646
-0.145464
-0.454969
-0.310463
-0.362883
-0.452278
-0.570210
-0.727530
-0.914722
-0.984477
-0.990507
-0.738569
-0.503792
-0.260803
-0.173975
-0.052223
-0.113983
0.017570
0.203611
0.382437
0.635475
0.719561
0.722704
0.782342
0.694008
0.821907
0.985822
0.819168
0.438327
0.322187
-0.052613
-0.535995
-0.690526
-0.585941
-0.446421
-0.300336
0.019132
0.282009
0.358964
0.173687
0.389143
0.516116
0.392036
0.143235
0.078682
-0.315970
-0.672569
-0.777744
-0.571936
-0.111348
0.122886
0.133259
0.169084
-0.052234
-0.171318
-0.394295
-0.321727
0.102568
0.257097
0.156393
0.208405
0.089172
-0.305941
-0.326464
-0.553661
-0.741233
-0.559195
-0.604257
-0.517535
0.024806
0.330089
0.143913
0.169618
0.463623
0.383358
0.444983
0.939336
1.292947
1.050830
0.953798
0.877042
0.690418
0.561039
0.502241
0.070009
-0.040290
-0.114687
-0.403963
-0.302113
0.001438
0.035123
0.035160
0.236229
0.305344
0.282850
0.323810
0.121229
0.165959
0.191053
0.065842
-0.112894
-0.484232
-0.712166
-1.140575
-1.339719
-1.208419
-1.011827
-0.919809
-1.030147
-0.886531
-1.014236
-0.900743
-0.494818
0.085917
0.444459
0.822975
1.133974
0.773273
0.503783
0.218496
0.029963
-0.029255
-0.078695
0.037179
0.246591
0.235728
0.331003
0.388611
0.353319
0.368997
0.411568
0.437243
0.367847
0.266491
0.057973
-0.227497
-0.587814
-0.919154
-0.898512
-1.271543
-1.525626
-1.276259
-1.104553
-1.101750
-0.575733
0.001116
0.042178
0.409424
0.570962
0.444584
0.416593
0.379934
0.331968
0.143696
-0.000176
0.182453
-0.142693
-0.469800
-0.566056
-0.396892
-0.641524
-0.216988
0.135637
0.317171
0.313746
0.454287
0.472157
0.402178
0.556345
0.899366
1.097900
1.014972
0.821439
0.308442
-0.426348
-0.944021
-1.357634
-1.439536
-1.032182
-0.572593
-0.413964
-0.137979
0.083469
0.032830
0.356402
0.439423
0.619308
0.640753
0.678191
0.393555
0.487571
0.333056
0.118529
0.007350
-0.236233
-0.433228
-0.510553
-0.394434
-0.469956
-0.301931
-0.271622
-0.028689
-0.098057
0.024470
0.418603
0.696128
0.690019
1.055949
1.202176
0.724663
0.288021
-0.142012
-0.600156
-0.615519
-0.546079
-0.559349
-0.416261
-0.028975
-0.133810
-0.093322
0.238396
0.331747
0.067269
-0.060017
-0.261653
-0.417610
-0.462555
-0.027551
-0.345950
-0.160304
-0.034612
-0.086729
-0.403949
-0.174512
-0.266743
-0.366525
-0.229652
-0.225874
-0.174182
-0.162646
-0.268479
0.033038
0.196302
0.179626
0.499605
0.686023
0.429053
0.086493
-0.042286
-0.173812
-0.206753
-0.118403
-0.272625
0.144304
0.017189
-0.155494
0.493687
1.366502
1.639716
1.772668
1.885015
0.755829
0.142893
-0.241278
-0.812607
-0.653837
-0.223938
-0.155411
-0.093382
0.065715
0.038915
-0.178660
-0.131634
-0.471504
-0.322258
-0.380200
-0.246015
-0.338590
-0.203904
-0.041792
-0.056499
-0.191363
0.022628
0.202934
0.383037
0.876588
1.129913
0.808466
0.605977
0.266561
-0.314478
-0.768658
-0.709508
-0.604103
-0.177634
-0.241231
0.046539
0.520117
0.800162
0.629801
0.691450
0.973869
0.829889
0.490450
0.115736
-0.117260
-0.510038
-1.060952
-1.257893
-1.266070
-0.890364
-0.801060
-0.512617
-0.184326
0.175812
-0.299583
-0.181899
-0.256394
-0.205189
-0.237614
0.309802
0.608433
0.672478
0.748465
0.309057
0.117974
-0.250702
-0.471996
-0.512063
-0.147197
0.058238
0.183575
0.722458
0.730554
0.688161
0.592216
0.686843
0.560960
0.473184
0.415706
0.343559
0.120827
-0.028347
-0.118506
-0.254852
-0.409387
-0.808159
-1.203903
-1.268238
-1.213343
-1.229468
-1.109780
-0.831387
-0.833015
-0.706934
-0.698889
-0.538808
-0.028697
0.364836
0.508697
0.815580
0.994968
0.652454
0.474231
0.368823
0.187167
0.188337
0.335726
0.399345
0.318124
0.032251
0.266155
0.273087
0.243218
0.408422
0.747477
0.320653
0.020840
-0.171361
-0.396170
-0.589515
-0.733635
-0.980692
-1.201818
-1.151569
-0.901261
-0.530365
-0.207527
0.144624
0.372254
0.440749
0.614928
0.771646
0.590736
0.400710
0.428551
0.360144
0.296100
0.529797
0.745415
0.795489
0.521085
0.558098
0.505586
0.431405
0.193457
0.182471
0.125072
-0.222056
-0.325150
-0.391852
-0.556219
-0.799644
-0.734553
-0.574753
-0.717815
-0.648414
-0.413991
-0.364419
-0.614663
-0.581001
-0.223907
-0.099080
0.080437
0.232837
0.518726
0.468047
0.273900
0.124012
0.573640
0.668568
0.657322
0.672921
0.794723
0.308278
-0.082676
-0.319940
-0.656083
-0.774233
-0.729958
-0.514897
-0.259903
0.242884
0.890609
0.850212
0.900277
0.727765
0.411466
-0.376655
-0.734087
-0.928806
-1.198634
-1.377393
-1.283117
-0.949162
-0.751546
-0.517525
0.026133
0.254252
0.252665
0.378761
0.513593
0.469096
0.618937
0.881040
0.902355
0.788232
0.599577
0.247894
0.249918
0.264875
0.293455
0.381897
0.431843
0.012233
-0.451649
-0.567888
-0.625643
-0.537902
-0.349477
-0.162237
0.143864
0.238106
0.210397
0.321202
0.475161
0.668462
0.743622
0.910406
0.708888
0.574178
0.221841
-0.001620
-0.292701
-0.397129
-0.533206
-0.564535
-0.833663
-0.916934
-0.961895
-1.158818
-1.045364
-0.832185
-0.542070
-0.309720
0.084344
0.079069
0.003512
0.008267
-0.185710
-0.378896
-0.547302
-0.520063
-0.431654
-0.152750
0.531072
0.856162
1.237440
1.322768
1.233007
0.821989
0.580304
0.204976
-0.135659
-0.291483
-0.250705
-0.226752
-0.138061
-0.005679
0.517746
0.721108
0.508027
0.574760
0.308335
-0.062537
-0.568885
-0.508577
-0.506454
-0.387016
-0.395128
-0.337309
-0.353589
-0.438282
-0.672846
-0.128407
0.019702
0.222060
-0.041241
-0.177762
-0.774592
-1.351288
-1.539545
-1.559345
-0.827289
-0.649437
-0.176786
0.148308
0.414767
1.257301
1.292382
1.218089
1.170826
1.276925
0.282392
-0.334313
-0.170264
-0.275526
-0.319151
-0.298800
-0.079604
-0.039564
-0.071144
-0.101050
-0.033861
0.134233
0.448040
0.488373
0.549732
0.344381
0.279538
0.044699
-0.056260
-0.351730
-0.649656
-0.815817
-0.945620
-1.119387
-0.457655
0.063226
0.478086
0.600145
0.788890
0.457285
0.221534
0.299931
0.226989
0.384528
0.527142
0.609807
0.430663
0.119592
0.280243
0.201994
0.022761
-0.143249
-0.137668
-0.499071
-0.803360
-0.871344
-0.840341
-0.723649
-0.568295
-0.488956
-0.369546
-0.285835
-0.549389
-0.454402
-0.267718
-0.030189
0.203647
0.702527
0.602734
0.727190
0.907069
0.837806
0.759933
0.860199
0.557838
0.225683
0.184212
0.454936
0.187618
0.240400
0.344169
0.297898
0.159424
0.253349
0.096356
-0.239513
-0.380274
-0.569553
-0.642543
-0.303931
-0.230618
-0.171875
-0.003493
-0.132735
-0.401760
-0.322853
-0.280330
-0.468183
-0.436665
-0.147106
-0.200743
-0.351309
-0.517287
-0.400399
-0.646446
-0.501820
0.215148
0.498110
0.835125
1.237770
1.342243
0.907001
0.737378
0.521770
0.192041
0.173216
0.233376
0.238327
0.263558
0.211298
-0.122433
-0.704066
-0.941602
-1.015161
-1.103259
-1.089719
-0.750695
-0.541398
-0.508682
-0.712927
-0.608584
-0.842134
-0.946170
-0.951065
-0.693190
0.101609
1.031841
1.319918
1.269595
1.363913
0.528356
-0.197146
-0.313078
-0.205352
0.188644
0.673215
0.748250
0.611074
0.690216
1.055095
0.706648
0.597206
0.528803
0.245180
-0.553380
-0.462409
-0.323029
-0.042023
0.097052
0.315762
0.098025
0.245567
-0.061782
-0.393958
-0.268089
-0.169845
-0.278547
-0.069871
0.222812
-0.098330
-0.218708
-0.274503
-0.339307
-0.546171
-0.671082
-0.691891
-0.814317
-1.099206
-0.602333
-0.455972
-0.029714
0.527209
1.012076
0.603096
0.613806
0.567626
0.416603
0.446613
0.764035
0.805106
0.764766
0.500296
0.409511
0.301134
0.245334
0.021043
-0.192747
-0.153540
-0.243163
-0.216509
-0.256582
-0.330632
-0.342803
-0.595247
-0.396886
-0.157183
0.006440
0.179899
0.250599
-0.059387
-0.319635
-0.390349
-0.762335
-0.781835
-0.884494
-0.778745
-0.467049
-0.200308
0.082952
0.397293
0.649932
0.918573
0.832754
0.831667
0.732569
0.394500
-0.075035
-0.005556
-0.170115
-0.242373
-0.288560
-0.364537
-0.645471
-0.763054
-0.975582
-1.012674
-0.629439
-0.576744
-0.128896
0.334415
0.543412
0.331437
0.456958
0.157641
-0.143889
-0.082859
-0.055271
0.007563
0.239368
0.384031
0.534401
0.560162
0.583270
0.507900
0.233120
0.135932
0.012759
-0.025107
-0.268908
-0.148598
-0.304203
-0.484158
-0.651502
-0.663780
-0.299663
-0.031603
0.147364
0.420076
0.456959
0.147635
-0.194125
-0.333431
-0.522642
-0.417180
-0.101730
0.099960
0.442253
0.771889
0.882750
1.172970
1.206159
1.020328
0.634000
0.458192
-0.071163
-0.133324
0.094387
-0.032084
-0.258672
-0.561485
-0.836261
-1.258622
-1.285705
-0.721646
-0.302571
-0.034156
0.262352
0.547324
0.343222
0.162144
0.332991
0.474805
0.414030
0.189712
0.106877
-0.181309
-0.398777
-0.401614
0.157618
0.392669
0.427438
0.315288
0.388407
0.107862
-0.117226
-0.183614
-0.416933
-0.553321
-0.775191
-0.825502
-0.921488
-0.855137
-0.631597
-0.354433
0.018888
0.437530
0.878141
0.921814
0.760113
0.984738
0.838780
0.831284
0.673329
0.650551
0.344610
0.358467
0.433587
0.613159
0.553422
0.084509
-0.274619
-0.619234
-0.865583
-0.752946
-0.299749
-0.081840
0.090725
0.141147
0.085708
0.069402
-0.004694
0.198682
0.150034
0.154687
-0.306345
-0.452294
-0.905436
-1.426095
-1.898410
-2.104420
-1.790514
-1.695626
-1.307848
-0.601159
-0.204567
0.428934
0.551951
0.563817
0.690527
0.878276
0.175867
0.052939
0.277086
0.044917
0.183990
0.178952
0.340372
0.352786
0.271124
0.112537
0.575038
0.516024
0.451371
0.184771
0.188375
-0.345996
-0.660997
-0.667305
-0.762038
-0.864402
-0.860402
-0.717368
-0.879826
-0.698219
-0.488689
-0.540971
-0.102953
0.340910
0.660838
0.742104
1.028506
1.011627
0.943775
0.903154
0.871811
0.745714
0.514576
0.361897
0.370433
0.411733
0.300311
0.079464
-0.079973
-0.173284
-0.641540
-0.905509
-0.848084
-0.927577
-0.953698
-0.728417
-0.419924
-0.352233
-0.274327
0.196162
0.285523
0.489441
0.694974
0.818548
0.572674
0.581049
0.540548
0.259697
0.131394
-0.205858
-0.457797
-0.566847
-0.285613
0.017438
0.147764
0.168473
0.091064
-0.100604
-0.205465
-0.342853
-0.093637
0.118160
0.119952
0.146054
0.264040
0.543249
0.289776
0.085441
0.301245
0.420372
0.002667
0.147010
0.364779
0.029668
-0.263166
-0.267540
-0.460553
-0.455994
-0.718291
-0.791089
-0.706805
-0.680081
-0.344149
0.258283
0.832277
1.214291
1.457661
1.368886
0.843409
0.488004
-0.001722
-0.237964
-0.556874
-0.472172
-0.668977
-0.703759
-0.627998
-0.514022
-0.627447
-0.336362
-0.299841
-0.084126
-0.292747
-0.325054
-0.284650
-0.226649
-0.345209
-0.212019
0.130090
0.242565
0.087975
0.324614
0.189418
0.049142
-0.074531
0.104351
-0.022213
0.041674
0.043976
-0.050284
-0.000238
-0.217769
-0.067724
-0.003994
-0.234533
-0.065222
0.087890
0.087448
0.331887
0.628248
0.501962
0.326255
0.223798
-0.174834
-0.387596
-0.594233
-0.783754
-0.876262
-0.834244
-0.797034
-0.397658
0.086452
0.538619
0.659809
1.182751
1.371227
1.360971
1.413205
1.546714
1.301318
0.764489
0.517518
0.225188
-0.044604
-0.249093
-0.335774
-0.376502
-0.436704
-0.618252
-0.784317
-0.865625
-0.733316
-0.754049
-0.467370
0.018339
0.454685
0.232040
0.273727
0.533180
0.601949
0.219167
0.408719
0.301779
-0.106468
-0.529796
-0.344325
-0.503890
-0.523130
-0.364104
-0.426763
-0.279594
0.020268
0.220578
0.556015
0.611991
0.476398
0.309546
0.238330
-0.014216
-0.194012
-0.257423
-0.474997
-0.621673
-0.957465
-0.715581
-0.702515
-0.636372
0.084744
0.501278
0.577211
0.974822
1.238663
0.663439
0.199057
0.267510
0.145840
-0.103200
-0.173701
-0.289286
-0.656941
-0.868296
-0.834594
-0.504354
-0.291668
-0.103208
-0.133169
-0.069376
-0.369882
-0.468688
-0.364765
-0.407506
-0.133330
0.041536
0.445702
0.495551
0.537887
0.206821
-0.088018
-0.214442
-0.177377
-0.250500
-0.094973
-0.153839
-0.066594
0.017100
0.276182
0.284692
0.213447
0.091877
-0.023954
0.282468
0.722324
1.048772
0.962529
0.700522
0.056236
-0.630541
-0.940344
-0.849585
-0.933567
-0.646183
-0.388730
-0.159937
-0.173340
0.016115
-0.022420
-0.399720
-0.509831
-0.333887
-0.285645
-0.363592
0.005157
-0.146101
-0.418237
-0.473244
-0.457567
-0.877314
-0.718618
-0.711941
-0.400128
-0.086277
0.547810
0.860524
1.043774
0.816220
0.702432
0.551193
0.476091
0.304035
0.153613
0.023232
-0.149862
-0.158291
-0.134190
0.247407
0.305579
0.482354
0.398374
0.471457
0.100012
-0.036729
0.284734
0.474713
0.519990
0.420271
0.238678
-0.252161
-0.607374
-0.322210
0.049686
0.345021
0.492943
0.417783
-0.000694
-0.368993
-0.599150
-0.853502
-0.747421
-0.742784
-0.601310
-0.576058
-0.649581
-0.224030
0.180525
0.147302
0.401464
0.511089
0.324192
0.108057
0.237874
0.547105
0.787861
0.754312
0.524730
0.427011
-0.063764
-0.238951
0.444160
0.384043
0.531017
0.485778
0.464514
-0.372273
-0.037224
-0.086460
-0.612858
-0.446097
-0.277499
-0.409638
-0.250564
0.339216
0.704330
0.814724
0.827436
0.715898
0.731382
-0.046461
-0.282574
-0.165523
-0.124830
-0.322293
-0.055067
-0.119327
-0.309097
-0.528216
-0.329177
0.673792
1.143704
1.419389
1.326992
1.403215
0.699955
0.484228
0.298909
0.453686
-0.038323
-0.684362
-1.195793
-1.578455
-1.665965
-0.488080
-0.547250
-0.294076
-0.079437
-0.209806
-1.271226
-1.091931
-1.047389
-0.855023
-0.296331
-0.064745
0.179913
0.194711
0.177538
0.087163
0.219134
0.237819
0.475744
0.400643
0.167285
0.043897
0.144075
0.023076
0.200075
0.376918
0.752991
0.929965
1.146258
0.928094
1.144390
0.520411
0.137699
-0.335627
-0.513214
-0.789746
-0.640959
-0.613126
-0.719122
-0.505782
-0.626693
-0.638483
-0.499895
-0.613680
-0.557343
-0.631552
-0.548613
-0.808269
-0.167170
-0.045713
0.180413
0.410636
0.678148
0.412827
0.267301
0.270912
0.212740
0.269347
0.306301
0.896761
1.041545
1.185180
0.891093
0.735402
0.015743
-0.515015
-0.746187
-0.600041
-0.306307
-0.075743
0.315918
0.284250
0.121645
-0.179886
-0.629702
-0.730246
-0.608005
-0.465252
-0.210573
0.181730
0.051302
-0.049929
-0.049465
-0.148000
-0.134174
0.417506
0.182212
-0.268722
-0.805237
-1.024572
-1.326116
-1.149690
-0.747085
-0.192685
0.198529
0.655961
0.733744
1.113503
1.260852
1.094855
0.763313
0.669909
0.872166
1.069384
1.134517
0.727962
0.695897
0.092991
-0.713469
-0.922319
-1.162748
-1.323462
-1.305951
-1.039897
-0.822321
-0.433911
0.013458
0.066502
0.182342
0.187975
0.129323
0.064201
0.018590
-0.044091
-0.212148
-0.362297
-0.480784
-0.757291
-0.703949
-0.713760
-0.580236
0.052053
1.034284
1.846035
2.371867
2.392299
1.914428
1.246311
0.342562
-0.346364
-0.199797
-0.349670
-0.348760
-0.201816
-0.209673
0.084916
0.011967
-0.149769
-0.330795
-0.308255
-0.798057
-1.008707
-0.795988
-0.647196
-0.520268
-0.428388
-0.303235
-0.388666
-0.526058
-0.152695
0.248344
0.320583
0.505111
0.599974
0.125642
-0.451446
-0.556527
-0.483502
-0.348105
-0.305757
-0.371451
-0.106193
-0.076805
-0.034212
0.471963
0.403563
0.224651
-0.073819
-0.259070
-0.705930
-0.482489
-0.348347
-0.222153
-0.125297
0.005497
0.039031
0.016677
-0.050946
0.462658
0.542829
0.709013
0.982028
1.295952
1.059053
0.889116
0.786135
0.809780
0.238000
-0.186831
-0.651135
-0.947517
-1.752082
-1.971967
-1.484230
-0.936299
-0.629871
-0.104272
0.403145
0.192886
0.085008
0.130336
0.028249
0.181768
-0.016127
-0.034249
-0.114650
-0.261465
-0.118345
-0.100915
-0.034541
-0.168027
-0.377460
-0.880071
-1.225587
-1.266809
-1.430237
-1.145255
-0.794814
-0.256007
-0.026296
0.255638
0.854814
1.161297
0.968027
0.944035
1.264091
0.922953
0.609110
0.651892
0.459232
0.032680
-0.068877
-0.180717
0.018228
0.258342
0.408534
0.676629
0.769490
0.732562
0.498465
0.399563
0.193736
-0.068104
-0.113901
-0.206121
-0.233723
-0.414185
-0.538538
-0.841628
-0.832543
-0.797511
-0.667956
-0.427634
-0.048384
0.164267
0.333036
0.545044
1.067719
1.365615
1.394350
1.432023
0.995848
0.453854
-0.129276
-0.400749
0.068759
0.128254
0.333724
0.334594
0.261508
-0.503806
-0.677458
-0.780025
-0.830678
-0.678760
-0.592200
-0.355301
-0.379016
-0.307183
0.501978
0.405076
0.439727
0.380986
0.258561
-0.597661
-0.540180
-0.441277
-0.523458
-0.412187
-0.265949
-0.214585
-0.488981
-0.408404
0.505061
1.193064
1.262972
1.669169
1.717104
0.890909
0.080131
-0.078953
-0.209597
-0.609216
-0.873673
-1.034737
-1.065396
-1.298788
-1.008866
-0.540914
-0.170304
0.328565
0.722578
1.056689
1.089364
0.880175
0.502900
0.127690
-0.109702
-0.311892
-0.224661
-0.264127
-0.476884
-0.388180
-0.264453
-0.135800
-0.057773
0.181982
0.187314
0.101719
0.113965
0.270389
0.546454
0.349238
0.310563
0.278174
0.254153
0.119736
0.623769
0.685310
0.790721
0.596997
0.420989
-0.152267
-0.423388
-0.687521
-0.606429
-0.219373
-0.015888
0.209520
0.226443
-0.012002
-0.082070
-0.232879
-0.151786
0.050220
0.271546
0.266215
0.376295
0.363478
0.267080
0.375363
0.276002
0.275308
0.242771
0.028838
0.111898
0.352954
0.589792
0.633533
0.686705
0.390466
-0.089816
-0.505615
-0.951415
-1.237603
-1.215842
-1.054733
-0.632026
-0.080147
0.228226
0.584868
0.445321
0.107549
-0.418368
-0.646697
-1.067641
-1.203571
-1.028794
-0.744244
-0.333965
0.068285
0.358301
0.610424
0.683031
1.306860
1.031757
0.985242
0.845438
0.783231
0.028976
0.232513
0.377208
0.269469
0.418575
0.389942
0.090512
0.131632
-0.070310
-0.196169
0.260124
0.417108
0.289145
0.278068
0.083669
-0.428819
-0.994011
-1.289168
-1.443869
-1.276556
-1.271904
-0.865743
-0.528796
-0.016325
0.211545
0.141317
0.148810
0.043716
-0.301188
-0.494695
-0.439325
-0.065004
0.095312
0.323048
0.317365
0.159826
-0.130638
-0.610155
-0.740768
-0.954513
-0.707277
-0.666299
-0.572356
-0.396978
-0.245400
-0.318358
-0.248441
0.054993
-0.144875
-0.305972
0.105136
0.197011
0.228529
0.331200
0.207026
-0.233481
-0.572016
-0.739092
-0.721735
-0.563691
-0.274124
0.074663
0.412016
0.530325
0.639819
0.405551
-0.025292
-0.024522
-0.167028
-0.112777
0.057791
0.484428
0.547704
0.555764
0.574680
0.498057
0.145713
-0.253681
-0.369756
-0.494543
-0.727138
-0.703040
-0.261120
-0.092133
-0.051706
-0.068293
0.095128
-0.229960
-0.380723
-0.140185
0.201130
0.185303
0.203951
0.321517
0.152974
0.074704
0.305902
0.453036
0.566881
0.685138
0.619745
0.220071
-0.168046
-0.523360
-0.776454
-0.923675
-0.622280
-0.683088
-0.670397
-0.620432
-0.192856
-0.080747
0.439192
0.748536
1.027634
0.972630
0.836542
0.755642
0.574256
0.321586
0.028674
-0.156565
-0.323073
-0.266610
-0.237469
0.124443
0.021663
0.142100
0.232636
0.278568
0.083937
0.276261
0.439419
0.639181
0.738803
0.792448
0.818448
0.626467
0.220469
0.361966
-0.031599
-0.377476
-0.630958
-0.702046
-1.147481
-1.118055
-0.918900
-0.834702
-0.606524
-0.566604
-0.405516
-0.198834
-0.146904
-0.202129
0.418152
0.515088
0.495434
0.310487
0.078469
-0.527249
-0.791144
-0.917350
-0.824682
-0.194044
0.191161
0.720008
1.025094
1.102929
1.657375
1.535312
1.206419
0.944080
1.214996
0.149877
-0.055238
-0.440127
-0.368212
-0.722971
-0.557252
-0.548865
-0.209473
-0.363605
-0.291533
-0.361089
-0.616149
-0.428244
-0.266627
-0.077213
-0.133501
0.129672
-0.079306
-0.539723
-0.584202
-0.768721
-0.917506
-1.213112
-1.415867
-1.443354
-1.085647
-0.835909
-0.543383
-0.067723
-0.209722
-0.530520
-0.306380
0.090009
0.738733
1.400564
1.723140
1.887040
1.582295
1.678379
1.329204
1.317721
0.974529
1.038601
0.364147
0.001015
-0.271251
-0.487847
-0.576361
-0.585075
-0.579242
-0.491521
-0.606193
-0.764878
-0.274669
-0.054700
0.142180
0.572862
0.993633
0.811940
0.757689
0.716133
0.592494
0.152034
-0.283035
-0.362128
-0.554313
-0.906579
-0.650693
-0.648648
-0.769324
-0.718178
-0.463858
-0.479708
-0.387717
-0.075356
-0.082844
-0.098332
0.149494
0.375715
0.286737
0.225294
0.585142
0.690507
0.200343
0.060667
0.169786
0.088960
-0.379097
0.094395
0.262241
0.107795
-0.192975
-0.106409
-0.379953
-0.649546
-0.742372
-0.425331
-0.554141
-0.330257
-0.167692
0.119780
0.107139
0.183868
0.084310
0.148437
0.303328
0.278039
0.288909
0.455568
0.383487
0.593118
0.329951
0.350779
0.058861
-0.041500
-0.496648
-0.601895
-0.638873
-0.617009
-0.709779
-0.517182
-0.498319
-0.417746
-0.312001
-0.278430
0.164508
0.557116
0.656173
0.764281
0.751078
-0.081527
-0.458943
-0.523345
-0.566662
-0.432690
-0.219511
-0.260294
-0.712128
-1.041156
-0.736011
-0.724971
-0.392130
0.140976
0.615878
0.699867
0.796906
0.736477
0.576284
0.243943
-0.138342
-0.236725
-0.422146
-0.370174
0.241715
0.925722
0.987319
1.292668
1.310962
0.799490
0.100560
0.267832
0.065517
-0.187684
-0.027290
-0.241847
-0.864591
-1.250008
-1.475573
-1.438335
-0.977050
-0.234489
0.266527
0.880364
0.883541
0.686621
0.513316
0.373186
0.139603
-0.027523
-0.234343
-0.406867
-0.393087
-0.065785
-0.177484
-0.012528
-0.003760
-0.136107
-0.581789
-0.446434
-0.364739
-0.254727
-0.205379
-0.099683
-0.242252
-0.201654
-0.068702
-0.011925
0.435978
0.264303
-0.013560
-0.421839
-0.548338
-0.986385
-0.782741
-0.623751
-0.497203
-0.090968
0.153174
0.475301
0.705870
0.841273
0.930658
0.876865
0.780702
0.783742
0.786359
0.562435
0.376108
0.229106
-0.072504
-0.235888
-0.357929
-0.483348
-0.674959
-0.634652
-0.123145
0.266201
0.398957
0.595915
0.472195
-0.070942
-0.642294
-0.650853
-0.614509
-0.167114
-0.011719
0.092332
0.151713
0.240753
-0.045595
0.638436
0.731139
0.620520
0.281208
0.160310
-0.249540
-0.177904
-0.028810
-0.013945
0.311525
0.166379
-0.037664
0.164335
0.375456
0.568917
0.387284
0.471525
0.228717
-0.096624
-0.574898
-0.593811
-0.691504
-0.659521
-0.333431
0.007596
0.126094
0.236443
0.012136
-0.252663
-0.129654
-0.201319
-0.174138
0.002162
0.549441
0.509912
0.916910
0.897458
0.946828
0.632977
0.611915
0.367874
0.467071
0.692964
1.014257
0.717328
0.239426
-0.223261
-0.670095
-1.074415
-1.157658
-0.925547
-0.652663
-0.351554
0.253788
0.446645
0.449661
0.308076
0.194715
-0.149939
-0.339845
-0.117767
-0.024443
-0.125579
-0.179057
-0.076233
-0.204564
-0.063258
0.044870
-0.048426
0.023566
0.179728
0.307900
0.838513
0.748953
0.971164
0.820773
0.405781
-0.309135
-0.527701
-1.054810
-1.199431
-1.019676
-0.997074
-0.964476
-0.674192
-0.661969
0.087403
0.214767
0.570441
0.526098
0.555917
-0.031812
-0.037777
-0.004196
0.034896
-0.077255
-0.353897
-0.559769
-0.913623
-1.139158
-1.142732
-0.517144
-0.133446
0.306378
0.708686
1.147940
0.928110
0.751210
0.512592
0.172825
-0.033303
-0.241526
-0.249995
-0.158024
-0.009159
0.341870
0.349572
0.256189
0.109459
0.023377
-0.462205
-0.659578
-0.743080
-0.916946
-1.076741
-0.989456
-0.882321
-0.786942
-0.678453
-0.182207
0.097548
0.315879
0.329999
0.578096
0.667619
0.435902
0.383071
0.651725
0.742100
0.473913
0.522926
0.535363
0.405276
0.138038
0.167575
0.029878
0.129984
0.062106
0.033371
0.056432
0.251487
0.110928
-0.003215
0.199600
0.129835
-0.024500
0.004067
0.007100
0.099474
-0.101973
-0.268434
-0.560056
-0.580321
-0.838555
-0.836229
-0.593875
-0.253988
-0.193503
-0.333768
-0.342029
-0.557765
-0.847630
-0.978713
-0.236887
0.010865
0.398485
0.774840
1.130784
0.694325
0.583392
0.466838
0.349285
0.342504
0.368256
0.376457
0.116332
-0.103429
-0.083602
-0.347229
-0.379171
-0.175247
-0.396440
-0.511791
-0.497613
-0.409100
-0.491312
-0.048310
0.128856
0.298474
0.371942
0.607958
1.021085
1.204474
0.956601
0.797159
0.240376
-0.358052
-0.815350
-0.795673
-0.896907
-0.884443
-0.934891
-0.931794
-0.762725
-0.660445
-0.702911
-0.448141
-0.249470
0.039094
0.132834
0.563273
0.401527
0.367195
0.331646
0.286751
0.569673
0.972646
1.005182
1.099322
1.089659
1.723729
1.308351
0.883970
0.531582
0.390120
-0.359328
-0.273614
0.165301
0.307420
0.309979
0.135440
-0.072030
-0.234122
-0.462167
-0.500701
-0.032134
0.350171
0.399991
0.484061
0.761400
0.372784
0.232549
0.174781
0.045581
-0.062409
-0.290446
-0.440933
-0.268155
-0.267181
0.086119
0.284976
0.486939
0.478507
0.429919
-0.193841
-0.628614
-0.742167
-0.959142
-0.980226
-0.603438
-0.714608
-0.693458
-0.791591
0.543217
1.353731
1.904818
2.069028
2.113678
0.923987
-0.214276
-0.533502
-0.700075
-0.576269
-0.365727
-0.447415
-0.165631
0.052958
-0.080179
0.450141
0.835304
0.794798
0.478759
0.584517
-0.112734
-0.206139
-0.405083
-0.587709
-0.581128
-0.557758
-0.766661
-0.930984
-0.897205
0.054440
0.089335
0.276067
0.751783
0.938346
0.067424
-0.057337
-0.100187
-0.309023
-0.356485
-0.441381
-0.624608
-0.753256
-0.743735
-0.784775
-0.162759
0.214905
0.259003
0.352224
0.376052
-0.244811
-0.450982
-0.443959
-0.685539
-0.401602
-0.120914
-0.000915
-0.052058
-0.129170
0.781891
0.635325
0.569413
0.795938
1.089778
0.064665
0.230058
0.622315
0.592170
0.718243
0.435734
0.004423
-0.299730
-0.389717
-0.688679
-0.565015
-0.473058
-0.422410
-0.455454
-0.212184
-0.190211
-0.088274
0.047808
0.144499
0.078848
0.306796
0.548888
0.685885
0.699641
0.855605
0.405208
0.064076
-0.334228
-0.454942
-0.774440
-0.707643
-0.724931
-0.936724
-0.860362
-0.707008
-0.590561
-0.584307
-0.428809
-0.023401
0.100093
0.397030
0.768023
1.068011
0.829422
0.898864
0.909067
0.836048
0.576952
0.523410
0.264189
0.027808
-0.249559
-0.322404
-0.120682
-0.383079
-0.478786
-0.654914
-0.614079
-1.012862
-0.862765
-0.613030
-0.382121
-0.289873
-0.287100
-0.173385
-0.280948
-0.382804
0.113886
0.439797
0.606886
0.700622
0.718590
0.280792
0.174631
0.010586
-0.132195
-0.058020
0.202829
-0.088042
-0.185789
-0.435247
0.027980
0.140436
0.410169
0.691337
0.956293
0.546987
-0.017420
-0.019973
-0.142501
-0.369844
-0.454594
-0.333409
-0.400845
-0.208202
-0.100025
0.275426
0.450466
0.697120
0.572109
0.779378
0.604906
0.461353
-0.133990
-0.449860
-0.715286
-0.970107
-1.161406
-0.825653
-0.655969
0.011205
0.078267
0.393385
0.538290
0.815207
0.503896
0.694005
0.431762
0.207222
-0.239093
-0.409246
-0.838037
-0.821461
-0.840644
-0.701464
-0.397176
-0.026753
0.100789
0.126133
0.312516
0.057631
-0.047941
-0.054112
-0.000818
0.077667
0.234215
0.366937
0.568726
0.433285
0.468532
0.042131
-0.157354
-0.454331
-0.290542
-0.538779
-0.355467
-0.286509
-0.358357
-0.522260
-0.578787
-0.535430
-0.162743
-0.120862
0.599614
1.262075
1.280844
0.966054
1.115567
0.742804
0.287796
0.405776
0.545519
0.491331
0.488031
0.237005
0.057507
-0.268719
-0.457559
-0.512386
-0.515305
-0.594435
-0.571795
-0.473036
-0.761612
-0.502346
-0.215643
-0.028174
0.205172
0.521825
0.606907
0.464951
0.238619
0.999566
0.804585
0.543839
0.776539
0.808333
-0.127621
-0.109920
-0.015271
-0.218112
-0.061906
-0.106889
-0.244562
-0.441423
-0.974066
-1.521453
-1.314500
-1.068169
-0.735242
-0.368031
0.157717
0.199277
0.265078
-0.058049
0.019206
-0.129918
-0.358276
-0.505123
-0.359347
-0.392939
0.241921
0.228126
0.621236
1.023229
1.193608
0.575840
0.353027
-0.040193
-0.404222
-0.507712
-0.327918
-0.029117
0.051348
0.128048
0.388020
0.557591
0.253524
0.136486
-0.110882
-0.124681
-0.293281
0.134988
0.162328
0.163327
-0.128178
-0.332282
-0.536648
-0.636768
-0.573965
-0.010548
0.355631
0.644671
0.845056
1.115246
0.593520
0.222829
-0.065632
-0.308861
-0.677529
-0.787880
-0.428282
-0.222120
-0.086114
0.360388
0.537447
0.384825
0.450141
0.494017
0.046892
-0.199106
-0.361573
-0.684853
-0.736184
-0.495917
-0.386495
-0.438223
-0.389646
-0.465615
-0.182153
0.154310
0.481017
0.475052
0.372617
0.022984
-0.345052
-0.241699
-0.039927
0.287221
0.309305
0.486422
0.127354
-0.023741
0.196320
0.206430
0.227709
0.318605
0.479990
0.462113
0.550007
0.522243
0.527586
0.328241
-0.150009
-0.429545
-0.424948
-0.771335
-0.339456
0.204777
-0.016106
-0.524909
-0.397198
-0.798298
-1.351256
-1.005482
-0.529928
-0.422654
-0.330406
-0.336995
-0.341032
-0.310382
-0.197252
0.004384
0.276002
0.321161
0.277149
0.336422
-0.012128
-0.258599
-0.015827
-0.203687
-0.365447
-0.365447
-0.463183
-0.937115
-0.955429
-0.101170
0.056948
0.356385
0.654674
0.911351
0.315966
0.467188
0.577506
0.567588
0.286101
0.099250
-0.273487
-0.438100
-0.557455
-0.458685
-0.258271
-0.038737
0.071069
0.175505
0.536847
0.623182
0.706749
0.577592
0.566667
0.194793
-0.392090
-0.900950
-1.118716
-1.479664
-0.948510
-0.399849
0.267992
0.823802
1.239870
0.994900
0.716511
0.550361
0.277747
0.323987
0.394727
0.473372
0.280834
0.205228
-0.017358
-0.278201
-0.594061
-0.592143
-0.649044
-0.504054
-0.422161
-0.143570
0.331644
0.533118
0.779806
0.648312
0.089276
-0.707803
-0.991380
-1.077172
-1.004680
-0.394493
-0.048004
0.085060
-0.150806
0.016405
0.223247
0.412437
0.685922
0.870263
0.725405
0.422454
0.242442
0.149005
-0.002415
-0.055448
-0.095015
-0.207312
-0.368852
-0.460112
-0.215591
0.132986
0.595070
0.791350
0.990531
1.022731
0.854616
0.692667
0.862451
0.914524
0.508983
0.215525
-0.287119
-0.977819
-1.397879
-1.216721
-1.298216
-1.083822
-0.758737
-0.461005
-0.044843
0.335696
0.714879
0.739856
0.711861
0.361149
0.232227
-0.007996
0.086479
0.083240
0.187680
0.368640
0.414436
0.172306
0.028021
-0.414810
-0.320098
-0.075219
-0.074887
-0.057533
-0.079580
-0.413243
-0.769480
-0.633905
-0.743926
-0.671675
-0.672626
-0.644730
-0.568820
-0.150608
0.165480
0.653854
0.713734
0.676785
0.576767
0.575993
0.587970
0.674594
0.675887
0.367056
0.108892
-0.466858
-1.013786
-1.081041
-1.166257
-0.566192
-0.306410
0.295963
0.580248
1.039053
0.629449
0.480722
0.236281
-0.051824
-0.418835
-0.547591
-0.559262
-0.686517
-0.739714
-0.595409
-0.399206
-0.609977
-0.493241
-0.497559
-0.379062
-0.069233
0.541324
0.837827
1.165863
1.359649
0.946203
0.633179
0.410192
0.027848
0.376822
0.300649
0.171386
0.074284
0.070087
-0.373287
-0.420449
-0.388171
-0.356306
-0.306938
-0.323563
-0.117185
0.266796
0.308063
0.669487
0.851833
0.747451
0.338983
0.147482
-0.454501
-1.132641
-1.466358
-1.346086
-1.138577
-0.933525
-0.579769
-0.177692
-0.145209
-0.017206
1.001405
1.069061
1.073318
1.024468
0.883766
0.001738
-0.018180
-0.340371
-0.690227
-0.778712
-0.873552
-1.067241
-0.832481
-0.706094
-0.366835
-0.125279
0.124357
0.070281
0.273199
0.185126
-0.082787
0.223409
0.791395
0.793409
0.509176
0.311720
-0.109056
-0.613785
-0.723850
-0.260277
0.090738
0.278103
0.186668
0.198395
-0.174913
-0.471358
-0.406345
-0.293781
-0.115457
-0.153684
-0.053360
-0.338883
-0.415895
-0.388597
-0.131415
0.241843
0.492539
0.788576
0.813103
0.658806
1.074919
0.946912
0.732858
0.515680
0.513601
-0.203604
-0.357708
0.027326
0.636819
0.162264
0.011564
-0.122119
-0.376529
-0.843305
-0.307351
-0.425264
-0.459343
-0.509623
-0.658209
-0.743166
-0.313421
-0.138283
0.482498
0.518096
0.453006
0.127243
0.005522
-0.820133
-0.491082
-0.329001
-0.239825
-0.092729
0.180978
-0.028457
-0.007594
0.060164
0.386225
0.244319
0.117876
-0.081179
-0.344758
-0.230649
-0.465158
-0.502343
-0.523845
-0.183282
-0.595934
-0.284954
0.363475
0.475556
0.376407
0.835514
1.061712
0.763004
0.593377
0.808541
0.464665
-0.039700
-0.485503
-0.374210
-0.196189
-0.321285
-0.218681
-0.006815
0.003881
0.109470
0.091509
0.111254
-0.046017
-0.008558
-0.299104
-0.353759
-0.269237
-0.227849
-0.219562
-0.261127
-0.203966
-0.344884
-0.376531
0.014679
0.286378
0.548659
0.844196
1.026985
0.568387
-0.034003
-0.434109
-0.683157
-1.037042
-1.185864
-1.060712
-0.564267
-0.132337
0.143206
0.907668
1.130029
0.852201
0.449564
0.421484
-0.062451
-0.050922
-0.094094
-0.212468
-0.014064
0.180567
0.087987
-0.011804
0.111236
0.194070
-0.140786
-0.249481
-0.165854
-0.199899
-0.339584
-0.227707
0.408127
0.992362
1.314387
1.449676
1.338521
0.836265
0.233755
0.054334
0.458366
0.491073
0.341604
0.185338
-0.072592
-0.874161
-1.121233
-1.125187
-1.080311
-0.924902
-0.764962
-0.496298
-0.352015
-0.215114
0.080641
0.259492
0.601151
0.905263
1.172500
1.204158
1.019504
0.848113
0.257913
-0.319526
-0.638349
-0.726517
-0.937119
-0.809128
-0.584778
-0.659145
-0.618229
-0.581544
-0.407345
-0.470684
-0.335721
-0.152693
-0.295441
-0.435129
-0.278321
-0.241809
-0.178476
0.113160
0.358531
0.695670
0.596526
0.499883
0.525261
0.467051
-0.090137
-0.229295
-0.164376
-0.264272
-0.173048
0.210159
0.793910
0.607337
0.554289
0.674140
0.395681
-0.167215
-0.042768
-0.043220
-0.291287
-0.289240
-0.207004
-0.249383
-0.190819
-0.176358
-0.110388
0.175981
0.038270
-0.195007
0.502182
0.444683
0.008504
-0.197078
-0.087254
-0.964861
-1.011165
-0.844725
-0.612244
-0.635368
-0.668185
-0.528930
0.067946
0.143313
1.175592
1.312492
1.306969
0.740470
0.352694
-0.665504
-0.797539
-1.039865
-1.343951
-1.142107
-1.148400
-1.062197
-0.568909
-0.134341
0.290535
0.797585
0.931444
0.781371
0.734105
0.829982
0.416550
0.252505
0.374757
0.483368
0.297035
0.169396
0.391948
0.210450
-0.146121
0.601108
0.912822
0.809409
0.724895
0.872252
0.111896
-0.313415
-0.101867
-0.123152
-0.037298
-0.113241
0.114775
-0.106073
0.053222
0.390798
0.462652
0.513752
0.650244
0.574662
0.016283
-0.034643
-0.162007
-0.400631
-0.463920
-0.413979
-0.681457
-0.754425
-0.768741
-0.834545
-0.281732
0.108884
0.432562
0.642967
0.883423
0.664968
0.561063
0.513166
0.378171
0.421774
0.318309
0.361363
0.269910
0.086034
0.044911
-0.221424
-0.571181
-0.747400
-0.802755
-1.088870
-1.031397
-0.857400
-0.839224
-0.686554
-0.337921
-0.027442
0.175843
0.519832
1.033070
1.255103
1.112974
0.979163
0.723918
0.400226
-0.083641
-0.204335
-0.219652
-0.269542
-0.273183
-0.001125
0.061691
0.110160
0.233022
0.577623
0.222280
0.230372
0.069659
-0.044523
-0.429321
-0.432566
-0.511143
-0.561995
-0.641054
-0.861431
-0.790441
-0.573238
-0.232065
0.226918
0.462051
0.652505
0.619377
0.325452
0.064055
0.101055
0.029858
-0.086025
-0.102029
-0.235521
-0.493990
-0.597115
-0.718428
-0.775140
-0.522784
-0.226149
0.054403
0.321833
0.817191
0.911258
0.984185
1.067203
0.953280
0.705662
0.475033
0.223115
-0.042565
-0.183307
-0.178014
-0.338232
-0.478559
-0.603103
-0.536774
-0.693147
-0.549571
-0.305130
0.047406
0.270747
0.599731
0.580164
0.821285
0.378804
0.517903
0.682375
0.468023
0.023840
0.008406
-0.309879
-0.719342
-0.468833
-0.463315
-0.444516
-0.395488
-0.455825
-0.366448
-0.112895
0.184987
0.365337
0.372813
0.251092
0.230709
0.125563
0.077854
0.088662
0.255993
-0.049795
-0.175351
-0.431724
-0.611334
-0.804588
-0.794914
-0.257459
-0.123255
0.148409
0.476909
0.631161
0.137191
-0.379228
-0.568289
-0.953810
-1.280911
-1.135241
-0.789717
-0.709448
-0.487855
-0.037061
0.615362
0.985277
1.158042
1.201204
1.265851
0.724945
0.464048
0.268328
0.245017
0.176325
-0.064323
-0.120757
0.117645
0.041186
0.298270
0.458636
0.698745
0.651805
0.588923
0.399397
0.155945
-0.167866
-0.553918
-0.979529
-1.270615
-1.316236
-1.737377
-2.040858
-1.197935
-0.615202
-0.069273
0.621627
1.315774
1.230297
0.844549
0.494424
0.526493
0.489872
0.140189
-0.064505
-0.034927
-0.140526
-0.268058
0.088745
0.172360
0.155535
0.314191
0.499382
0.251917
0.157084
0.203931
-0.113342
-0.129974
-0.145791
-0.217586
-0.567391
-0.749097
-0.453570
-0.264779
0.311748
0.600825
0.985081
0.660161
0.527402
0.261707
0.381378
0.082607
-0.131070
-0.337748
-0.547979
-0.788200
-0.655468
0.165669
0.141902
0.354516
0.569034
0.725481
0.111957
0.186984
0.308255
0.205815
0.381149
0.331804
0.301021
0.296050
0.149045
0.384393
0.325114
0.135660
-0.228488
-0.176491
-0.687745
-0.742314
-0.541529
-0.571601
-0.655301
-0.741998
-0.855297
-0.681378
-0.443439
-0.276487
-0.235328
-0.209606
-0.356307
-0.180700
0.043416
0.191913
0.361772
0.575837
0.595696
0.640520
0.756457
0.858973
0.826899
0.504728
0.367475
-0.025329
-0.146529
-0.471686
-0.476227
-0.565057
-0.496069
-0.521137
-0.277640
-0.120134
-0.127159
-0.169789
-0.330730
-0.577634
-0.090835
0.032181
0.146795
0.393957
0.406033
-0.138720
-0.199598
-0.257735
-0.346988
-0.309711
-0.208213
-0.129575
0.460836
0.606017
0.811006
1.062976
1.012628
0.481946
0.262534
0.260626
0.029111
-0.156232
-0.149519
-0.150910
0.188770
0.224988
0.430150
0.577588
0.599088
0.411321
0.075930
-0.029870
-0.130207
-0.274795
-0.684936
-0.685848
-0.906700
-1.087420
-1.073800
-0.988907
-0.917225
-0.670512
-0.713754
-0.085803
0.433852
0.711189
0.982275
1.473961
1.333465
0.834825
0.517075
0.227234
0.023273
-0.339949
-0.316622
-0.166200
-0.170673
-0.213551
0.087777
0.019006
0.026691
-0.023596
0.012519
-0.227090
0.020102
-0.046103
-0.099473
-0.203325
-0.191626
-0.521998
-0.646406
-0.698566
-0.251275
-0.230597
-0.107445
0.288689
0.570793
0.214179
0.113966
0.365765
0.385771
0.058759
0.274095
0.603377
0.503797
0.268088
0.423347
0.275696
-0.081978
-0.359868
-0.575984
-0.537880
-0.759636
-0.817761
-0.614260
-0.408590
-0.269286
-0.004268
0.380141
0.447327
0.297498
0.452431
0.152070
-0.109452
-0.273726
-0.346490
-0.645056
-0.520805
-0.571506
-0.474309
-0.231442
-0.240484
-0.114060
0.240374
0.293487
1.001783
1.819197
1.906585
1.590714
1.681746
0.864504
-0.045276
-0.091596
-0.160402
-0.551355
-0.698066
-0.698383
-0.936687
-0.762076
-0.682007
-0.094082
0.018125
0.151774
0.073226
0.200692
-0.002890
-0.056303
-0.258593
-0.215324
-0.032454
-0.097784
-0.092821
0.210404
0.079670
0.215534
0.220894
0.276794
0.147778
0.160978
-0.318416
-0.500220
-0.531115
-0.628329
-0.656809
-0.453063
-0.508132
-0.526365
-0.725640
-0.867414
-0.375287
-0.087569
0.209359
0.752495
1.316931
1.059639
1.137677
0.911305
0.870133
0.784186
0.492160
0.226655
0.120658
-0.195441
-0.254589
-0.198015
-0.028103
0.268777
0.286786
0.025793
-0.237085
-0.440284
-0.890076
-1.019307
-0.911328
-0.818617
-0.724815
-0.598604
-0.096198
0.196211
0.335583
0.473857
0.569202
0.288364
-0.053593
-0.149227
-0.183914
-0.325292
-0.269636
-0.264047
0.051970
0.143492
0.440365
1.135775
1.211406
0.961821
0.705525
0.561286
-0.020967
0.041717
0.039290
0.014845
-0.320709
-0.752014
-1.120409
-1.262385
-1.110008
-0.563741
-0.062396
0.385109
0.860620
1.026045
0.903927
0.719788
0.544037
0.282989
-0.208824
-0.186812
-0.364791
-0.324542
-0.447209
-0.298112
0.328951
0.591571
0.618398
0.773904
0.962546
0.217451
-0.046518
0.089552
0.112674
-0.004046
-0.101784
-0.087518
-0.223961
-0.376092
0.330836
0.445413
0.427052
0.319356
0.133999
-0.663043
-0.946931
-0.982501
-1.161052
-1.158095
-1.123158
-1.116371
-1.088877
-0.963271
-0.506114
-0.188647
-0.035946
0.139157
0.309280
0.062243
-0.087625
0.057128
0.322585
0.508814
0.759042
0.573918
0.545753
0.274550
-0.224069
-0.296484
-0.034249
0.027611
0.085090
0.457921
0.609665
0.583328
0.703818
0.800760
0.797479
0.545604
0.235071
-0.122804
-0.238093
-0.093624
-0.128183
0.022042
0.101627
-0.137091
-0.532509
-0.528461
-0.448403
-0.315685
-0.229349
-0.061434
-0.163839
-0.352964
-0.607767
-0.735446
-0.434218
-0.261009
0.115550
0.389893
0.813219
0.872361
0.806238
0.611970
0.381215
0.090510
-0.450590
-0.553170
-0.443490
-0.135845
0.049047
0.042862
0.008200
-0.211796
-0.579363
-0.685055
-0.671993
-0.543006
-0.471589
-0.196618
0.003993
0.231668
0.347271
0.406145
0.680079
0.806890
0.714790
0.617146
0.433980
-0.097534
-0.538767
-0.596203
-0.684022
-0.599842
-0.154898
-0.270616
-0.289163
-0.361282
-0.486737
0.060034
0.364469
0.643070
0.838638
1.116924
0.585680
0.722086
0.698189
0.726649
0.661380
0.469540
0.274780
0.290801
0.202320
0.440974
0.090698
-0.197819
-0.389384
-0.682500
-1.154935
-1.064677
-0.756825
-0.727144
-0.517791
-0.423847
-0.505244
-0.565104
-0.690197
-0.712376
-0.095394
0.077764
0.148618
0.024775
0.013582
-0.547798
-0.523527
-0.133128
0.340818
0.563483
0.637923
0.711860
0.520922
0.451966
0.903935
0.888864
0.942311
0.751754
0.674628
0.148966
0.156713
0.005058
-0.370208
-0.769693
-0.794043
-0.962883
-0.928371
-0.642718
0.146652
0.887271
0.870768
0.802732
0.624288
0.080049
-0.842314
-0.915928
-0.861826
-0.884952
-1.144128
-0.980742
-0.731294
-0.596761
-0.467847
-0.038334
0.060087
0.023143
-0.199956
-0.334213
-0.348801
-0.302735
-0.105687
0.103551
0.747149
1.085000
0.724138
0.563281
0.220772
0.613078
-0.035611
0.097932
0.120888
0.411498
-0.425561
-0.365907
-0.100054
-0.175365
0.051521
0.052232
0.119811
0.023316
0.126519
0.010357
0.720118
0.715851
0.707676
0.566459
0.219302
-0.704311
-0.902654
-0.876779
-0.738823
-0.235296
-0.059139
0.230036
0.149568
0.202837
0.922925
0.813587
0.900211
0.986358
0.827611
-0.327103
-0.320418
-0.665593
-0.913525
-1.007501
-1.015982
-1.103651
-0.737364
-0.725147
0.087722
1.034972
1.333934
1.409257
1.644268
1.193027
0.572139
0.654793
0.491629
0.506993
0.504513
0.321802
0.106630
0.041874
-0.195412
-0.194160
-0.307023
-0.141457
-0.151336
-0.052173
-0.281548
-0.005509
-0.096996
-0.374575
-0.481897
-0.600588
-0.866524
-0.764362
-0.380459
0.275281
0.677505
0.868699
0.932866
0.802957
0.313606
-0.181741
-0.377592
-0.672122
-0.692137
-0.610218
-0.369031
-0.248740
-0.174069
-0.063720
0.313763
0.366084
0.547256
0.526765
0.532937
0.043481
-0.113367
-0.067265
-0.125972
-0.225570
-0.434840
-0.612463
-0.657778
-0.369874
0.449051
0.800699
1.271777
1.259997
0.859079
0.053706
-0.208956
-0.478509
-0.762296
-0.670881
-0.723790
-0.736668
-1.063653
-1.173748
-0.884121
-0.652289
-0.599260
-0.121274
0.141312
0.275964
0.267843
0.360840
0.499219
0.542880
0.460036
0.341418
0.333559
0.129203
0.066604
0.073750
0.012974
-0.128487
-0.238272
-0.328087
-0.496140
-0.541770
-0.182444
0.043581
0.676537
1.205378
1.435347
1.441752
1.418746
1.340738
0.743215
0.534977
0.423496
0.141088
-0.481957
-0.865976
-0.787287
-0.940057
-1.032079
-0.977667
-0.643968
-0.759559
-0.798069
-0.560639
-0.065959
-0.002918
0.220035
0.429610
0.594720
0.394693
0.613856
0.686528
0.352932
0.152481
-0.087275
-0.350205
-0.533460
-0.448339
-0.159546
-0.117362
0.055974
0.160068
0.180504
-0.013260
-0.140411
-0.289373
-0.564700
-0.682717
-0.739103
-0.875878
-0.835712
-0.603295
-0.032378
0.386832
0.630628
0.831986
0.956590
0.487159
-0.126602
-0.198092
-0.227634
-0.240954
-0.083724
0.280841
0.313260
0.144649
-0.066565
0.377829
0.122315
0.250653
0.373005
0.477579
0.048329
0.106663
-0.053878
-0.204457
-0.369451
-0.524493
-0.679146
-0.654404
-0.514634
0.044229
0.496253
0.889823
1.484446
1.619112
1.166998
0.755949
0.506454
-0.114956
-0.438955
-0.546546
-0.853010
-0.872963
-1.079251
-1.306756
-0.667334
-0.401428
-0.199310
0.017030
0.242977
-0.298738
-0.130420
-0.359757
-0.217097
0.141143
0.226032
0.110143
0.348421
0.395770
0.776807
0.745204
1.033579
1.181498
1.049792
0.459051
0.391927
-0.087063
-0.580903
-0.710820
-0.934214
-1.161545
-0.857340
-0.573691
-0.460462
-0.346885
-0.003999
-0.041353
-0.227410
-0.039356
-0.130953
-0.251061
-0.210513
-0.120593
-0.301806
-0.097817
0.230062
0.344368
0.553292
0.938434
0.782044
0.474173
0.172969
-0.194446
-0.596879
-0.645409
-0.722171
-0.849538
-0.639629
-0.529908
-0.657418
-0.598145
-0.587312
-0.231642
-0.088711
0.359744
0.631596
1.130692
0.950706
0.934791
0.852451
0.780841
0.595749
0.519071
0.309764
0.139806
-0.108665
-0.351859
-0.374498
-0.470418
-0.198595
-0.140590
-0.006170
-0.089112
-0.159363
-0.126103
0.014519
0.203417
0.170797
0.179607
-0.071262
-0.287654
-0.216166
-0.198562
-0.046103
-0.071732
-0.029672
-0.306043
-0.464845
-0.425693
-0.382895
-0.274847
-0.141431
0.058049
0.373573
0.607522
1.097020
1.628327
1.647877
1.474148
0.892069
0.217843
-0.845978
-1.269224
-1.574356
-1.617959
-1.611068
-1.351899
-0.918461
-0.727254
-0.502858
0.210321
0.430016
0.576396
0.648557
0.899553
0.436342
0.398108
0.242229
0.222363
0.196321
0.174390
0.076920
-0.178113
-0.414212
-0.197435
-0.379253
-0.384444
-0.104713
0.008592
0.147990
0.513162
0.788022
0.939587
1.054713
0.653265
0.248836
-0.130127
-0.488713
-0.550765
-0.171883
-0.211501
-0.084153
-0.165848
-0.144581
-0.509202
-0.496612
-0.455496
-0.392075
-0.326758
-0.571581
-0.559614
-0.556300
-0.334565
0.094097
0.346222
0.586702
0.698693
0.545772
-0.108064
-0.221893
-0.206926
-0.428053
-0.531200
-0.192934
-0.127642
-0.151216
-0.188684
0.590917
0.910092
0.803928
0.665569
0.680913
-0.238158
-1.040678
-1.357991
-1.290367
-1.354670
-1.023451
-0.701291
-0.239721
-0.209421
0.100943
0.625134
0.825237
1.032226
1.042276
1.025982
0.641199
0.457143
0.342869
0.431781
0.349028
0.121772
0.034918
0.102938
0.036850
1.170032
1.209993
1.219079
1.434795
1.346855
0.667324
0.651140
0.437764
-0.088162
-0.309867
-0.950806
-1.144080
-0.930379
-0.955295
-0.919711
-0.193365
-0.015854
-0.013520
0.030547
0.153627
-0.285268
-0.444998
-0.444687
-0.203924
0.017085
0.035042
0.264098
0.265639
0.165265
-0.110284
-0.451185
-0.736623
-0.994328
-1.264155
-1.094840
-1.055166
-0.676475
-0.344883
-0.068409
-0.063341
0.372656
0.338760
0.171327
0.483703
0.812620
0.681338
0.844569
1.034671
0.851955
0.382623
0.158575
0.117324
-0.050532
-0.393563
-0.544507
-0.410762
-0.575096
-0.483262
0.002979
0.395346
0.621375
0.759062
0.887175
0.678199
0.409095
0.103057
-0.238675
-0.421960
-0.551957
-0.522988
-0.571947
-0.501835
0.033190
0.056385
0.139087
0.239596
0.199130
-0.185469
-0.118811
-0.053909
-0.111463
-0.199827
-0.415930
-0.524472
-0.482892
-0.712949
-0.753150
-0.397137
-0.199033
0.015905
0.442607
1.063253
1.224032
1.193614
0.885733
0.682719
0.195607
-0.413776
-0.837288
-0.878208
-0.965279
-0.400953
-0.182266
0.409043
0.708257
0.984607
0.649815
0.660587
0.195849
-0.146000
-0.304989
-0.373435
-0.459304
-0.178045
-0.184102
0.327120
0.767836
1.044918
1.052678
1.303578
0.817941
0.077488
-0.322218
-0.504846
-0.671324
-0.519392
-0.647671
-0.674708
-0.675745
-0.747206
-0.672462
-0.386100
-0.282744
-0.066516
0.180504
0.186410
0.492815
0.785752
0.651628
0.347871
0.180094
-0.177478
-0.459366
-0.458777
0.093465
0.069873
0.349250
0.549516
0.329128
-0.305315
-0.414786
-0.605842
-0.668336
-0.389752
-0.216996
0.020900
0.064364
-0.101731
-0.314917
0.287650
0.272399
0.759598
0.997450
1.061807
0.394743
0.118704
-0.508247
-0.907080
-0.788736
-0.922512
-1.086238
-0.937949
-0.695999
-0.211441
0.182087
0.610631
0.847372
1.138444
0.593857
0.352419
0.370581
0.136508
-0.104830
0.152852
0.327916
0.514782
0.502248
0.335904
-0.012949
-0.155424
-0.624827
-0.688053
-0.493576
-0.470481
-0.479932
-0.230479
-0.084056
0.000654
0.076335
0.305212
0.328443
0.256133
0.746363
0.548683
0.201989
-0.062627
-0.209940
-0.969849
-0.974258
-0.888126
-0.957031
-0.827635
-0.791964
-0.658731
-0.471121
-0.261741
0.401791
0.675873
0.910944
0.880409
0.906226
0.126285
-0.185320
-0.613248
-0.888633
-1.171532
-0.850311
-0.614249
-0.176211
0.046551
0.155155
0.647035
0.629185
0.604121
0.766345
1.013781
0.446214
0.553635
0.566397
0.399020
0.430963
0.345654
0.153719
0.098943
-0.007641
0.035415
-0.046909
-0.097467
-0.231937
-0.087115
-0.276300
-0.465122
-0.455532
-0.650888
-0.825930
-0.668128
-0.343641
0.104641
0.474155
1.021432
1.181402
0.963285
0.754707
0.544782
0.035047
-0.512456
-0.726518
-0.843349
-0.827694
-0.595998
-0.217875
0.252664
0.308666
0.650578
0.801409
0.680615
0.632609
0.548765
0.277583
0.134759
0.064309
0.077448
-0.255837
-0.503077
-0.838648
-1.034784
-1.236333
-1.076220
-0.585412
-0.243372
0.221734
0.548761
0.695019
0.402524
0.228098
0.011233
-0.108597
-0.226670
-0.162884
-0.242769
-0.312391
-0.380840
-0.367005
-0.135152
-0.135163
0.073683
0.227222
0.603663
0.625869
0.849770
0.743701
0.699137
0.345310
-0.040484
-0.358564
-0.491451
-0.856023
-0.556910
-0.498253
-0.292071
-0.087948
0.206432
0.129184
0.312337
0.423780
0.491249
0.673091
0.706195
0.534480
0.219684
-0.067194
0.022332
0.083208
0.114308
0.359370
0.453188
0.169431
-0.134676
-0.157705
0.028751
0.120140
0.262308
0.090032
-0.015789
-0.406843
-0.505830
-0.574735
-0.334581
-0.185085
0.028046
0.116384
0.148824
-0.030254
-0.196833
-0.567971
-0.564193
-0.601968
-0.731286
-0.483111
0.058573
0.252303
-0.001563
0.200561
0.233398
-0.146597
-0.423339
-0.357054
-0.165914
-0.132214
0.250919
0.110263
-0.056987
-0.274417
-0.437740
-0.693214
-0.252773
0.181996
0.432841
0.554163
0.851187
0.846682
0.840000
0.826402
0.746476
0.430596
-0.081940
-0.266551
-0.467185
-0.955523
-1.108503
-1.176596
-1.201045
-0.992265
-0.658036
-0.546659
-0.255028
-0.063340
-0.154047
-0.128931
0.008397
0.460923
0.545159
0.400854
1.141119
1.708966
1.287734
1.084971
1.386715
0.833412
0.396183
0.473559
0.505293
0.227227
0.148740
-0.030892
-0.094573
-0.083854
0.008473
0.423155
0.369728
0.329240
0.131706
-0.018989
-0.758379
-1.011040
-1.294739
-1.468569
-1.494497
-1.303967
-1.183521
-0.904541
-0.832374
-0.380786
0.046626
0.562256
0.944603
1.470864
1.412898
1.329224
1.134550
0.838097
0.631122
0.300117
0.023091
-0.113636
-0.275615
-0.480313
-0.220271
-0.383871
-0.312169
-0.167785
0.130417
0.127430
0.429920
0.439754
0.416835
0.365371
0.119076
-0.034331
-0.031501
-0.139480
0.090166
0.160082
0.325076
0.342950
0.272778
-0.174746
-0.289515
-0.391529
-0.603036
-0.592941
-0.546634
-0.584197
-0.466702
-0.489779
0.225264
0.811871
1.038632
0.912109
0.753250
0.074785
-0.644420
-0.866002
-0.701074
-0.584268
-0.395111
-0.135945
0.124634
-0.074751
-0.059849
0.027864
-0.130251
-0.209369
-0.269510
-0.219166
-0.282572
-0.155704
-0.182904
-0.052772
0.168567
0.212630
0.449247
0.699601
0.702313
1.127935
0.957370
0.562201
0.188967
-0.044480
-0.857894
-0.845504
-0.767678
-0.692209
-0.656301
-0.195342
-0.420148
-0.150540
-0.119024
-0.089124
0.394403
0.863516
0.791056
0.925962
1.117703
0.532789
0.218556
-0.051069
-0.278391
-0.269391
-0.452111
-0.560483
-0.221578
-0.498426
-0.311527
-0.234693
-0.022044
-0.168907
0.185848
-0.145438
-0.184424
0.078300
0.008058
0.110310
0.843276
1.069231
0.671418
0.484734
0.531202
-0.014340
-0.517404
-0.678340
-0.850950
-0.583051
-0.898722
-0.754372
-0.526489
-0.163095
-0.493398
-0.436929
-0.259477
-0.187436
-0.381633
0.142017
0.172176
0.269941
0.161322
0.236144
-0.347044
-0.316738
-0.272538
-0.193594
0.118025
0.459772
0.620808
0.651326
0.629204
1.084678
0.676423
0.533042
0.151388
-0.013853
-0.794762
-0.860765
-0.800921
-0.537628
-0.449683
-0.488601
-0.578105
-0.577454
-0.598141
-0.434044
0.165872
0.678057
0.849242
0.923647
1.129370
0.884920
0.418611
0.206224
-0.066895
-0.362464
-0.652554
-0.537749
-0.476084
-0.667781
-0.469392
-0.494823
-0.384936
-0.293252
-0.094461
-0.112467
-0.099826
-0.160507
-0.189777
0.001629
0.115471
0.444320
0.653862
0.733198
1.006985
1.106403
0.860622
0.525521
0.061685
-0.154371
-0.559692
-0.521567
-0.223101
0.311184
0.465954
0.533179
0.560375
0.503035
0.341120
0.544112
0.220569
0.387815
0.355506
0.372716
0.000044
0.011407
-0.303215
-0.313461
-0.701260
-1.043578
-1.013910
-1.330737
-1.476442
-0.552037
-0.357580
-0.213374
0.275677
0.272042
-0.106472
-0.030845
0.376742
0.527262
0.721534
0.637700
0.525922
0.190905
-0.106601
-0.141262
-0.320442
-0.442895
-0.494495
-0.315832
-0.133720
0.045459
0.315268
0.255274
0.150860
-0.058062
-0.504784
-0.774063
-0.808217
-0.774537
-0.248482
-0.011311
0.432091
0.697717
0.685255
0.123091
-0.191662
-0.241651
-0.500018
-0.643612
-0.774785
-0.788588
-0.900592
-0.887890
-0.135899
0.560611
0.763373
0.370870
0.309140
-0.144720
-0.540663
-0.207285
0.529693
0.695288
0.568636
0.586963
0.754928
0.346281
1.252423
2.312346
2.658463
2.965766
4.037630
