7.547385
6.145197
3.833362
1.302827
-0.551891
-2.773101
-3.834899
-3.367998
-2.965559
-3.285246
-3.132915
-2.874033
-2.844666
-2.787377
-2.499269
-2.393488
-2.101213
-1.461508
-0.747420
-0.243908
0.297389
0.581101
0.641623
0.575581
0.486395
0.409937
0.322684
0.185763
0.239188
0.353278
0.419062
0.468432
0.418536
0.346961
0.101704
-0.094055
-0.221893
-0.106112
0.238550
0.546302
0.739785
0.853986
0.926990
0.632962
0.342217
0.202283
-0.079198
-0.605264
-0.744951
-0.739735
-0.898263
-1.038919
-0.909287
-0.984481
-1.073878
-0.973058
-0.795533
-0.688988
-0.839725
-0.854653
-0.497133
-0.098818
0.117692
0.514458
0.940032
0.774553
0.460895
0.306885
0.068929
-0.268657
-0.402080
-0.342093
-0.322758
-0.337845
-0.256041
-0.172724
-0.202361
-0.098797
-0.034489
-0.052344
-0.038040
0.804174
0.676059
0.554418
0.471570
0.329463
-0.645717
-0.713498
-0.716255
-0.826224
-0.984964
-1.124777
-1.218816
-1.371352
-1.512057
-1.068325
-0.615836
-0.211397
0.226840
0.654716
0.651627
0.682232
0.729246
0.733187
0.916427
0.944057
0.982444
0.948858
0.991442
0.873534
0.701604
0.510062
0.401155
0.303401
0.182052
0.173392
0.087697
0.040085
-0.030635
-0.072057
0.030698
0.169557
0.213496
0.197210
0.209896
0.149666
0.076012
0.055342
0.151582
0.199174
0.130723
0.134810
0.271878
0.349143
0.552325
0.728327
0.895038
1.020236
1.019604
0.928986
1.054683
1.058190
1.168644
0.561164
0.038581
-0.626194
-1.075896
-1.729234
-1.543800
-1.380888
-1.206201
-1.111546
-0.965364
-0.818370
-0.710163
-0.561734
-0.478398
-0.412329
-0.352976
-0.301011
-0.180010
-0.155830
-0.135425
-0.104179
-0.138956
-0.252591
-0.276603
-0.302104
-0.391937
-0.396008
-0.415829
-0.317454
-0.290436
-0.173346
0.528037
1.159821
1.078056
1.040950
0.917759
0.626167
-0.091772
-0.173192
0.188520
0.188441
-0.233606
-0.215956
-0.164732
-0.533823
-0.533823
-0.219643
-0.165839
0.135892
0.136390
0.173346
0.142051
0.102910
0.077904
0.034443
0.283661
0.267927
0.262885
-0.013425
-0.013995
-0.054340
-0.359809
-0.386905
-0.161680
-0.177723
-0.178950
-0.152470
0.110713
0.102465
0.081399
0.070196
0.021313
0.005466
0.000551
0.212122
0.201525
0.196939
0.233431
-0.026879
0.078981
0.124014
0.115262
0.019396
-0.031231
-0.093542
-0.132185
0.066683
0.145798
0.070970
0.095252
-0.285658
-0.173821
-0.169493
-0.216879
-0.206404
0.091695
0.101818
0.031693
0.389982
0.422834
0.418045
0.433194
-0.255238
-0.090206
-0.224108
-0.972424
-0.994571
-0.437835
-0.462600
-0.549783
0.092461
0.059102
0.025690
-0.022887
0.117351
0.375302
0.413824
0.602461
0.610990
0.460265
0.453013
0.484918
0.544609
0.573114
0.862210
0.821820
0.725544
0.659285
0.503556
0.087700
0.001842
-0.011931
-0.073909
-1.172833
-2.054311
-1.995411
-1.971017
-1.926615
-0.721553
0.398834
0.295138
0.328638
0.412478
0.435688
0.573584
0.817957
0.893333
0.964600
1.265748
1.262568
1.194748
0.965366
0.704630
0.309867
0.302199
-0.128038
-0.100987
-0.019239
0.010301
-0.124942
0.239713
-0.031794
-0.710125
-1.014325
-1.243651
-1.448837
-1.248329
-0.405758
-0.231036
0.310203
0.695555
1.013227
1.041392
1.103995
0.884079
0.645032
0.325139
0.370921
0.301617
0.266125
0.035154
0.107084
-0.083934
0.054052
-0.028808
0.280726
0.485394
0.602231
0.616359
0.607665
0.168933
0.099947
-0.589946
-0.688490
-0.744029
-0.850119
-1.291693
-0.881534
-0.811488
-0.769273
-0.411291
-0.203315
-0.008715
-0.058638
0.134703
0.716160
1.354784
1.395575
1.432780
1.115940
0.438561
-0.474562
-0.836935
-0.980228
-0.884094
-0.566594
-0.079021
0.178352
0.273738
-0.056449
-0.442467
-0.773180
-0.724634
-0.545767
-0.077475
0.174360
0.403751
0.462275
0.384712
0.757612
1.298657
1.507325
1.873584
1.841378
1.476904
1.004342
0.708447
0.002226
-0.382869
-0.666965
-0.921753
-0.845468
-0.564649
-0.239535
-0.057369
0.082943
0.271577
0.187538
0.162923
0.287578
0.280588
0.103801
0.093838
0.174500
0.180506
0.364950
0.454668
-0.225099
-0.200101
-0.214530
-0.247015
-0.269588
0.536166
0.607506
0.103955
0.131334
0.212588
0.222636
0.260093
0.324161
0.406551
-0.051857
-0.467005
-0.359174
-0.294297
-0.741214
-0.657893
0.020566
0.128221
0.221687
0.830749
0.901919
0.357534
-0.193100
-0.139905
-0.620377
-0.576074
-0.526568
-0.520348
-0.530982
-0.567782
-0.549958
-0.599529
-0.726669
-0.776118
-0.748341
-0.813096
-0.562814
-0.202819
-0.011492
0.064641
0.339191
0.329273
0.312257
0.331766
0.358676
0.310887
0.111098
0.051253
-0.111557
-0.145198
-0.168360
-0.134335
-0.089258
0.177423
0.189752
0.051853
0.202094
0.449248
0.614677
1.011725
1.176654
1.035626
0.740595
0.121846
-0.496507
-0.698416
-1.088347
-1.308608
-1.101693
-0.874324
-0.693327
-0.304552
0.033313
0.581698
0.700285
0.687240
0.741291
0.757392
0.433333
0.662922
0.716969
0.977447
0.903523
0.913209
0.814892
0.431096
-0.265583
-0.680224
-0.916395
-1.333452
-1.374476
-1.048345
-0.700267
-0.518196
-0.362117
-0.032054
0.069905
-0.062878
-0.135683
-0.148640
-0.330460
-0.516087
-0.575569
-0.579317
-0.748091
-0.481165
-0.358498
-0.234915
-0.110125
0.125471
0.240613
0.465910
0.666057
0.744456
0.955749
1.269652
1.197910
1.087604
0.623034
0.182351
-0.278494
-0.375609
-0.251405
-0.274869
-0.241906
-0.455448
-0.543975
-0.516915
-0.450955
-0.030999
-0.034424
-0.089996
-0.202234
0.020276
0.092249
0.404749
0.543875
0.499621
0.569413
0.348222
0.128755
0.029153
-0.084543
-0.164877
0.089709
0.287034
0.508043
0.564923
0.610398
0.340567
-0.096342
-0.095788
0.072040
0.291775
0.074389
0.344032
0.041443
-0.519068
-0.921049
-1.102662
-1.122708
-0.899565
-0.839126
-0.784047
-0.704001
-0.663560
-0.670005
-0.368797
-0.070181
0.376254
0.755089
0.826975
1.111938
1.149095
0.899510
0.682348
0.343825
0.164650
-0.080066
-0.123502
-0.412747
-0.340470
-0.170830
-0.294961
-0.389537
-0.421978
-0.228079
-0.330412
-0.084579
0.219017
0.310958
0.161275
0.177293
-0.178247
-0.296838
-0.382592
-0.240985
-0.378399
-0.206054
-0.281249
-0.085045
-0.026898
0.011857
0.108585
0.210053
0.057977
0.326382
0.173689
0.329359
0.508279
0.672830
0.486955
0.403912
0.072148
-0.355613
-0.670753
-0.830287
-0.743591
-0.542296
-0.423466
-0.022788
0.136876
0.331307
0.620954
0.733596
0.916748
0.663181
0.461793
0.071051
-0.172204
-0.600151
-0.683895
-0.359094
-0.136059
-0.115944
0.026953
0.084883
-0.140627
-0.494690
-0.439480
-0.506798
-0.368385
-0.123992
0.170789
0.572884
0.976340
1.036607
0.854536
0.670958
0.534161
0.248474
0.264362
0.461601
0.466330
0.445828
0.056608
-0.108077
-0.470739
-0.613632
-0.829750
-0.805261
-0.675997
-0.602865
-0.466957
-0.563293
-0.440564
-0.656818
-0.774301
-0.728946
-0.494681
-0.478837
-0.289789
0.010584
0.168925
0.157047
0.194548
0.243718
-0.028518
-0.192061
-0.330042
0.024149
0.162105
0.393012
0.502145
0.457585
0.346482
0.273652
0.290838
0.182832
0.308158
0.281761
-0.111658
-0.108196
0.090101
0.206694
0.371560
0.497487
0.508140
0.081702
-0.237743
-0.488377
-0.271427
-0.327553
-0.302741
-0.070705
-0.081660
-0.287296
-0.489551
-0.442524
-0.482332
-0.462689
-0.391308
-0.155321
-0.023373
0.065802
-0.055133
0.126326
0.140136
0.183555
0.352463
0.593285
0.590333
0.530752
0.541204
0.458807
0.293442
0.323839
0.389629
0.559491
0.617341
0.712839
0.711570
0.031834
-0.023741
-0.127976
-0.120999
-0.086551
0.621653
0.714313
0.224337
0.410513
0.506390
0.045972
0.148777
0.838786
0.882591
0.334485
0.393240
-0.100270
-0.598164
-1.109041
-1.049843
-1.000910
-0.974236
-0.900179
-0.823239
-0.723402
-0.594779
-0.527768
-0.477539
-0.392617
0.299434
0.347005
0.278454
0.268120
0.223096
-0.526669
-0.553232
-0.408286
-0.184345
-0.224115
-0.222865
-0.220163
-0.318005
-0.383610
0.647530
0.765092
0.787264
0.791040
0.798944
-0.244600
-0.306030
-0.473631
-0.586632
-0.715217
-0.665051
-0.568564
-0.380833
-0.069931
0.054562
0.864687
0.801628
0.681338
0.459638
0.230557
-0.673937
-0.762459
-0.256475
-0.244679
-0.206830
-0.131660
-0.058490
-0.507466
-0.465981
0.040213
0.110636
0.106684
0.428933
0.405040
0.218271
0.176520
0.157309
-0.237536
-0.309593
-0.711913
-0.777300
-0.869355
-0.959628
-1.024638
-1.047114
-0.768844
-0.366644
0.009275
0.360499
0.812820
0.873619
0.806990
0.796179
0.719961
0.723357
0.744613
0.832375
0.915124
0.835911
0.730547
0.537015
0.252202
0.007414
-0.080700
-0.255213
-0.388010
-0.505112
-0.602321
-0.630665
-0.623887
-0.620167
-0.395401
-0.249212
0.134939
0.400055
0.385515
0.422579
0.528570
0.261222
-0.009929
0.052571
0.100928
0.008275
0.215358
0.273906
0.344250
0.382049
0.113457
0.010028
-0.164353
-0.151654
-0.517857
-0.472913
-0.347996
-0.283922
-0.152118
-0.077650
0.304732
0.240207
0.289822
0.113566
0.128855
0.216563
0.019922
0.050248
0.337516
0.250136
0.204768
0.092031
0.242817
0.079110
0.226601
0.043998
0.223633
-0.021795
-0.125274
-0.198288
-0.369950
-0.570185
-0.359567
-0.615539
-0.460404
-0.380110
-0.363841
-0.286324
-0.010013
0.091755
0.224902
0.425248
0.461265
0.314599
0.451263
0.120952
0.176093
0.096855
0.395717
0.351286
0.382495
0.276782
0.036442
-0.248564
-0.092133
0.135120
0.397196
0.395214
0.651236
0.481958
0.242707
-0.097725
0.039007
-0.210507
-0.584414
-0.602522
-0.564323
-0.765326
-0.612310
-0.415436
-0.076273
0.095494
0.195751
0.098471
-0.172458
-0.291469
-0.531267
-0.552407
-0.329331
-0.292597
-0.202136
0.055272
0.440937
0.646263
0.985407
1.065799
0.717298
0.556750
0.362565
0.356167
0.369181
0.471290
0.271043
-0.418122
-0.622086
-0.862872
-0.854271
-0.799829
-0.196578
0.065390
0.125544
0.212653
0.467661
0.087766
-0.005246
-0.251082
-0.065633
-0.168152
0.133691
0.219631
0.471610
0.359791
0.204230
0.117824
0.098839
-0.076756
0.136138
0.185118
0.277044
0.185517
0.478710
0.491231
0.580187
0.533998
0.304860
-0.006080
-0.042897
-0.145026
0.113152
-0.813267
-0.434021
-0.448005
-0.409404
-0.672562
0.446557
0.336440
0.108612
0.039316
0.177085
0.172177
0.191806
0.357077
0.512914
0.532366
0.564039
0.572244
0.177932
0.177932
-0.167892
-0.434940
-0.378068
-0.305071
-0.226204
-0.196157
-0.152158
-0.100657
-0.070813
-0.395509
-0.314648
0.072383
-0.252252
-0.219122
0.130905
0.105154
0.033958
0.038809
0.050812
-0.269916
-0.249874
-0.222981
-0.214041
0.097861
0.051135
0.032671
0.037820
0.000194
-0.002600
0.033452
0.416290
0.514505
0.536473
0.228642
0.237536
0.317017
-0.069165
-0.058751
-0.049349
-0.025993
-0.463202
-0.527322
-0.536293
-0.562904
-0.625419
-0.639793
-0.644257
0.188096
0.198257
0.245244
0.277083
0.338261
-0.434445
-0.491329
-0.491028
1.056457
1.035982
0.969307
0.985593
0.949944
-0.684010
-0.740427
-0.739131
-0.720530
-0.729800
-0.590553
-0.426862
-0.307712
-0.222572
-0.179249
-0.268613
-0.306664
-0.387375
-0.471205
-0.206132
0.012932
0.248252
0.421385
0.634841
0.490493
0.407302
0.270299
-0.178528
-0.312125
-0.537571
-0.702293
-0.738069
-0.523183
-0.430077
-0.177851
-0.025346
-0.014021
0.188243
0.272829
0.231774
0.243094
0.140109
-0.062451
-0.327944
-0.565792
-0.738204
-0.881828
-0.992484
-1.136589
-1.264890
-1.536123
-1.901086
-2.051444
-2.351455
-2.585533
-1.286155
-0.092887
0.905619
1.765180
2.728814
2.190875
1.751666
1.255598
1.207906
0.901327
0.576162
0.412673
0.404529
0.200685
0.135748
0.082908
0.050940
-0.021522
-0.160864
0.220161
0.189742
0.498843
0.593901
0.774074
0.638113
0.291618
0.027976
-0.115107
-0.020335
-0.129962
0.255923
0.350899
0.327580
0.311669
-0.038729
-0.195220
-0.205388
-0.168803
-0.411423
-0.289155
0.196678
0.373096
0.542478
1.062356
1.249081
1.154024
0.787561
0.485458
0.178373
-0.048056
-0.240164
-0.337697
-0.267951
-0.470861
-0.470861
-0.542853
-0.755494
-0.787709
-0.244237
0.240773
-0.102083
-0.141258
-0.067063
-0.698526
-1.095375
-0.737829
-0.626456
-0.663486
-0.391796
-0.379136
0.022531
0.639101
0.756782
0.805596
0.989324
0.366154
0.111868
0.104754
-0.044953
-0.210061
-0.190356
-0.155247
-0.253012
-0.550953
-0.338334
0.353719
0.495667
0.514011
1.146867
1.277514
0.781648
0.536600
0.039589
-0.116570
-0.565386
-0.561765
-0.502661
-0.229668
-0.610219
-0.442061
-0.461747
-0.595017
-0.628962
-0.504237
-0.532345
-0.399235
-0.367731
-0.190978
0.036920
0.096319
0.208019
0.408786
0.692647
0.818896
1.027510
1.186553
1.678197
1.720808
1.276006
0.854050
0.602030
0.054648
-0.082358
-0.001084
0.213944
0.139839
-0.079441
-0.347409
-1.017615
-1.137395
-1.296290
-1.320276
-1.053618
-0.435734
-0.419392
-0.382887
-0.214611
-0.342772
-0.202083
-0.227977
0.247377
0.524239
0.726981
0.836096
1.005239
0.997609
0.611181
0.460519
0.479432
0.398525
-0.169510
-0.164553
0.029016
-0.234083
-0.558811
-0.563062
-0.581035
-0.812476
-0.616717
-0.139727
0.113686
0.201551
0.882278
0.887409
0.661042
0.502081
0.379992
-0.369533
-0.497989
0.095326
0.185858
0.480632
0.652688
0.681003
0.234367
0.537121
0.357279
0.256915
0.370303
0.214485
-0.116456
-0.349497
-0.445776
-0.681461
-0.805238
-0.879547
-0.681623
-0.648505
-0.536744
-0.312982
-0.001691
0.239535
0.501693
0.663062
0.655095
0.521715
0.583671
0.706191
0.545078
0.415500
0.323473
0.283982
-0.180002
-0.251096
-0.135042
-0.436630
-0.890016
-1.021621
-1.370401
-1.850722
-1.789052
-1.754360
-1.499283
-0.916614
-0.252154
0.316979
0.457036
1.697854
1.789425
1.580795
1.399275
1.733107
0.824756
0.687019
0.743525
0.557459
0.357362
0.148815
0.142294
0.152007
-0.023679
-0.175045
-0.194377
-0.113338
-0.103198
0.252454
0.442398
0.678523
0.573410
0.530827
0.321502
-0.146249
-0.792391
-0.804551
-0.692946
-0.093440
0.307944
0.427040
0.178078
0.230034
-0.264434
-0.241375
-0.016452
0.354443
0.175610
0.440849
0.294214
0.378681
0.052934
0.049130
-0.367100
-0.372114
-0.279669
-0.166294
-0.009515
-0.193737
-0.255476
-0.467006
-0.368760
-0.490737
0.010956
0.113831
0.000972
-0.062390
0.030085
0.109390
0.255860
0.357923
0.595782
0.264162
0.230731
0.250760
0.290724
0.093692
0.495274
0.578480
0.414229
0.486805
0.681074
0.306040
-0.436090
-0.784561
-0.873653
-1.063027
-0.621711
-0.073543
0.261206
0.424171
0.400542
0.235535
0.259939
0.292361
0.278326
0.218852
-0.157726
-0.264245
-0.251683
-0.122169
-0.069484
0.048789
0.190854
0.474505
0.426168
0.554938
0.807380
0.502860
0.322306
0.309550
0.168088
-0.200646
-0.153546
-0.266380
-0.544014
-0.647983
-0.301960
-0.670848
-0.981653
-1.077330
-1.115715
-1.367725
-1.113311
-0.817201
-0.672012
-0.370359
0.001841
0.561869
0.986423
1.203939
1.260542
0.967414
0.733831
0.368809
0.177082
0.030134
-0.152227
-0.104287
0.133874
0.316568
0.378260
0.628245
0.617139
0.505742
0.229038
0.117509
0.306095
0.013112
-0.005433
0.242696
0.156743
-0.161468
-0.000338
-0.575981
-1.198440
-1.487690
-1.434112
-1.406155
-0.991374
-0.609380
-0.249371
0.021329
-0.022322
0.265921
0.476873
0.456882
0.271022
0.638147
0.684769
0.787092
0.701457
0.517081
0.139383
-0.003943
-0.166270
0.003137
0.360836
0.418584
0.315704
0.217415
0.414159
0.443032
0.251815
0.130952
0.062395
-0.267404
-0.483611
-0.521272
-0.376360
-0.093194
-0.131812
-0.250608
-0.270327
-0.627865
-0.952133
-1.024729
-0.760180
-0.511015
-0.001181
0.346354
0.564504
0.417219
0.527158
0.503784
0.369661
0.458214
0.581149
0.603791
0.382117
0.134442
0.015589
-0.200227
-0.362152
-0.382425
-0.174452
0.040222
0.378723
0.514222
0.586631
0.690492
0.434978
0.066193
-0.137873
-0.089275
-0.379007
-0.155949
0.298207
0.600845
0.781145
1.106279
0.987944
0.643272
0.185841
-0.078431
-0.148288
-0.246627
-0.001077
0.339048
0.317939
-0.005634
-0.155546
-0.542367
-0.603653
-0.668171
-0.518696
-0.139708
-0.259221
-0.607675
-0.597892
-0.525670
-0.700973
-0.349893
-0.338345
-0.533668
-0.672705
-0.819141
-1.091715
-0.942287
-0.443275
-0.150196
0.248889
0.676767
0.902051
0.745412
0.958860
0.992022
0.709564
0.666637
0.511342
0.059610
-0.286116
-0.290631
-0.111287
-0.098421
0.073646
0.118134
0.304862
0.179171
0.260858
0.182534
0.302505
0.477961
0.296813
0.272132
0.398900
0.192592
-0.337643
-0.735670
-0.891710
-0.977398
-0.801346
-0.407087
0.250176
0.849140
1.088560
1.102926
0.577696
0.244738
0.078217
-0.033822
-0.084327
0.389204
0.553167
0.283480
-0.243676
-0.547445
-0.733280
-0.871981
-0.727146
-0.401802
-0.232596
-0.393225
-0.199105
-0.248470
-0.527799
-0.360518
-0.122248
0.002224
0.122652
0.660216
0.922261
1.145245
1.066079
0.942122
0.673777
0.277754
0.056882
0.089816
0.306488
0.165522
-0.032606
-0.264260
-0.560447
-0.898659
-0.833971
-0.630653
-0.283806
-0.026340
0.100660
0.216946
0.041536
-0.238751
-0.362094
-0.452783
-0.723674
-0.557115
-0.608335
-0.856857
-0.871138
-0.507088
-0.454430
-0.178371
0.100187
0.299515
0.131023
0.063940
-0.016645
-0.085912
-0.068438
0.129651
0.349628
0.530306
0.752791
0.763979
0.860021
0.930215
1.002097
1.065373
1.152524
1.250438
1.335967
1.391069
0.742181
0.102771
0.122479
-0.519791
-1.148374
-1.059206
-0.945779
-1.478115
-1.349101
-1.166701
-0.970210
-0.813416
-0.731234
-0.611768
-0.632541
-0.632541
-0.652231
-0.611336
-0.562354
-0.420012
-0.363600
-0.356807
-0.195412
-0.064978
-0.065246
0.015762
0.204079
-0.026090
-0.261130
-0.195018
-0.151061
-0.107125
0.119456
0.137034
-0.021654
-0.192815
-0.274851
-0.276915
-0.274156
-0.115303
0.192598
0.634339
0.475695
0.331921
0.107574
-0.373972
-1.145011
-1.148950
-1.004598
-0.962888
-0.790244
-0.559594
-0.515409
-0.262755
0.159825
0.609757
0.874580
0.772929
0.859606
0.646659
0.135110
-0.237912
-0.220499
-0.436913
-0.807557
-0.586144
-0.384452
-0.243725
-0.287443
0.169385
0.073833
-0.050669
-0.039378
-0.038588
-0.126619
-0.023040
-0.085775
-0.230135
-0.411591
-0.655164
-0.807667
-0.682498
-0.596702
-0.435816
-0.222892
-0.154341
-0.296500
-0.311361
-0.324091
-0.456956
-0.558865
0.146927
0.100515
0.677789
0.655102
0.667481
0.027707
0.018835
-0.609472
-0.599869
-0.119422
-0.147670
-0.136421
-0.114767
-0.092104
-0.122397
-0.091846
0.310642
0.304463
0.300056
-0.115465
-0.107893
-0.165326
-0.160281
0.154267
0.454145
0.410741
0.077278
0.047365
0.037335
-0.292792
-0.272910
0.047869
0.057974
-0.250352
-0.260137
0.060317
0.088986
0.059819
0.376125
0.355331
0.370011
0.005515
0.042297
0.048799
0.066697
0.068539
0.088012
0.117113
0.146666
0.165146
0.174481
0.189731
0.180144
-0.139384
-0.095177
-0.428586
-0.446064
-0.469300
-0.508290
-0.552716
-0.187323
-0.205845
-0.160373
-0.141459
0.221275
-0.122616
-0.097345
0.267817
0.224387
-0.152877
-0.157608
0.233590
0.217265
0.234012
0.598304
0.585056
0.166388
-0.192183
-0.170991
-0.194734
-0.208826
0.115559
0.080379
0.377811
0.346241
0.360822
0.071533
0.103506
-0.189896
-0.448526
-0.435478
-0.444920
-0.457552
-0.190778
-0.243471
-0.008278
0.233895
0.188234
0.145112
0.130756
0.140234
-0.116998
-0.086195
-0.069156
-0.044091
-0.065012
-0.069663
0.207724
0.259971
0.258059
0.271558
0.286632
0.261658
-0.053773
-0.051604
-0.307600
-0.328209
-0.340457
-0.342929
-0.101153
0.145950
0.158988
0.183315
0.201142
0.216121
-0.003352
0.015647
0.034452
0.025825
0.020143
-0.003036
0.215465
0.175577
0.152659
-0.090605
-0.099569
-0.093084
-0.318588
-0.295120
-0.063961
-0.068873
-0.067995
-0.102886
0.113472
0.109743
0.087374
0.076448
0.091121
0.114467
-0.104703
-0.069191
-0.045459
-0.036302
-0.036014
-0.068751
0.155664
0.129128
0.106288
0.084328
0.083626
0.093720
-0.136062
-0.119922
-0.101555
-0.087281
-0.090894
-0.101262
0.131684
0.114568
0.108748
0.108922
0.107896
0.114750
-0.120635
-0.128669
-0.143300
-0.154149
-0.141518
-0.143346
0.114956
0.133890
0.120461
0.111117
0.349658
0.320898
0.043715
0.033442
0.008934
-0.002134
0.016268
0.001261
-0.045936
-0.349899
-0.660390
-0.982156
-0.622765
-0.346346
-0.002442
0.367307
0.667333
0.526180
0.598224
0.577311
0.533722
0.545737
0.442886
0.472740
0.244844
0.233701
0.005457
-0.026161
-0.178776
-0.260811
-0.323756
-0.048933
-0.153332
-0.096698
0.399594
0.328390
0.165433
0.308143
0.256386
-0.125659
-0.088029
-0.039131
0.052589
-0.033125
0.126615
0.186252
0.320617
0.341363
0.400205
0.493626
0.159811
-0.144528
-0.368466
-0.016266
0.033155
0.451342
0.420863
0.452137
-0.126162
-0.365843
-0.638257
-0.518986
-0.568629
-0.641020
-0.561692
-0.496662
-0.841632
-1.028893
-0.991925
-1.416544
-1.066476
-0.498255
-0.120016
0.154100
0.615853
0.317741
0.247009
0.386663
0.363282
0.304195
0.682559
1.070808
1.349242
1.501536
1.587108
1.208342
0.607442
0.250122
-0.570711
-1.120000
-1.204180
-1.415545
-1.531554
-0.858897
-0.355046
-0.630024
0.014725
-0.031201
0.089455
0.028759
0.399522
-0.053949
-0.292909
0.132365
0.229865
0.317599
0.547990
0.892806
0.189584
-0.167648
0.069847
0.359676
0.648660
1.194891
1.363394
1.013367
0.676511
0.334368
-0.496367
-0.424412
-0.389137
-0.275701
-0.070083
0.619999
0.596837
0.912672
0.861701
0.608167
-0.009240
-0.027345
-0.403993
-0.843817
-0.876486
-0.931796
-0.913773
-0.965800
-0.813349
-0.490388
0.141950
0.332180
0.480059
0.649437
0.340819
0.133335
-0.189596
-0.473167
-0.472903
-0.260126
-0.293290
-0.093734
-0.006874
0.197599
-0.008774
-0.099692
0.042729
0.489198
0.529103
0.266847
0.451199
0.331139
-0.289737
-0.576080
-0.569947
-0.424939
-0.145802
0.359967
0.332387
0.725499
0.706215
0.298704
0.101229
0.164950
0.052638
-0.147828
-0.032972
-0.277273
-0.227370
-0.209566
-0.134863
-0.693599
-0.321422
-0.198375
0.009488
0.113466
0.527461
0.759509
0.604351
0.600800
0.318966
0.158104
-0.496077
-0.848549
-1.064896
-0.935687
-0.353929
0.223062
0.645064
0.758389
0.841321
0.677290
0.397204
0.187605
0.297052
0.156533
0.088301
0.208306
0.441528
0.338476
0.172386
-0.039588
-0.353860
-0.318212
-0.934272
-0.967504
-0.732385
-0.801118
-0.899723
-0.516478
-0.068650
-0.044365
0.227493
0.306404
0.515655
0.389737
0.283290
0.254312
0.380361
0.020852
0.165253
-0.160239
-0.103193
-0.266639
0.178252
0.007725
0.479053
0.427435
0.648256
0.695785
0.620299
0.146819
-0.000185
-0.209643
-0.284698
-0.161636
0.188395
0.341789
0.156831
-0.046930
-0.262263
-0.448377
-0.311529
-0.533625
-0.449511
-0.398139
-0.145974
-0.204167
0.120662
0.196719
0.136828
0.392920
0.588744
0.778983
0.930156
0.717171
0.599822
0.335618
0.276918
0.109716
0.413784
0.255806
0.181408
0.087327
-0.076099
-0.136103
-0.219531
-0.168213
-0.073054
0.139559
0.386968
0.542209
-0.143016
-0.191593
-0.124156
-0.102089
-0.259431
0.471718
0.492590
0.437226
0.370599
0.114906
0.214370
0.220921
-0.101710
-0.084438
-0.034628
-0.033028
-0.340112
-0.281086
-0.269298
-0.257480
-0.307204
-0.301454
-0.031967
-0.052169
-0.051400
0.010396
0.029592
0.066813
-0.162260
-0.118355
-0.084438
0.218211
-0.034596
-0.020658
0.242173
0.225010
-0.055864
0.203091
0.449824
0.497827
0.232135
0.252883
0.017033
-0.229401
-0.164835
-0.166901
-0.161721
-0.173730
-0.167027
-0.118495
-0.149877
-0.134331
-0.149028
-0.174579
-0.055912
-0.032083
-0.022997
0.021377
0.031247
-0.489934
-0.472888
-0.477288
-0.503054
0.560790
0.556292
0.572368
0.534192
0.530034
-0.536293
-0.615390
-0.644177
-0.594920
-0.589098
-0.570350
-0.441940
-0.373004
-0.334916
-0.329038
1.050086
0.896447
0.886244
0.774952
0.806832
-0.531798
-0.487593
-0.566354
-0.599631
-0.697487
-0.900228
-0.962448
-0.973815
-0.916590
0.749811
0.767150
0.872570
1.004373
0.959391
-0.530752
-0.270258
-0.115600
-0.155294
-0.025013
-0.072038
-0.056039
-0.090107
0.073424
0.002038
-0.100311
-0.412508
-0.544039
-0.820417
-0.763386
-0.979482
-1.031758
-1.184261
-1.369097
-1.441482
-1.159334
-0.652466
-0.243193
0.407089
0.747166
0.934627
0.949213
0.961836
0.878415
0.621611
0.303037
0.119290
0.113262
-0.072158
0.017138
0.148172
0.155418
-0.052941
-0.343303
-0.709647
-0.775264
-0.772744
-0.639529
-0.300767
0.023220
0.274538
0.286197
0.124125
0.034675
0.061148
-0.379168
0.253232
1.193946
1.665740
1.261900
1.531023
0.823820
0.229368
-0.065601
0.177732
0.283985
0.308312
-0.012917
-0.797697
-0.988353
-1.327697
-0.906880
-0.846008
-0.379313
-0.120443
0.257737
0.053326
0.143086
0.305809
0.182924
0.101116
-0.047471
-0.334721
-0.367863
-0.061638
0.162360
0.258025
0.379282
0.451015
0.318266
0.086521
-0.014352
0.362680
0.701948
0.954335
1.079042
1.229474
1.050662
0.624348
0.352116
0.144306
-0.308752
-0.692409
-0.755871
-0.886622
-0.892138
-0.429976
-0.111724
0.237674
0.344645
0.550206
0.525329
0.443691
0.208778
0.105107
0.157741
-0.266659
-0.569489
-0.499256
-0.221255
-0.523143
-0.203693
-0.015917
-0.061382
-0.139760
0.137666
0.119811
0.425203
0.329920
0.148387
0.122596
-0.088960
-0.301957
-0.305518
-0.270958
-0.519730
-0.322910
-0.192939
-0.069575
0.138093
0.411326
0.452691
0.698865
1.100066
1.269562
1.281681
1.330990
0.977305
0.395028
-0.213616
-0.701700
-1.195509
-1.269370
-1.217855
-1.032854
-0.905925
-0.707356
-0.898151
-0.979555
-0.949121
-0.729552
-0.466608
-0.264049
0.035807
0.113580
0.078740
0.158758
0.296690
0.116126
0.252689
0.420995
0.377566
0.584325
0.862848
0.801741
0.737700
0.506551
-0.074337
-0.477649
-0.598551
-0.961272
-0.990357
-0.755019
-0.668761
-0.554856
-0.405663
-0.022225
0.336824
0.436060
0.410792
0.696733
0.545549
0.494042
0.421698
0.448028
0.177191
-0.227793
-0.544545
-0.692462
-0.923571
-0.665948
-0.172837
0.206239
0.406570
0.665381
0.665975
0.572278
0.403239
0.522501
0.659605
0.734836
0.842688
0.769682
0.558373
0.269362
0.021756
-0.452059
-0.619138
-0.503614
-0.349708
-0.372650
-0.402218
-0.718802
-1.015120
-1.234448
-1.264617
-0.846888
-0.212870
0.304857
0.788206
0.825920
0.693759
0.402973
0.084084
-0.412785
-0.241074
-0.026022
0.204150
0.075595
0.128595
0.101858
-0.073089
-0.160292
0.069478
0.322039
-0.134935
-0.596488
-0.805092
-0.824462
-0.907653
-0.376341
0.023314
0.646692
0.586524
0.505698
0.232212
0.036066
-0.015381
0.163828
0.060427
-0.075521
0.139110
-0.142589
-0.277076
-0.128701
0.434536
0.895039
1.044590
1.146292
1.171103
0.737796
0.180102
-0.028453
-0.115728
-0.230499
-0.315425
-0.482367
-0.625820
-0.739485
-0.793633
-0.828003
-0.572718
-0.500435
-0.046980
0.235028
0.626207
0.815533
1.142391
1.052397
0.690277
0.510838
0.280785
-0.039751
-0.176353
-0.084468
-0.325987
-0.401060
-0.419692
-0.760789
-0.727215
-0.402667
-0.085561
-0.081727
-0.050700
-0.101385
-0.282204
-0.456352
-0.448868
-0.077382
0.168835
0.284128
0.383590
0.542918
0.176433
0.043078
-0.062033
0.036495
0.140047
0.517688
0.750369
0.712286
0.356574
0.276092
-0.027202
-0.197487
-0.021029
-0.123718
-0.609945
-0.506179
-0.532157
-0.380413
0.108108
0.286284
0.163047
0.027912
-0.555433
-0.859376
-0.520918
-0.439111
-0.308361
0.163229
0.224863
0.140293
0.245460
0.659703
0.939260
1.209303
1.205633
1.123269
0.782347
0.590693
0.256383
-0.139224
-0.267212
-0.495761
-0.655456
-0.457064
-0.003188
0.152952
0.517108
0.206921
-0.322540
-0.638804
-0.567860
-0.716291
-0.396605
-0.143203
-0.137875
-0.120926
-0.165719
-0.419140
-0.170324
-0.063450
0.249388
0.283644
0.497950
0.252319
0.232174
-0.382255
-0.565120
-0.669227
-0.628616
-0.613483
-0.529710
-0.451812
-0.135670
0.262977
0.642933
1.144652
1.350370
1.092150
0.939006
0.617732
0.296357
0.094234
0.021960
-0.161741
-0.287912
-0.576075
-0.852983
-0.974626
-1.209997
-0.648803
-0.209746
0.192212
0.669865
1.221576
0.670467
0.573203
0.444459
0.218429
-0.072934
0.014039
0.108437
0.105303
0.050480
0.031961
0.075561
-0.398800
-0.479262
-0.750261
-0.827817
-1.039995
-1.114131
-1.064308
-0.682221
-0.696832
-0.583112
-0.128094
0.241119
-0.163777
-0.176420
-0.369534
-0.663378
-0.858477
-0.579387
-0.389262
-0.019127
0.161465
0.301844
0.400062
0.424236
0.422997
0.534721
0.316851
0.539550
0.736037
0.844455
0.653936
0.626479
0.501897
0.407915
0.175922
0.242979
0.251000
0.061753
-0.229422
-0.323830
-0.436570
-0.553848
-0.637387
-0.738418
-0.840132
-0.964125
-1.118387
-1.286191
-1.434395
-1.543450
-1.667460
-1.785561
-1.081799
-0.348240
0.308154
1.074631
1.706774
1.582369
1.399468
1.256153
1.067510
1.030933
0.956619
0.901308
0.706151
0.477015
0.382149
0.302555
0.233699
0.372375
0.485555
0.456764
0.300846
0.268424
0.013697
-0.066950
-0.331548
-0.415773
-0.389542
-0.393896
-0.293522
-0.221768
0.060601
0.188392
0.244544
0.203155
0.160466
0.086947
-0.230902
-0.327330
-0.371161
-0.383056
-0.432551
-0.155175
-0.066285
-0.180874
-0.225170
-0.187594
-0.520600
-0.409062
-0.510774
-0.075512
0.015206
0.470953
0.559647
0.912629
0.899558
0.868463
0.304448
0.338583
0.198860
-0.021041
-0.021041
0.402265
0.356819
0.296283
0.425125
0.069475
0.016499
-0.179101
0.001435
-0.022019
-0.060757
-0.025573
-0.243027
-0.304833
-0.365948
-0.036505
-0.148150
-0.129998
-0.067936
0.069360
0.123528
0.296281
0.457689
0.547781
0.297185
0.101870
0.120406
0.119504
0.001460
-0.112405
-0.033604
-0.206711
-0.313627
-0.365810
-0.353350
-0.252415
-0.332206
-0.204785
0.005120
0.139623
0.250086
0.184193
0.420192
0.259956
0.243714
0.073782
0.047295
0.017402
-0.252999
-0.368605
-0.341287
-0.359890
-0.406043
-0.428819
-0.125323
-0.077522
0.330375
0.430897
0.472762
0.412571
0.145182
-0.215594
-0.290190
-0.380772
-0.405054
-0.466986
-0.283356
-0.287250
-0.195856
-0.158746
0.190565
0.240328
0.013163
-0.007104
-0.000533
-0.015113
0.006403
0.059023
0.360433
0.444875
0.269975
0.314039
0.366811
0.390801
0.175056
0.145584
0.122921
0.088378
0.074845
-0.079892
0.056369
-0.019758
-0.107722
-0.233531
-0.226289
-0.271753
-0.487664
-0.479484
-0.447848
-0.379237
-0.288589
-0.206338
0.091004
0.136844
0.164434
0.242177
0.270459
0.295463
0.399145
0.702682
0.653160
0.619501
0.640232
0.387237
0.394341
0.485879
0.552075
-0.504152
-0.349891
-1.445518
-1.555102
-1.427534
-0.424534
-0.596188
0.459904
0.333645
0.360659
0.343458
0.335025
0.253402
0.230235
0.224291
0.057048
0.090179
0.069662
0.092455
0.022981
0.061209
0.258115
0.333135
0.428256
0.520108
0.643161
0.630301
0.566804
0.580422
0.207204
0.208182
-0.122406
-0.073857
-0.334662
-0.291044
-0.281635
-0.260735
-0.562855
-0.531012
-0.509549
-0.744284
-0.709831
-0.412133
-0.378851
-0.116723
-0.102184
-0.081467
-0.078867
0.215166
0.224398
0.225321
0.455734
0.461980
0.166367
0.162057
0.394508
0.394508
0.153454
0.152033
0.153199
-0.104463
-0.107148
-0.135844
-0.162020
-0.417049
-0.387628
-0.329390
-0.292955
0.021994
0.057758
0.072390
0.073861
0.096729
0.124220
0.100943
0.424110
0.489500
0.456212
0.127630
0.142796
-0.222237
-0.583613
-0.595778
-0.594061
-0.603733
-0.561398
-0.511036
0.242766
1.025563
0.993109
0.965895
0.917354
0.230915
-0.451621
-0.369253
-0.373671
-0.405626
-0.575258
-0.719996
-0.958080
-1.061231
-0.976356
-0.837650
-0.790388
-0.550490
-0.187539
0.053942
0.354640
0.462746
0.449535
0.286996
0.214065
0.115729
0.114227
-0.034432
0.298954
0.289325
0.186393
0.351768
0.533376
0.137234
-0.150114
-0.209809
-0.467509
-0.439556
-0.170150
0.074725
0.088056
-0.089703
0.026811
-0.081574
-0.064729
-0.014506
0.460294
0.550352
0.725537
0.781947
1.129091
1.176589
0.827096
0.564451
0.216072
-0.279894
-0.365379
-0.071112
-0.062138
0.187504
0.169847
-0.007654
-0.042826
-0.133261
-0.228844
-0.193538
-0.103645
-0.295689
-0.176243
0.026972
0.468623
0.516351
0.480496
0.473802
-0.143830
-0.844918
-1.252300
-1.167315
-1.086468
-0.483211
0.082269
0.604821
1.066470
1.246603
1.120792
1.123925
1.459185
0.995243
0.770416
0.545418
0.335944
-0.291265
-0.246022
-0.405157
-0.285675
-0.280030
-0.296000
-0.228287
-0.175961
0.068403
0.404668
0.618697
0.492504
0.627557
0.302980
-0.109335
-0.550655
-0.859908
-1.019121
-0.953409
-1.001701
-0.939928
-0.722663
-1.029465
-1.208861
-1.272125
-1.082529
-0.875736
-0.220486
-0.013100
0.537436
0.891165
0.828575
0.607995
0.659528
0.394943
0.242088
0.373635
0.445293
0.693541
0.698414
0.559974
0.324209
0.130622
-0.022143
-0.212941
-0.310102
-0.354765
-0.502802
-0.713806
-0.758555
-0.684909
-0.549049
-0.065809
0.278023
0.637748
0.886085
1.075618
0.941183
0.924354
0.714301
0.559628
0.540769
0.578818
0.567184
0.508504
0.486002
0.384246
0.195023
-0.219996
-0.408771
-0.642241
-0.515633
-0.475292
-0.209741
-0.056253
0.169599
-0.009386
0.013272
0.129197
0.196009
0.125139
0.462591
0.238746
0.002636
-0.183072
-0.416125
-1.085750
-1.117176
-1.201063
-1.174319
-1.069636
-0.823504
-0.677716
-0.464155
-0.462781
-0.341539
-0.206539
0.069902
0.094467
0.438226
0.400009
0.278336
0.066778
-0.067040
-0.239550
-0.199659
-0.006305
0.200017
0.507365
0.818101
1.055400
0.802916
0.135837
-0.290191
-0.718674
-0.923978
-0.742814
-0.552395
-0.661826
-0.518069
-0.590627
-0.992764
-0.845473
-0.754187
-0.598680
-0.345374
0.059202
0.316793
0.482391
0.229540
0.066359
0.513504
0.912673
0.994822
0.982435
0.828093
0.345119
-0.213520
-0.546269
-0.212170
0.282054
0.398613
0.282655
0.485864
0.267637
-0.050394
-0.154724
0.001954
0.171267
0.081281
-0.146859
-0.232277
-0.395540
-0.471395
-0.610306
-0.489924
-0.451144
-0.318218
-0.165641
0.159189
0.438653
0.539941
0.632896
0.642964
0.684624
0.574742
0.568118
0.538808
0.393833
0.106343
-0.161568
-0.332560
-0.505147
-0.690427
-0.771849
-0.835970
-0.956546
-1.052235
-1.114484
-1.191452
-1.269258
-1.382839
-1.476274
-0.788269
-0.123537
0.541010
1.163970
1.777267
1.609088
1.416287
1.254714
1.140219
0.995425
0.855378
0.784503
0.666301
0.528834
0.380747
0.222249
0.011165
-0.140662
-0.339181
-0.272266
-0.282607
-0.197488
0.002273
0.202786
-0.141216
-0.107868
-0.095170
-0.727935
-0.738116
-0.125179
-0.182278
-0.180644
0.431292
0.640951
0.285844
0.443456
0.600324
0.782239
0.671007
0.625215
0.556751
0.295327
-0.195048
-0.452512
-0.494689
-0.587851
-0.282327
0.052048
0.325082
0.276251
0.543458
0.603477
0.521746
0.696513
0.553336
0.328115
0.088709
0.029334
-0.484969
-0.429378
-0.529655
-0.793676
-0.722300
-0.476539
-0.167283
0.088076
0.453387
0.530734
0.701249
0.679094
0.777219
0.242840
-0.063863
-0.277806
-0.267518
-0.500824
-0.173643
0.089797
0.457151
0.482857
0.690492
0.859304
0.834414
0.835640
0.240421
0.000690
-0.045971
-0.181575
-0.869095
-0.653629
-1.023516
-1.192374
-1.173701
-0.881825
-0.566510
-0.492085
-0.241242
-0.096824
0.067700
0.244477
0.611870
0.407848
0.327827
0.493971
-0.049542
-0.480924
-0.353620
-0.356642
-0.624584
-0.431728
0.129726
0.184641
0.291056
0.458340
0.510243
0.460780
0.231739
0.069555
0.014211
-0.013849
-0.185274
0.056274
0.043760
-0.279177
-0.407443
-0.554871
-0.734379
-0.652888
-0.315150
0.018168
-0.090483
0.029426
0.181555
0.146591
0.205425
0.553900
0.658868
0.654175
0.487737
0.157520
0.361343
0.340860
0.256733
0.146163
0.397670
0.248610
0.189792
0.165487
0.189846
0.023024
-0.274572
-0.484982
-0.712248
-0.848873
-0.698283
-0.658927
-0.550606
-0.357411
0.189514
-0.013367
0.279511
0.482600
0.473420
0.362408
0.683417
0.515030
0.489486
0.577216
0.510405
0.476137
0.485200
0.278527
-0.093824
-0.314120
-0.596250
-0.650164
-0.464911
-0.169666
0.197710
0.472965
0.329076
0.427509
0.036519
-0.030672
-0.092068
0.194423
-0.207196
0.127623
-0.089869
-0.269834
-0.542715
-0.540895
-0.590092
-0.762117
-0.642308
-0.408286
-0.141723
-0.062771
0.234775
-0.147475
-0.308741
-0.568023
-0.599821
-0.560719
-0.165252
0.033529
0.356035
-0.122349
-0.225839
-0.251100
-0.234902
-0.367043
0.253301
0.253096
0.576336
0.666885
0.958706
0.689773
0.642478
0.384366
0.056328
-0.252815
-0.099529
-0.253261
-0.474014
-0.281242
-0.161519
-0.153038
-0.181026
-0.279531
-0.394824
-0.689227
-0.746090
-0.475583
-0.060794
0.220614
0.317247
0.300572
0.257498
0.276059
0.395942
0.552204
1.067350
1.434141
1.252673
0.798336
0.701828
0.124639
-0.398911
-0.392846
-0.263321
-0.364304
-0.518674
-0.270475
-0.129766
-0.135349
-0.269422
-0.042240
-0.364167
-0.964761
-1.149148
-1.156603
-1.141636
-0.969114
-0.608651
-0.268913
0.097108
0.284391
0.554442
0.839843
0.838517
1.047324
0.838778
0.456433
0.552993
0.482520
0.445434
0.647412
0.801818
0.629405
0.518342
0.297538
0.123149
0.286974
0.094172
0.015588
-0.058093
-0.465181
-1.008723
-1.170405
-1.084700
-1.240783
-0.883100
-0.594022
-0.521182
-0.476656
-0.192882
0.010325
0.158416
0.536162
1.011098
1.084691
1.082614
0.987261
0.914431
0.494832
0.264573
0.144489
0.135437
-0.089138
0.066317
-0.130969
-0.056257
-0.245052
-0.266395
-0.596342
-0.915354
-1.304644
-1.378645
-1.390648
-1.233166
-0.571887
-0.175476
0.244291
0.339625
0.568938
0.666234
0.648099
0.380602
0.492648
0.182445
0.221054
0.249482
0.503804
0.581523
0.644771
0.789983
0.729363
0.961491
1.100838
1.123903
0.131378
-0.053763
-0.432766
-0.915596
-1.155662
-0.795278
-0.850572
-0.930168
-0.762071
-0.634056
-0.524758
-0.381122
-0.082220
-0.130173
0.134656
0.393529
0.473631
0.306569
0.197602
-0.080806
-0.375625
-0.185834
-0.825707
-0.459129
-0.081870
0.295896
0.098243
0.715192
0.516876
0.404060
0.421817
0.861985
0.903633
0.962201
0.668580
0.302880
-0.250414
-0.325686
-0.292410
-0.115408
0.005805
0.005976
0.000842
-0.083670
0.038463
-0.396940
-0.763021
-0.278867
-0.817310
-0.844929
-0.270633
0.321538
-0.133374
0.484269
0.361312
0.468435
0.608352
0.721219
0.769296
0.930889
0.935826
0.769923
0.415575
0.018509
-0.575782
-0.897453
-1.105833
-1.005243
-0.937307
-0.775362
-0.808279
-0.999042
-0.959244
-0.781798
-0.642050
-0.373500
-0.092857
0.338323
0.243316
0.423625
0.340561
0.508637
0.284087
0.450034
0.612724
0.502406
0.244692
0.122334
-0.095331
-0.415142
-0.558988
-0.678278
-0.689085
-0.385164
-0.046153
0.234918
0.342504
0.336826
0.210138
0.137990
0.244987
0.562319
0.533622
0.513155
0.311657
0.268067
0.236295
0.425369
0.591635
0.591914
0.452039
0.366816
0.272593
0.290818
0.395788
0.537194
0.569490
0.698686
0.744088
-0.246609
-0.334415
-0.402075
-0.472228
-0.553941
0.472856
0.542574
0.009034
0.045751
-0.535264
-0.554219
-0.572110
0.040470
0.037086
0.063409
0.050871
0.020112
-0.012874
-0.053487
0.035085
-0.011974
-0.435001
-0.429421
-0.395299
0.049706
0.141908
0.635198
0.698034
0.717267
0.750855
0.771738
0.357589
0.407867
0.038609
0.127992
0.187179
0.267621
-0.085545
-0.005759
-0.389691
-0.777654
-0.742548
-0.711484
-0.662300
-0.195117
-0.173317
-0.136474
-0.106476
-0.122911
-0.519486
-0.513672
-0.488278
-0.462369
-0.392462
-0.374971
-0.360949
-0.434150
-0.436959
1.082888
2.581381
2.462295
2.497855
2.437137
0.848271
-0.721026
-0.654095
-0.674156
-0.672775
-0.618401
-0.554674
-0.570637
-0.648219
-0.642919
-0.674878
-0.747785
-0.691595
-0.506313
-0.429241
-0.315361
-0.280923
-0.294634
-0.226566
-0.140478
-0.055629
0.200858
0.501209
0.705409
0.737310
0.535199
0.271379
0.125683
-0.249874
-0.496540
-0.538190
-0.448268
-0.585987
-0.557015
-0.457845
-0.413197
-0.440853
-0.062752
0.202090
0.586140
0.671206
0.932798
0.961088
0.863029
0.654866
0.778003
0.603291
-0.062788
-0.167198
-0.604657
-0.925297
-1.061202
-0.713782
-0.785122
-0.849179
-0.739074
-0.530934
-0.465055
-0.082270
0.425640
0.799654
0.720685
0.724283
0.299485
0.179134
-0.071095
0.120056
0.453065
0.702038
0.548179
0.496297
0.088948
-0.448805
-0.664422
-0.611652
-0.592955
-0.564953
-0.437408
-0.430176
-0.445426
-0.570103
-0.520654
-0.642999
-0.888616
-0.915644
-0.965232
-1.108888
-0.890068
-0.463213
-0.238694
0.144715
0.502034
0.445876
0.551545
0.601572
0.557587
0.722578
0.764956
0.692079
0.724068
0.749229
0.743144
0.792438
0.695792
0.504475
0.503099
0.291043
0.141548
0.096736
0.267663
0.200804
0.103059
-0.129998
-0.262577
-0.633483
-0.960846
-0.832387
-0.704277
-0.635425
-0.489681
-0.751978
-1.125416
-1.136478
-1.023206
-0.180534
0.562269
0.935459
1.205151
1.047473
0.447880
0.258767
0.155912
0.085117
0.183922
-0.042865
-0.108243
-0.193778
-0.469589
-0.394286
-0.337604
-0.288432
-0.122207
0.260449
0.432463
0.859805
0.965800
0.944595
0.939670
0.922509
0.546146
0.246831
0.361538
0.295050
0.412608
0.039134
-0.134695
-0.354051
-0.598694
-1.086274
-0.878769
-0.701379
-0.608107
-0.207193
0.006692
0.207150
0.342140
0.099328
0.059222
0.126359
0.105573
0.134534
0.203884
-0.107484
-0.382345
-0.427140
-0.579640
-0.594302
-0.374364
-0.031663
0.056041
0.465437
0.902074
0.983114
0.824224
0.874647
0.618359
0.447600
0.248472
0.124419
-0.248908
-0.303653
-0.414282
-0.655496
-0.431489
-0.158462
-0.293527
0.035347
0.486025
0.302443
0.378333
0.632801
0.429757
0.388210
0.354468
0.083699
-0.399695
-0.704106
-1.012426
-0.954674
-0.862850
-0.445422
-0.090339
0.009816
0.437334
0.797749
0.949223
1.058482
1.251771
0.981763
0.881051
0.667371
0.297468
0.176686
0.171139
0.117509
0.228238
0.385735
0.196492
-0.112190
-0.254794
-0.346126
-0.472998
-0.465106
-0.417368
-0.614355
-0.723925
-0.752092
-0.356999
-0.256996
0.152160
0.362687
0.485427
0.300680
0.296213
-0.060087
-0.450369
-0.621429
-0.899658
-1.032913
-1.156642
-1.097466
-1.155926
-0.781415
-0.471568
-0.108790
0.133503
0.437755
0.249248
0.094426
-0.125389
-0.234198
-0.150388
0.010304
-0.289383
-0.478966
-0.476147
-0.740271
-0.906521
-0.405690
0.144833
0.422634
0.727438
1.029043
0.941160
0.920280
1.146649
1.036921
0.705514
0.597894
0.299554
-0.101296
-0.115018
0.125347
0.125874
0.063123
0.035030
-0.289599
-0.614424
-0.569733
-0.636939
-0.849875
-0.906323
-0.780794
-0.904566
-0.816328
-0.686219
-0.457580
-0.422201
-0.326267
0.113304
0.612023
0.928701
1.140156
1.333990
1.049561
0.664588
0.636352
0.202016
-0.280143
-0.188413
0.073869
-0.156717
-0.000331
0.347005
0.219073
-0.267802
-0.335882
-0.371261
-0.539895
-0.480821
-0.082679
0.123414
0.163289
0.459072
0.338747
0.290473
0.229451
0.358553
0.335930
0.592500
0.391126
0.354967
0.249265
0.143708
-0.088690
-0.195465
-0.541234
-0.679310
-0.895768
-1.071603
-0.530641
-0.147610
0.191258
0.491909
0.894671
0.523407
0.558570
0.467477
0.476492
0.228697
0.169522
0.234744
0.326500
0.106296
0.225794
0.152584
-0.132925
-0.366251
-0.345671
-0.527521
-0.579854
-0.730595
-0.915411
-0.958343
-1.090441
-1.099884
-0.852670
-0.657262
-0.646383
-0.156107
0.270629
0.345599
0.302572
0.310893
0.085695
-0.011952
0.226890
0.628566
0.929649
1.138910
1.173209
1.064661
0.977649
0.731876
0.417834
0.043841
-0.348049
-0.642567
-0.732643
-0.569833
-0.347298
-0.288434
-0.341849
-0.385554
-0.554985
-0.540842
-0.324145
-0.087019
0.390328
0.431780
0.254625
0.054301
-0.250214
-0.815737
-1.052906
-1.046078
-0.916938
-0.813492
-0.649791
-0.209628
0.002299
-0.032768
0.419280
0.967117
1.123245
1.153093
1.291177
1.016114
0.685565
0.557080
0.594066
0.431216
0.381643
0.037683
-0.430006
-0.706014
-0.540624
-0.662866
-0.451484
-0.148964
0.042055
-0.356068
-0.356717
-0.258028
-0.279953
-0.251988
0.365039
0.874621
0.878622
0.932030
0.896416
0.756931
0.632664
0.627928
0.771604
0.465137
-0.105731
-0.627175
-0.838381
-1.288862
-0.903324
-0.461302
-0.222516
-0.112700
0.018844
0.185219
-0.007374
-0.098235
-0.097684
0.020154
-0.450750
-0.331844
-0.350951
-0.408954
-0.504070
-0.702378
-1.087114
-0.871452
-0.780496
-0.105376
0.712804
1.533095
1.735603
2.111793
1.999654
1.752507
1.598481
1.266573
0.900959
0.530633
0.347150
0.050563
-0.028764
-0.247220
-0.271513
-0.368585
-0.312972
-0.210820
0.011909
-0.148259
0.077222
0.031689
-0.372073
-0.680409
-0.890104
-1.296855
-1.408976
-0.819647
-0.590302
0.097339
0.644372
0.591763
0.302162
0.181263
-0.268688
-0.609040
-0.351450
-0.353530
-0.311809
0.007616
0.574565
0.543324
0.803062
1.316785
1.122731
0.770855
0.648191
0.414756
-0.055552
-0.143254
-0.082553
-0.296699
-0.450772
-0.579417
-0.893905
-0.873084
-0.493565
0.336752
0.632871
1.051912
0.858728
0.635996
-0.061694
-0.240278
-0.237888
-0.048153
0.375574
0.204885
0.163336
-0.364087
-0.708894
-1.094297
-0.950932
-1.096572
-0.756032
-0.721881
-0.543134
-0.491326
-0.305893
-0.069029
-0.182267
-0.394864
-0.353483
-0.262409
-0.367448
0.270346
0.881784
1.123377
1.224697
0.974902
0.358716
-0.078628
-0.450546
-0.497425
-0.094968
0.090337
0.116049
0.080735
0.100536
0.053081
0.324307
0.040136
0.221508
0.163608
0.168356
-0.100628
0.148277
0.214135
0.276826
-0.210558
-0.467351
-0.631889
-0.472785
-0.139252
0.637781
1.269540
1.694692
1.316397
0.502856
0.052734
-0.376469
-0.502326
-0.407329
-0.076816
0.022570
0.156233
0.102767
0.383509
0.603918
0.316943
0.148717
-0.060611
-0.295928
-0.659938
-0.545100
-0.722149
-0.959048
-1.016031
-0.787871
-0.351675
-0.064245
0.180131
0.473343
0.784967
0.728350
0.758010
0.837260
0.574211
-0.065006
-0.455073
-0.678204
-0.762292
-0.642816
-0.231750
-0.116959
-0.080287
-0.211792
-0.139971
0.169708
0.449610
0.557532
0.880559
0.723176
0.257177
-0.440289
-0.655985
-0.766850
-0.904314
-1.038890
-0.798975
-0.730278
-0.605921
-0.385394
0.165315
0.710137
0.767792
0.775019
0.780186
0.555489
0.297458
0.438604
0.417188
0.150153
-0.133424
-0.446735
-0.514001
-0.728914
-0.224751
0.300138
0.637276
0.758940
0.759201
0.490716
0.164566
-0.044818
-0.602477
-0.756259
-0.693906
-0.843553
-0.949607
-0.646109
-0.123485
0.051656
0.390008
0.705446
1.080022
0.813686
0.578414
0.348966
0.229246
0.001717
-0.297188
-0.461625
-0.441876
-0.400321
-0.585662
-0.719944
-0.851392
-0.935610
-0.981212
-0.727142
-0.143424
0.179835
0.196721
0.375385
0.208304
0.076402
0.420596
0.906997
1.124717
1.658135
1.874982
1.585725
1.107060
0.587025
0.051365
-0.275169
-0.544774
-0.776772
-0.820095
-0.926281
-1.025566
-0.758250
-0.428150
-0.009271
0.213805
0.387906
0.402262
0.561958
0.323600
0.480299
0.400593
0.222877
0.162685
0.079004
-0.204688
-0.262033
-0.200546
-0.448207
-0.219876
-0.072729
0.087164
-0.209228
-0.242010
-0.420943
-0.640440
-0.419367
0.087532
0.490482
0.588446
0.875155
0.638813
0.422251
0.184049
0.090374
-0.264006
-0.498257
-0.653287
-0.803549
-1.020557
-1.051220
-0.848104
-0.719615
-0.408062
0.050347
0.736873
1.274300
1.649941
1.843383
1.531454
0.930631
0.317967
-0.384254
-1.073508
-1.178624
-1.223062
-1.079811
-0.797882
-0.634151
-0.432041
-0.115461
-0.233649
0.115692
0.226445
0.460627
0.523773
0.689227
0.465772
0.485430
0.322296
0.327588
0.310598
0.232736
0.302467
0.043605
-0.277091
-0.375711
-0.328880
-0.366113
-0.216860
-0.079491
-0.142260
-0.186887
-0.357818
-0.442552
-0.509457
-0.520121
-0.645370
-0.633200
-0.646437
-0.650280
-0.623246
-0.604488
-0.643157
-0.667275
0.022536
0.686237
0.657440
1.334369
1.319440
0.636234
-0.057132
-0.006111
-0.639811
-0.573134
-0.020044
-0.049320
0.443704
0.932336
0.861319
0.276224
0.282862
0.309612
-0.196458
-0.139971
-0.055651
0.023116
-0.465193
-0.418791
0.041601
0.446212
0.387218
0.357392
0.342646
-0.109912
-0.539675
-0.527101
-0.502939
-0.498159
-0.474705
-0.481183
-0.454526
-0.452787
-0.460545
-0.086360
-0.086426
0.254079
0.253572
0.260078
0.182108
0.191833
0.110893
0.102121
0.380657
0.341323
0.316199
0.029612
0.019801
-0.010113
-0.309276
-0.318063
-0.060844
-0.076566
-0.079580
-0.078836
0.182390
0.174338
0.172037
0.163160
0.173189
0.196828
-0.049395
-0.046850
-0.052763
-0.084710
-0.123714
-0.197023
0.025898
-0.002763
-0.068005
-0.086366
-0.103715
-0.108944
-0.432787
-0.471171
-0.448372
-0.152043
-0.181096
0.123384
0.448114
0.415170
0.439313
0.514247
0.550828
0.627711
0.012391
0.031168
0.030650
0.039345
0.006703
0.634215
0.575888
0.530804
-0.655570
-0.683789
-0.676140
-0.664320
-0.670457
0.414475
0.404760
0.365288
0.303877
0.140999
0.072272
-0.031131
-0.118322
-0.095141
0.167564
0.348209
0.613776
0.870325
0.920713
0.911038
1.063568
1.140926
1.012732
1.033474
1.064765
0.862509
0.425186
0.104537
-0.162765
-1.458465
-1.819414
-1.815403
-1.710265
-1.435693
-0.242187
0.128271
0.277345
0.430443
0.362249
0.353751
0.337838
0.419574
0.698094
1.019291
1.102839
1.286874
1.242609
0.943660
0.616057
0.214705
-0.037002
-0.118722
-0.173516
-0.241164
0.100194
0.019044
0.020511
-0.069689
-0.182189
-0.345314
-0.179238
-0.050912
0.069457
0.182497
0.286949
0.295200
0.196213
0.311065
0.442436
0.506401
0.540170
0.657298
0.664087
0.675745
0.745127
0.771225
0.862483
0.973685
1.075210
1.165949
1.289603
0.716040
0.171565
-0.333863
-0.885775
-1.429088
-1.320990
-1.218654
-1.119278
-1.002755
-0.926450
-0.815106
-0.732021
-0.666589
-0.624220
-0.517926
-0.368943
-0.278909
-0.257950
-0.042073
-0.069301
-0.085117
-0.022283
-0.010097
-0.342649
-0.515673
-0.546983
-0.547662
-0.364464
0.033346
0.359797
0.379599
0.494318
0.480492
0.343712
0.170145
0.201226
-0.006646
-0.291822
-0.519013
-0.627371
-0.858222
-1.019450
-0.978404
-0.929926
-0.753649
-0.584837
-0.313189
0.114042
0.516852
0.739085
0.992581
1.072973
0.819684
0.539275
0.525605
0.385901
0.351103
0.410314
0.301201
0.294633
0.102637
-0.227182
-0.559720
-0.530142
-0.550129
-0.425579
-0.109561
0.188514
0.447861
0.258767
0.243758
0.259243
0.402992
0.157365
0.055366
0.156325
0.472075
0.047272
-0.385090
-0.637385
-1.236979
-1.708252
-1.616374
-1.368756
-1.041733
-0.381190
-0.212534
0.115945
0.357872
0.404898
0.553996
0.480826
0.220563
-0.122231
-0.373815
-1.061636
-1.184064
-1.145241
-0.729373
-0.489013
-0.201714
-0.087953
-0.095227
-0.180469
-0.220776
0.481194
0.829102
1.153753
1.526967
1.432289
0.744320
0.656111
0.380767
0.015079
0.063980
0.108465
-0.302432
-0.244881
-0.338118
-0.224190
-0.365238
-0.475488
-0.641479
-0.759140
-0.632175
-0.288114
-0.036481
0.195529
0.609980
0.617202
0.592879
0.525271
0.812238
0.401273
0.126885
-0.118801
-0.374611
-1.030180
-1.079591
-0.830457
-0.720180
-0.384675
-0.083118
0.344055
0.342115
0.398388
0.478654
0.596019
0.654557
0.670398
0.644544
0.493822
0.260406
-0.069857
-0.203189
-0.369740
-0.461004
-0.436869
-0.354452
-0.410568
-0.477627
-0.375050
-0.149554
0.008761
0.250050
0.408316
0.397370
0.170227
-0.024662
-0.306362
-0.395729
-0.475942
-0.576072
-0.616378
-0.618190
-0.630918
-0.682663
-0.734939
-0.807626
-0.898460
-0.951019
-1.021325
-1.108490
-0.484894
-0.588209
-0.004337
0.587612
1.176358
1.070315
1.691729
1.566535
1.448564
1.305600
1.135198
0.978636
0.831076
0.724977
0.655818
0.583999
0.326236
0.129754
-0.043763
-0.293751
-0.550657
-0.578633
-0.652255
-0.705817
-0.653574
-0.341016
-0.377439
-0.202191
-0.286046
-0.367099
-0.411969
-0.178067
-0.329041
-0.239246
-0.070216
-0.166840
-0.224638
-0.062499
0.072624
0.025755
0.025640
0.049507
0.033102
-0.038545
0.081524
0.119711
0.146507
0.207246
0.024665
-0.096659
-0.137001
-0.299264
-0.459331
-0.418544
-0.458693
-0.582868
-0.585160
-0.631566
-0.586063
-0.623401
-0.616988
-0.625941
-0.633637
-0.090663
-0.136878
-0.181189
0.457403
0.312945
0.406493
0.302994
1.012814
1.036270
1.063202
1.000509
1.002274
0.984881
0.190607
0.163393
0.147365
0.848199
0.232169
0.001193
0.130917
-0.430369
-1.007100
-1.009298
-0.669542
-0.655716
-0.590452
-0.599033
-0.566668
-0.638510
-0.601541
-0.648172
-0.559318
-0.546751
-0.327866
-0.118703
-0.054396
0.021461
-0.008160
-0.100526
-0.015335
-0.114242
-0.246527
-0.260821
-0.125262
-0.252638
-0.305565
-0.085350
0.109882
0.146794
0.133368
0.115310
0.017598
-0.416850
-0.427683
-0.812672
-0.394244
-0.222410
0.087516
0.220382
0.524238
0.516198
0.170706
0.112438
0.306204
0.648128
0.768404
1.241448
1.478378
1.281333
1.046670
0.630683
0.344675
0.094296
0.011994
-0.011623
-0.042744
-0.187458
-0.150111
-0.321795
-0.287049
-0.030196
0.150820
0.094338
0.235566
0.591862
0.469861
0.324126
0.666095
0.786305
0.731358
0.857343
0.949774
0.659434
0.373709
0.150226
0.360675
0.613576
0.925228
1.136197
1.098406
0.590805
0.309126
-0.109017
-0.196972
-0.422602
-0.322780
-0.559562
-0.797006
-1.100930
-1.162504
-1.159640
-0.841921
-0.332519
0.206298
0.472992
0.430895
0.299309
0.039706
-0.211988
-0.296663
-0.371315
-0.308152
-0.228081
-0.190510
-0.202109
-0.151177
-0.281348
-0.307384
-0.317913
-0.138342
0.412962
0.950198
1.385373
1.212620
0.890865
0.010653
-0.601413
-1.209061
-1.248260
-0.833522
-0.221771
0.176203
0.427470
0.493417
0.181028
0.003401
0.045132
0.151478
0.289538
0.225749
0.534288
0.371206
0.341354
0.423701
0.432986
0.213072
0.028318
0.026313
-0.097718
0.026861
-0.534527
-0.747519
-0.939395
-1.094878
-1.148048
-0.868441
-0.751259
-0.853399
-0.751004
-0.864568
-0.871995
-0.592509
-0.104052
0.067069
0.490492
0.787233
0.615899
0.246495
0.237840
-0.107854
-0.149635
0.003037
0.104585
0.385234
0.941150
1.172736
1.484202
1.436402
1.065877
0.561310
-0.136656
-0.718939
-0.743175
-0.700958
-0.616491
-0.231039
-0.373437
-0.498613
-0.795488
-0.642673
-0.286896
0.346071
0.719149
0.905806
0.822272
0.438402
0.023216
-0.288716
-0.299934
-0.490041
-0.319529
0.042067
0.382894
0.597227
0.628269
0.421638
0.076191
-0.214444
-0.346169
-0.292451
-0.096899
0.154356
0.365729
0.392630
0.360667
0.257920
0.179831
-0.102922
-0.320748
-0.592492
-0.772155
-0.777758
-0.645178
-0.353793
-0.092943
-0.046528
-0.259813
-0.436431
-0.759029
-0.865841
-0.733931
-0.403035
-0.067857
0.284006
0.693314
0.941362
1.027972
1.078211
1.017578
0.727398
0.204024
-0.350340
-0.783221
-1.099663
-1.357836
-1.075667
-0.729455
-0.466572
-0.240910
-0.004022
-0.029045
0.157915
0.166854
0.401633
0.789309
0.975932
0.996480
1.007024
0.775677
0.531583
0.356738
-0.219201
-0.546303
-0.624594
-1.054294
-0.977654
-0.650375
-0.422598
-0.365248
0.117106
0.157254
0.174528
0.288183
0.304996
0.205527
0.253456
0.483419
0.670428
0.797609
0.566970
0.360992
-0.173298
-0.331848
-0.584423
-0.272607
-0.091440
0.272806
0.482710
0.488764
0.480847
0.613064
0.818944
0.258354
0.666995
0.747957
0.558945
-0.059193
-0.153111
-0.791520
-1.191677
-1.324176
-1.081663
-0.740667
-0.567357
-1.419251
-1.290046
-1.249188
-1.196388
-1.022318
0.118326
0.033345
0.233177
0.108657
0.205229
0.180132
0.140091
0.124369
0.464491
0.510671
0.794568
1.657887
2.437020
2.907629
2.877822
3.980487
2.117427
1.538877
0.905476
