10.478084
10.478084
7.978400
6.122241
4.073922
2.001528
-0.245207
-0.008053
-0.455103
-0.818261
-1.277628
-1.647133
-2.251252
-2.505496
-2.960670
-3.294664
-2.930401
-2.546844
-2.093560
-1.524987
-0.743601
-0.783323
-0.581281
-0.468056
-0.432785
-0.493421
-0.433166
-0.169248
-0.187994
-0.166052
-0.248676
-0.259837
-0.191332
-0.298529
-0.177707
-0.192683
-0.087409
-0.318519
-0.256291
-0.139379
0.152886
0.377010
0.541527
0.759927
0.840964
0.997980
1.136040
1.330281
1.318029
1.409372
1.306531
0.997173
0.743444
0.601990
0.293579
0.024669
-0.385252
-0.622768
-0.896828
-1.235627
-1.420686
-1.393812
-1.315862
-1.436729
-1.284943
-1.043266
-0.829233
-0.735147
-0.475054
-0.260126
-0.273221
-0.305684
-0.208436
-0.490498
-0.508908
-0.530066
-0.380973
-0.305301
-0.158406
-0.252620
-0.502236
-0.682714
-1.024427
-0.791580
-0.951678
-1.116338
-1.090648
-1.243958
-1.641536
-1.305846
-0.964323
-0.993255
-0.726312
-0.343725
-0.306053
-0.232586
-0.135181
0.060398
0.033392
1.493119
3.093761
3.224279
2.949199
2.797232
1.086382
-0.264078
-0.060713
0.090732
0.391131
0.707874
0.673412
0.701671
0.940519
0.936399
0.789341
0.614192
0.336218
0.090240
-0.151794
-0.208946
-0.234846
-0.404760
-0.480707
-0.658205
-0.867023
-1.073703
-0.840562
-0.716233
-0.459342
-0.005412
0.493659
0.809405
1.173443
1.288392
1.639669
1.746763
1.873669
1.866696
2.123316
1.815505
1.577912
1.160844
0.857648
0.468313
0.146452
-0.085342
-0.188023
-0.305746
-0.293910
-0.199636
-0.036199
-0.037311
-0.037233
-0.109695
-0.154167
-0.306199
-0.433850
-0.612992
-0.812111
-1.070814
-1.296575
-1.447588
-1.562703
-1.647837
-1.652799
-1.664322
-1.620320
-1.585597
-1.553362
-1.364919
-1.184420
-0.863958
-0.470154
0.027903
0.319634
0.630120
0.763768
0.800572
0.771743
0.709230
0.597681
0.457305
0.468686
0.653433
0.858137
1.005873
1.115354
1.124675
0.830347
0.532233
0.357476
0.409997
0.288085
0.281458
0.287548
0.245743
0.081925
0.116191
0.303807
0.400071
0.532647
0.638419
0.731590
0.780119
0.833116
1.056165
0.234193
0.527038
0.778391
0.083523
0.325791
0.569719
-0.184350
-1.076203
-0.929914
-0.846188
-0.614733
-0.369284
-0.161817
0.092119
-0.607652
-0.528835
-0.465324
-0.405596
-0.350239
-0.447682
-0.447516
-0.409083
-0.457699
-0.486018
-0.462305
-0.331390
-0.298797
-0.123519
-0.050080
0.026116
0.192003
0.277187
0.477188
0.689485
0.902441
1.028025
0.831391
0.858076
0.973659
0.828716
0.696298
0.662198
0.300038
-0.503392
-0.914395
-1.503002
-1.929470
-2.383319
-2.547490
-2.743665
-2.778917
-2.782657
-2.221352
-1.805626
-1.181591
-0.777792
-0.339640
-0.285943
0.108133
0.079570
0.126153
0.187388
0.180686
0.173779
0.481352
0.636468
0.949272
0.985326
0.876940
0.497221
0.325756
1.542562
1.235701
1.491243
1.923824
1.912452
0.845284
1.097150
1.339231
1.022289
1.120977
0.913365
0.867232
0.455505
0.403634
0.394145
0.219946
0.137772
0.124898
0.037355
-0.005827
-0.250445
-0.327166
-0.555259
-0.693355
-0.901969
-1.085974
-1.227395
-1.440131
-1.549958
-1.631536
-1.548780
-1.448608
-1.343215
-1.231224
-1.019808
-0.777951
-0.461041
-0.162849
0.569299
1.182270
1.322633
1.779790
1.903038
1.849682
1.233901
0.982709
0.600197
0.022645
-0.405944
-0.768254
-0.568282
-0.708374
-0.382889
-0.327836
-0.162997
0.114675
-0.033171
-0.112885
0.106418
0.614239
0.405508
0.603014
0.641328
0.245034
-0.053341
-0.215233
-0.418033
-0.362961
-0.303587
-0.233895
-0.032414
0.350244
0.728286
1.046678
1.199483
1.167815
0.956512
0.564705
0.119796
-0.254135
-0.605880
-0.882322
-1.078001
-1.141678
-1.105188
-0.970864
-0.809473
-0.618629
-0.554952
0.078054
0.174982
0.566691
0.945056
1.409522
1.279941
1.495015
1.283904
0.927458
0.477137
0.017770
-0.359187
-0.601829
-0.909100
-0.926724
-0.880596
-0.828742
-0.767369
-0.424189
-0.190266
0.025859
0.312235
0.580828
0.789052
0.926599
0.957606
0.843309
0.423816
-0.010900
-0.203994
-0.655513
-0.914018
-0.990998
-0.834393
-0.923194
-0.803482
-0.616138
-0.243180
0.026753
0.234635
0.569649
0.723101
0.796157
0.691736
0.600044
0.533721
0.461474
0.113927
-0.199485
-0.503971
-0.583411
-0.939470
-0.995805
-0.698077
-0.684004
-0.445519
-0.243211
0.338440
0.587530
0.843304
0.993878
1.086431
0.831652
0.474069
0.414325
0.270848
0.030031
-0.142973
-0.218318
-0.335479
-0.736686
-0.651086
-0.671438
-0.640809
-0.511914
-0.317563
-0.133891
0.162915
0.426635
0.656278
0.816544
0.950110
0.983544
0.885337
0.684105
0.382161
0.013298
-0.399232
-0.693181
-0.884864
-0.969000
-0.909089
-0.841131
-0.730467
-0.623851
-0.441740
-0.256686
0.013528
0.310053
0.621527
0.846435
0.980794
0.996498
0.843731
0.598220
0.273242
-0.026854
-0.336785
-0.543409
-0.688773
-0.761635
-0.807138
-0.810457
-0.767032
-0.612503
-0.393457
-0.148055
0.246995
0.597384
0.839464
1.070800
1.149397
1.008001
0.745922
0.485233
0.100569
-0.223663
-0.275747
-0.437619
-0.595079
-0.677052
-0.672388
-0.776325
-0.580404
-0.265866
0.071425
0.360840
0.612002
0.797628
0.808641
0.709465
0.498424
0.241288
-0.108625
-0.331572
-0.626343
-0.660574
-0.837210
-0.928646
-1.047259
-0.906865
-0.735765
-0.442697
0.033607
0.484202
0.748848
0.863018
0.997430
1.067130
0.955854
0.938298
0.992118
0.808796
0.360701
-0.010637
-0.310186
-0.717052
-1.006982
-0.981656
-1.002954
-0.865258
-0.795658
-0.592563
-0.336400
-0.056076
0.224268
0.451635
0.734868
0.805564
0.947247
1.003066
0.954046
0.871993
0.487020
0.118417
-0.308705
-0.704575
-0.951685
-1.082337
-0.973511
-0.929186
-0.759743
-0.685019
-0.354066
0.003461
0.192526
0.474649
0.857608
0.981418
1.034282
1.029247
0.937074
0.658110
0.462621
-0.003318
-0.356836
-0.625619
-0.885121
-1.025713
-1.079412
-0.979697
-0.844290
-0.582777
-0.294504
0.030353
0.308684
0.575136
0.716312
0.806638
0.845814
0.865311
0.789661
0.602667
0.276068
-0.051913
-0.414026
-0.712590
-0.885663
-0.941586
-0.923335
-0.852227
-0.723939
-0.601820
-0.387992
-0.177935
0.080295
0.295710
0.695722
1.026944
1.090927
1.262664
1.187158
1.077409
0.648735
0.436263
-0.059524
-0.356027
-0.837724
-1.012525
-1.140293
-1.177571
-1.194179
-0.918060
-0.832440
-0.506194
-0.353965
-0.175401
0.068535
0.246094
0.548883
0.723828
1.307816
1.546586
1.614846
1.622045
1.461383
1.072674
0.378215
0.106485
-0.237031
-0.378619
-0.679862
-0.712439
-0.645199
-0.825267
-0.692392
-0.506753
-0.212279
0.062436
0.305454
0.530501
0.673469
0.772995
0.697473
0.455351
0.140988
-0.170938
-0.501720
-0.733737
-0.781783
-0.722693
-0.664524
-0.585586
-0.375719
-0.110714
0.255931
0.622395
1.017549
1.317662
1.317794
1.201626
0.953066
0.656407
0.196561
-0.041410
-0.311473
-0.550194
-0.793437
-1.005301
-1.173337
-1.305763
-1.409937
-1.388229
-1.236563
-0.944751
-0.679235
-0.333715
0.052989
0.384831
0.654609
0.828433
1.026935
1.037596
0.928091
0.706408
0.451216
0.182483
-0.130310
-0.296967
-0.500336
-0.639699
-0.747186
-0.826711
-0.747847
-0.589062
-0.425875
-0.258452
0.029617
0.283090
0.428576
0.631915
0.885375
0.925992
0.841050
0.651503
0.392110
-0.000377
-0.368250
-0.702812
-0.849937
-0.893988
-0.931208
-0.863508
-0.692571
-0.520335
-0.236816
0.048528
0.450317
0.702886
0.863792
0.985087
1.017786
0.868130
0.655617
0.506928
0.196008
-0.111640
-0.348268
-0.581047
-0.785177
-0.956374
-1.111433
-1.061250
-0.887973
-0.770715
-0.409579
0.055614
0.446669
0.839870
1.253116
1.393648
1.490488
1.454454
1.161795
0.874609
0.447707
0.084284
-0.353795
-0.597875
-0.743309
-0.738200
-0.672818
-0.577365
-0.279447
-0.056372
0.295193
0.266074
0.490359
0.266153
0.200673
0.043760
0.283223
0.121014
0.215778
-0.099179
-0.391696
-0.792793
-1.053646
-1.171085
-1.054499
-0.864983
-0.730535
-0.500912
-0.219940
0.003024
0.358393
0.545009
0.881272
1.011679
1.201368
1.302462
1.405012
1.171167
0.820741
0.428042
-0.117203
-0.586689
-0.819124
-1.021088
-1.071421
-1.103392
-1.007415
-0.792696
-0.588414
-0.264113
0.086475
0.400392
0.616635
0.938455
1.143034
1.072258
0.984967
0.787288
0.574714
0.180028
-0.126952
-0.251746
-0.521009
-0.809696
-0.890899
-0.868747
-0.827924
-0.646777
-0.521553
-0.498603
-0.162722
-0.065412
0.169673
0.532773
0.738049
0.706652
0.841492
0.611032
0.276938
-0.051374
-0.391231
-0.750465
-0.863661
-0.884983
-0.831701
-0.710350
-0.410563
-0.145933
1.080108
1.468132
1.738467
1.729613
1.693483
0.714805
0.600346
0.402374
0.129845
-0.237990
-0.740288
-1.176180
-1.468087
-1.600986
-1.546812
-1.347878
-1.109466
-0.856058
-0.589163
0.161478
0.273037
0.476234
0.688496
0.817988
1.036703
1.112879
1.115224
1.012778
0.863011
0.083913
-0.035927
-0.272921
-0.516445
-0.653268
-0.825330
-1.033431
-1.044840
-1.091078
-0.724176
-0.709245
-0.120985
0.298309
0.423153
0.576660
0.793143
0.838419
0.538086
0.618259
0.583166
0.415367
0.032992
-0.131465
0.058339
-0.359388
-0.343998
-0.150489
-0.101572
-0.399300
-0.474406
-0.509946
-0.389528
-0.261909
0.199742
0.327135
0.571730
0.417254
0.388755
0.479548
0.458538
0.416978
0.191819
0.069125
-0.189342
-0.357079
-0.570997
-0.595031
-0.626255
-0.690852
-0.676843
-0.526687
-0.482280
-0.017409
-0.195624
-0.056046
0.296848
0.370254
0.402841
0.453008
0.858071
0.847030
0.767546
0.622450
0.463578
0.028105
-0.495984
-0.598935
-0.690431
-0.717850
-0.486305
-0.473338
-0.110062
-0.031707
0.037273
0.109020
0.197816
0.328074
0.098752
0.175506
0.159602
0.180230
0.125353
0.060642
0.258051
0.201531
0.086032
-0.075372
-0.146400
-0.169340
-0.480120
-0.477255
-0.434120
-0.386459
-0.397200
-0.314206
0.108805
0.249911
0.537048
0.727382
0.778276
0.836012
0.551399
0.365602
0.311415
0.243071
0.122746
-0.006812
-0.131209
-0.522979
-0.621270
-0.688721
-0.730552
-0.440663
-0.415152
-0.330507
-0.189035
-0.077468
0.057299
0.150002
0.607745
0.704113
0.763138
0.511789
0.524098
0.419077
-0.043896
-0.145773
-0.060364
-0.232103
-0.378232
-0.463180
-0.224195
-0.189575
-0.163149
-0.080043
-0.006228
-0.199690
-0.408823
-0.319700
-0.147238
-0.062848
0.337632
0.376186
0.747736
0.694046
0.629911
0.211609
0.082403
-0.085243
-0.535044
-0.585654
-0.620402
-0.601566
-0.765123
-0.703535
-0.269340
0.168358
0.245782
0.672865
0.708166
0.797316
0.477538
0.520164
0.404982
0.374013
-0.128983
-0.272826
-0.321347
-0.676883
-0.763573
-0.711843
-0.716795
-0.417466
-0.449663
-0.397862
0.037582
0.158415
0.385776
0.534635
0.731022
0.451762
0.521301
0.495092
0.441874
0.370889
0.148456
-0.044627
-0.553591
-0.699749
-0.552824
-0.598026
-0.289247
-0.027126
-0.016647
-0.234969
-0.129459
0.044932
-0.148847
-0.020758
0.269854
0.338421
0.441136
0.419738
0.712214
0.760669
0.630119
0.369687
0.225548
-0.205147
-0.643750
-0.684202
-0.694750
-0.692391
-0.340517
-0.278616
0.030752
0.153884
0.263435
0.202539
0.254249
0.403100
0.065515
0.070786
0.057490
0.013908
-0.087122
-0.182476
0.005335
0.021153
-0.073803
-0.091926
-0.085951
-0.051992
-0.303061
-0.230027
-0.156631
-0.077630
-0.035989
0.051326
0.509204
0.622019
0.898476
0.882252
0.876933
0.738123
0.258366
-0.091740
-0.138627
-0.282186
-0.293275
-0.358992
-0.374993
-0.651220
-0.616752
-0.696460
-0.561990
-0.236520
-0.133339
-0.023218
0.121645
0.155463
0.156525
0.117545
0.268082
0.138170
0.032114
-0.256343
-0.321184
-0.323511
-0.549542
-0.524926
-0.279302
-0.264074
-0.201319
-0.165280
0.176672
0.285164
0.639879
0.719268
0.767845
0.832697
0.561482
0.286972
0.155166
0.005228
-0.062172
-0.189325
-0.118652
-0.212037
-0.203993
-0.358324
-0.323372
-0.220492
-0.306153
-0.170736
-0.000888
0.354507
0.447872
0.475401
0.694321
0.652274
0.322747
0.174631
0.079599
0.095283
-0.246757
-0.299113
-0.159316
-0.195833
-0.505061
-0.464514
-0.208554
-0.308259
-0.198866
0.093908
0.198538
0.338157
0.241014
0.307581
0.320913
0.304223
0.148752
0.003676
-0.152001
-0.477377
-0.609894
-0.682302
-0.719736
-0.547024
-0.559327
-0.547783
-0.416528
-0.333153
-0.102611
0.036230
0.410223
0.508339
0.840026
0.861290
0.877238
0.834875
0.520440
0.181216
-0.017561
-0.213273
-0.409973
-0.527208
-0.459174
-0.576406
-0.609230
-0.562932
-0.535000
-0.417636
-0.250391
0.097966
0.241744
0.612825
0.718442
0.769491
0.813334
0.803958
0.511722
0.389435
0.243530
0.082898
-0.296012
-0.416417
-0.654491
-0.889097
-0.885483
-0.832307
-0.551216
-0.309248
-0.003353
0.142652
0.488395
0.609705
0.756606
0.869730
0.879968
0.624480
0.587276
0.192189
-0.047260
-0.246467
-0.432258
-0.609566
-0.653837
-0.672355
-0.857736
-0.833139
-0.757216
-0.671047
-0.489287
-0.350933
0.098648
0.278140
0.609577
0.662557
0.934950
0.863625
0.737887
0.625789
0.462415
0.053991
-0.001039
-0.313925
-0.332290
-0.288412
-0.302881
-0.360560
-0.363276
-0.368870
-0.570237
-0.459685
-0.312933
0.088375
0.250490
0.593136
0.899785
0.908514
0.603149
0.451314
0.032116
-0.115314
-0.506645
-0.603726
-0.669243
-0.711411
-0.727768
-0.704941
-0.420118
-0.346861
0.008370
0.135682
0.475299
0.573374
0.692636
0.772634
0.783751
0.707633
0.568821
0.115939
-0.182954
-0.439011
-0.797465
-0.870977
-0.856844
-0.733016
-0.584025
-0.254674
-0.128778
0.023624
0.225054
0.386567
0.542562
0.685340
0.988458
0.964264
0.876862
0.693418
0.257448
-0.183548
-0.414003
-0.787650
-0.862423
-0.892858
-0.634075
-0.550876
-0.502773
-0.290798
-0.168577
-0.039991
0.100372
0.487240
0.516894
0.594273
0.749833
0.442528
0.286359
0.301543
0.169401
-0.275858
-0.319312
-0.203373
-0.547974
-0.508326
-0.288023
-0.212199
-0.199838
-0.097135
0.259219
0.397269
0.469078
0.532157
0.524410
0.248606
-0.094536
-0.207712
-0.429157
-0.599044
-0.409236
-0.512697
-0.473272
-0.566351
-0.555155
-0.505192
-0.388091
-0.153264
-0.094447
0.074999
0.128221
0.436601
0.601475
0.853231
1.060779
0.992310
0.703038
0.456734
0.069195
-0.104656
-0.470599
-0.583896
-0.546231
-0.570103
-0.551980
-0.513517
-0.147679
-0.068299
0.020916
0.239600
0.564956
0.602370
0.417799
0.489982
0.448573
0.239361
0.225203
0.095085
-0.008507
-0.317024
-0.420452
-0.449315
-0.450615
-0.143693
-0.131496
-0.104418
-0.112626
-0.025711
0.095354
0.128517
0.387338
0.369256
0.296669
-0.118692
-0.241759
-0.240664
-0.564391
-0.638966
-0.378469
-0.352049
-0.343169
-0.291242
0.154378
0.269309
0.359302
0.509426
0.597805
0.497075
0.098690
0.013739
-0.126719
-0.250980
-0.252316
-0.276897
0.028714
0.035814
0.076465
0.127047
0.203691
0.269431
0.050014
0.119471
0.131259
0.165919
0.205255
0.174755
0.209387
-0.018455
-0.164614
-0.508099
-0.612527
-0.488740
-0.634254
-0.602481
-0.330627
-0.267726
-0.387095
-0.244043
0.214552
0.338652
0.449715
0.845213
0.843287
0.847544
0.475065
0.422376
0.192110
0.061008
-0.115233
-0.212347
-0.273253
-0.546795
-0.526807
-0.505089
-0.421718
-0.078166
0.022678
0.122316
0.246756
0.309206
0.319080
0.305401
0.538974
0.466052
0.352408
-0.013418
-0.197143
-0.317342
-0.723799
-0.805026
-0.539741
-0.495834
-0.328552
-0.220928
0.307290
0.527860
0.677012
0.826304
0.901569
0.755225
0.384368
0.389911
0.306460
0.305363
0.090423
-0.128510
-0.232881
-0.670712
-0.813461
-0.921557
-0.832514
-0.844369
-0.796433
-0.692254
-0.444543
-0.229642
0.107272
0.442616
0.793586
0.982742
1.267939
1.440240
1.335004
1.126189
0.808458
0.453973
0.065551
-0.236283
-0.396468
-0.588926
-0.728016
-0.851939
-0.899285
-0.862541
-0.743085
-0.533552
-0.290492
0.025404
0.254428
0.532570
0.654743
0.652767
0.548322
0.377891
0.032476
-0.305853
-0.605943
-0.789094
-0.911783
-0.846507
-0.679736
-0.489511
-0.246322
-0.076335
0.219944
0.416824
0.613903
0.869370
1.004800
0.960878
0.835619
0.715237
0.377510
-0.011446
-0.282478
-0.594012
-0.925427
-1.185433
-1.221386
-1.314351
-1.255624
-1.070683
-0.890905
-0.726506
-0.454367
-0.199825
0.384112
0.619095
1.165274
1.597092
1.651471
1.537619
1.420806
1.187789
0.630258
0.406933
-0.115331
-0.359279
-0.536261
-0.727543
-0.866157
-0.939438
-0.919061
-0.775360
-0.669657
-0.505100
-0.351537
-0.207803
-0.113652
0.074265
0.284550
0.420579
0.921465
1.057022
1.098788
0.995595
0.847882
0.297157
-0.270573
-0.480558
-0.720294
-0.812057
-0.876727
-0.884561
-0.810613
-0.653730
-0.524292
0.017343
0.200123
0.758542
0.936551
1.152862
1.319381
1.415354
1.107187
1.063189
0.836143
0.240532
-0.030387
-0.335075
-0.662047
-0.848424
-1.053064
-1.179613
-1.244469
-1.252516
-1.124268
-0.903374
-0.610309
-0.379811
-0.107937
0.186774
0.416133
0.739768
0.992018
1.252592
1.280874
1.186700
0.780368
0.453613
0.094090
-0.177840
-0.376021
-0.385994
-0.473598
-0.550292
-0.506987
-0.346938
-0.106043
0.145507
0.514918
0.727335
0.876020
0.887492
0.883340
0.719247
0.458265
0.100607
-0.343278
-0.705910
-1.035746
-1.265365
-1.291365
-1.241904
-1.101922
-0.887900
-0.584595
-0.307335
0.000822
0.310729
0.562636
0.741150
0.906447
0.990705
0.938310
0.784901
0.559306
0.260813
-0.063389
-0.406642
-0.592154
-0.726277
-0.828813
-0.826013
-0.713603
-0.603259
-0.389730
-0.133438
0.173544
0.446400
0.638347
0.870908
0.981702
0.955199
0.783905
0.660047
0.319922
-0.065439
-0.477866
-0.743461
-0.972651
-1.107654
-1.083102
-0.940162
-0.770119
-0.494110
-0.194947
0.046749
0.351759
0.611279
0.726239
0.780208
0.823812
0.776004
0.584151
0.299903
0.006338
-0.321510
-0.632640
-0.802665
-0.832247
-0.830419
-0.794278
-0.672492
-0.453312
-0.277432
-0.001385
0.390918
0.728479
0.970162
1.102715
1.162679
1.115092
0.955086
0.737963
0.421044
-0.007375
-0.439568
-0.777744
-1.037608
-1.140755
-0.854630
-0.708863
-0.573166
-0.448469
-0.218910
-0.181689
0.030845
0.318289
0.588950
0.764306
0.809894
0.765834
0.584714
0.263959
-0.045678
-0.378447
-0.678513
-0.725285
-0.818000
-0.825716
-0.784043
-0.717022
-0.752471
-0.535570
-0.130730
0.188999
0.508139
0.795635
1.037578
0.997876
1.041806
1.027295
0.956385
0.764533
0.556192
0.224121
-0.088596
-0.495690
-0.840566
-0.914617
-1.046855
-0.848090
-0.818255
-0.461949
-0.305606
-0.180985
-0.216030
0.069042
0.121927
0.135395
0.392675
0.608091
0.729643
1.038368
0.879337
0.663851
0.336251
-0.033076
-0.342485
-0.526260
-0.377751
-0.523003
-0.609928
-0.658032
-0.563420
-0.667552
-0.393211
0.240836
0.525136
0.813426
1.263615
1.412159
1.396126
0.990494
0.760038
0.403276
-0.208963
-0.774531
-1.323167
-1.452786
-1.714767
-1.770682
-1.665965
-1.117625
-0.757060
-0.643475
-0.248459
0.197568
0.322137
0.597235
1.074853
1.527090
1.572536
1.646524
1.301385
0.820104
0.334201
-0.217280
-0.564551
-0.803615
-0.881906
-0.885853
-0.798193
-0.563831
-0.326179
-0.039376
0.318301
0.625892
0.825355
0.835684
0.820304
0.608291
0.391076
0.036139
-0.153852
-0.395226
-0.553104
-0.671975
-0.663789
-0.673322
-0.538569
-0.398351
-0.286633
-0.021374
0.267636
0.548207
0.834300
1.096978
1.193011
1.250594
1.162225
0.998999
0.679667
0.259839
-0.129695
-0.503255
-0.863582
-1.013984
-1.063012
-1.091534
-1.061789
-0.918248
-0.743184
-0.480803
-0.169269
0.165920
0.442812
0.697830
0.854729
0.927948
0.910040
0.798788
0.609961
0.323130
0.003994
-0.296154
-0.500807
-0.673460
-0.725674
-0.696282
-0.656573
-0.518241
-0.384496
-0.149164
0.050511
0.324794
0.541668
0.731273
0.788453
0.804324
0.756593
0.586013
0.320343
-0.037605
-0.437846
-0.818465
-1.107844
-1.281892
-1.289987
-1.155333
-0.941430
-0.689275
-0.411829
-0.049866
0.268099
0.569968
0.805963
1.030017
1.142222
1.197136
1.181265
1.067755
0.926487
0.589496
0.251822
-0.063128
-0.396516
-0.747917
-0.871006
-0.913126
-0.972692
-0.908611
-0.732989
-0.580281
-0.371185
-0.164233
0.052807
0.296288
0.489483
0.706218
0.876540
0.923136
0.869642
0.726171
0.374230
0.002488
-0.270841
-0.558843
-0.738884
-0.787041
-0.772345
-0.677754
-0.471551
-0.130493
0.165325
0.439074
0.739740
0.920915
0.956167
0.911019
0.875348
0.666800
0.324057
-0.111328
-0.524422
-0.936217
-1.241008
-1.392173
-1.346921
-1.222692
-1.027024
-0.770916
-0.496600
-0.212707
0.100645
0.425808
0.678827
0.951429
1.121104
1.246504
1.238736
1.111618
0.854571
0.484507
0.094352
-0.292647
-0.589782
-0.820499
-0.909645
-0.964538
-0.960749
-0.934593
-0.808957
-0.619550
-0.368155
-0.121948
0.126584
0.417827
0.604705
0.687697
0.714862
0.653818
0.663499
0.382410
0.098339
-0.153481
-0.157469
-0.533036
-0.612248
-0.618152
-0.586792
-0.616394
-0.413959
-0.097144
0.178092
0.502371
0.772931
0.991684
1.108021
1.105967
1.044162
0.888875
0.592637
0.193663
-0.168317
-0.526240
-0.835572
-1.000639
-1.064025
-1.030949
-0.922954
-0.792153
-0.651842
-0.386620
-0.122557
0.144257
0.423959
0.703648
0.866893
0.946844
0.962837
0.788706
0.530277
0.180317
-0.126228
-0.472273
-0.662178
-0.773787
-0.811866
-0.772135
-0.702880
-0.621227
-0.436135
-0.168549
0.150935
0.407743
0.657295
0.821008
0.879678
0.790534
0.666423
0.487024
0.258136
-0.006481
-0.241021
-0.427449
-0.595727
-0.732171
-0.805807
-0.802839
-0.717939
-0.551664
-0.264076
0.034233
0.289222
0.541463
0.795564
0.912652
1.000397
0.936158
0.831748
0.555446
0.193874
-0.157320
-0.494878
-0.831313
-1.066237
-1.230405
-1.292620
-1.211118
-1.040505
-0.778616
-0.477062
-0.082340
0.278630
0.628947
0.885473
1.171799
1.295863
1.337694
1.178106
0.948224
0.609140
0.216884
-0.112124
-0.370044
-0.542518
-0.632075
-0.671591
-0.701823
-0.670510
-0.661826
-0.503369
-0.386717
-0.158057
0.109109
0.440215
0.638849
0.813997
0.867558
0.751147
0.530049
0.276350
-0.031278
-0.362739
-0.549067
-0.668555
-0.787713
-0.800715
-0.730880
-0.654698
-0.493017
-0.312629
-0.023622
0.228596
0.481622
0.716795
0.938308
1.017222
1.046813
1.039204
0.937789
0.669487
0.272941
-0.077864
-0.474909
-0.858505
-1.039114
-1.072289
-1.038530
-0.913830
-0.754613
-0.622775
-0.408205
-0.158276
0.144335
0.405814
0.692888
0.923793
1.043544
1.034236
0.993287
0.746536
0.456308
0.172585
-0.136903
-0.419658
-0.591019
-0.674232
-0.762791
-0.776468
-0.741376
-0.610670
-0.417284
-0.130298
0.013715
0.147836
0.515837
0.786582
0.914690
1.169981
1.346447
1.249112
0.812053
0.423914
-0.026857
-0.446901
-0.889873
-1.015696
-1.112591
-1.149061
-1.063527
-0.959432
-0.722590
-0.484405
-0.232984
0.048886
0.329743
0.489394
0.602300
0.726499
0.727438
0.590055
0.358163
0.113469
-0.200445
-0.504177
-0.694818
-0.831278
-0.908526
-0.886102
-0.771593
-0.614443
-0.318868
-0.048763
0.194899
0.451217
0.720787
0.888403
1.099913
1.167505
1.081008
0.871110
0.635627
0.343854
-0.027847
-0.297849
-0.458799
-0.652628
-0.803480
-0.743694
-0.762759
-0.771971
-0.725663
-0.615079
-0.374793
-0.088560
0.122220
0.424774
0.661866
0.845205
0.890976
0.984646
0.823175
0.552165
0.110760
-0.264303
-0.597112
-0.791596
-0.877586
-0.862992
-0.891697
-0.861224
-0.804276
-0.765372
-0.547303
-0.189560
0.115874
0.354013
0.569668
0.561462
0.307696
-0.271134
-0.169433
-0.427490
-0.413477
-0.252803
-0.071847
-0.276590
-0.286153
-0.414072
-0.424261
-0.164488
-0.041457
0.324088
0.642875
0.954018
1.263178
1.464454
1.626776
1.692864
1.577743
1.279074
0.829989
0.348706
-0.108186
-0.522789
-0.793919
-0.882458
-1.012612
-1.142366
-1.103654
-0.973258
-0.819010
-0.546374
-0.220077
0.032971
0.289755
0.492522
0.692823
0.749509
0.723683
0.636313
0.476905
0.111722
-0.176032
-0.407093
-0.624671
-0.750472
-0.736589
-0.653952
-0.563144
-0.439804
-0.153284
0.144624
0.339112
0.559220
0.757350
0.840775
0.878425
0.959481
0.920287
0.704825
0.345817
-0.088335
-0.509527
-0.838371
-1.027899
-1.103975
-1.046052
-0.926604
-0.770935
-0.593530
-0.338011
-0.054508
0.206963
0.439589
0.729799
0.905914
1.025202
1.031831
0.990099
0.825852
0.485433
0.142878
-0.221748
-0.549664
-0.849429
-0.909762
-0.944636
-0.914162
-0.860187
-0.697043
-0.560567
-0.354154
-0.097597
0.143276
0.402373
0.612173
0.804288
0.903098
0.960658
0.909566
0.707693
0.329662
0.018543
-0.279889
-0.586685
-0.723597
-0.749605
-0.770543
-0.630547
-0.495371
-0.302687
-0.098825
0.147701
0.320228
0.515027
0.688296
0.780927
0.831858
0.745877
0.625729
0.323974
0.016437
-0.302633
-0.547270
-0.808380
-0.938928
-0.958529
-0.917460
-0.815080
-0.646697
-0.435799
-0.178736
0.057810
0.267501
0.540983
0.784820
0.945552
1.132174
1.204380
1.097078
0.893016
0.667212
0.259693
-0.082840
-0.461782
-0.722657
-0.988742
-1.141423
-1.228403
-1.194705
-1.061941
-0.850420
-0.552459
-0.284591
0.071055
0.373200
0.649573
0.876314
1.032123
1.116022
1.040260
0.845469
0.585685
0.239218
-0.105066
-0.358341
-0.515695
-0.683069
-0.762035
-0.721102
-0.663847
-0.593219
-0.391941
-0.082671
0.208011
0.500943
0.749305
0.911928
0.926773
0.758970
0.524178
0.153500
-0.297937
-0.657251
-0.969880
-1.231204
-1.245321
-1.135783
-0.966341
-0.729716
-0.437420
-0.124393
0.176034
0.449369
0.706724
0.916620
1.026428
1.041336
0.942717
0.754479
0.496619
0.231443
-0.054920
-0.275546
-0.456114
-0.613659
-0.774606
-0.852721
-0.898817
-0.755787
-0.575761
-0.318756
-0.006307
0.298142
0.529731
0.761362
0.906248
0.904706
0.761634
0.539790
0.234006
-0.128300
-0.423254
-0.565091
-0.704729
-0.754399
-0.715261
-0.588619
-0.413474
-0.149713
0.139591
0.423424
0.689910
0.891745
0.964355
0.918779
0.798283
0.608687
0.238253
-0.164280
-0.573412
-0.897578
-1.188683
-1.302958
-1.302256
-1.100291
-0.846811
-0.491708
-0.064978
0.327147
0.632594
0.886331
1.077601
1.139111
1.102497
1.027106
0.870183
0.545894
0.236219
-0.090718
-0.442860
-0.745545
-0.928641
-1.081680
-1.128020
-1.019127
-0.756132
-0.494924
-0.234665
0.077869
0.335945
0.431473
0.561533
0.697657
0.758760
0.766968
0.711359
0.620155
0.397149
0.176508
-0.022021
-0.219053
-0.454610
-0.563234
-0.539691
-0.546183
-0.363414
-0.087749
0.261477
0.476625
0.678032
0.785886
0.830749
0.799355
0.740895
0.657987
0.447950
0.240890
-0.090535
-0.459501
-0.819075
-1.064002
-1.262332
-1.321460
-1.247302
-1.057616
-0.783928
-0.467456
-0.079999
0.265105
0.640818
0.892779
1.039404
1.117645
1.102743
0.947609
0.753538
0.475600
0.126375
-0.167297
-0.479609
-0.730198
-0.834387
-0.907331
-0.873083
-0.742970
-0.558471
-0.396659
-0.131177
0.104309
0.327730
0.562617
0.772484
0.935865
1.024199
1.008981
0.843369
0.555656
0.221686
-0.075364
-0.372544
-0.617941
-0.721206
-0.765104
-0.792840
-0.773701
-0.659027
-0.481325
-0.244254
0.026475
0.335691
0.601246
0.842645
0.989386
1.022763
0.941921
0.689367
0.378497
-0.016809
-0.459215
-0.865599
-1.076699
-1.319361
-1.471516
-1.456630
-1.303605
-1.080208
-0.646227
-0.201520
0.167868
0.515399
0.757005
0.832812
0.844256
0.805596
0.694944
0.490918
0.209668
-0.024702
-0.235472
-0.467127
-0.604242
-0.623362
-0.636482
-0.529060
-0.334309
-0.026480
0.239506
0.572234
0.811693
1.030893
1.079404
1.069530
0.971031
0.686489
0.343346
-0.063563
-0.448723
-0.689272
-0.727933
-0.887088
-0.921209
-0.831753
-0.844658
-0.730408
-0.465724
-0.150199
0.148935
0.446692
0.623764
0.785361
0.899454
0.859017
0.856016
0.566028
0.358832
-0.152568
-0.573494
-0.844169
-1.022854
-1.104636
-1.017347
-0.721855
-0.642297
-0.498814
-0.405820
-0.096379
0.272685
0.471185
0.772402
1.121061
1.168768
1.033270
0.761574
0.663071
0.374035
0.030332
-0.254951
-0.362447
-0.642902
-0.872689
-0.822726
-0.666439
-0.502352
-0.274697
0.030913
0.363265
0.449760
0.664590
0.806960
0.804598
0.828608
0.583508
0.330075
-0.021528
-0.403014
-0.697544
-0.939191
-0.970447
-0.881398
-0.903795
-0.836926
-0.635721
-0.394739
-0.230454
0.123977
0.452885
0.716967
0.784216
0.902966
1.125459
1.176127
1.145702
1.117638
0.901597
0.664423
0.137174
-0.230136
-0.508145
-0.747064
-0.909472
-0.999168
-0.996653
-1.099269
-1.013822
-0.909611
-0.721958
-0.358711
-0.127916
0.098218
0.343412
0.539490
0.734312
0.834906
1.112576
1.178128
1.133828
0.781792
0.448212
0.083078
-0.559985
-0.954285
-1.011258
-1.123653
-1.097415
-0.965383
-0.585154
-0.428851
-0.209783
-0.007168
0.238501
0.371310
0.450817
0.683324
0.810162
0.835243
0.825730
0.531753
0.375390
0.038396
-0.306557
-0.587420
-0.761094
-0.810432
-1.042542
-0.997469
-1.024445
-0.710768
-0.361077
0.000615
0.591140
1.084428
1.308870
1.260037
1.301912
1.219519
0.778233
0.446921
0.215327
-0.222894
-0.801546
-1.056911
-1.014850
-1.045620
-1.027078
-0.663149
-0.397449
-0.123909
-0.075294
0.231325
0.539429
0.731048
0.907699
0.990673
0.996787
0.654771
0.407847
0.141080
-0.273806
-0.381416
-0.851338
-1.175392
-1.474480
-1.637434
-1.709881
-1.534857
-0.837218
-0.348895
0.188340
0.552131
0.989355
1.094738
0.858405
0.854361
0.877077
0.597502
0.362138
0.260299
0.105399
-0.232560
-0.513836
-0.750807
-1.042062
-0.948536
-1.077286
-0.913559
-0.699737
-0.525132
-0.282770
-0.000189
0.596096
0.892676
1.156209
1.322974
1.317377
1.163173
0.630905
0.331912
-0.107436
-0.531213
-0.877040
-1.053580
-0.983221
-1.059260
-1.043735
-0.898093
-0.701016
-0.320630
-0.120441
0.324584
0.643074
0.916514
0.843388
0.856332
1.049012
0.976628
0.864939
0.795153
0.477574
0.122970
-0.448881
-0.798081
-1.058162
-1.143610
-1.094788
-0.941347
-0.682674
-0.581762
-0.329197
-0.054857
0.150596
0.457235
0.733147
1.022423
1.056456
1.053226
1.011359
0.952623
0.810592
0.609747
0.535270
0.292944
-0.307390
-0.521102
-1.033529
-1.438839
-1.462108
-1.413339
-1.273717
-0.770574
-0.209853
-0.025791
0.501474
0.652498
0.765749
0.839758
0.850694
0.845703
0.784730
0.319263
0.039168
-0.496452
-0.750056
-0.969408
-1.126401
-1.191645
-1.203557
-1.108242
-0.926954
-0.417817
-0.064600
0.575229
0.857854
1.047529
1.237286
1.294991
1.252217
1.091668
0.869678
0.587785
0.214816
-0.095629
-0.350703
-0.914445
-1.019809
-1.290379
-1.212030
-1.093419
-0.544100
-0.300884
0.176960
0.392106
0.571756
0.690276
0.722689
0.736921
0.638879
0.470129
-0.014623
-0.500715
-1.026127
-1.173778
-1.461648
-1.101303
-0.701342
-0.215517
0.005640
0.468639
0.685985
0.856188
1.018599
1.117060
0.900955
0.864083
0.472533
0.269448
-0.256699
-0.504118
-0.827993
-1.068986
-1.215890
-1.314534
-1.112326
-1.095731
-1.009545
-0.868568
-0.385962
-0.073892
0.268105
0.826748
1.135230
1.304248
1.365682
1.297184
1.165069
0.946066
0.701352
0.408871
0.103008
-0.150298
-0.458373
-0.691362
-0.876398
-0.930375
-0.879278
-0.730045
-0.493951
-0.251024
0.010407
0.231015
0.409172
0.539369
0.663376
0.759742
0.882030
0.643788
0.343082
-0.042412
-0.220079
-0.483650
-0.687694
-0.601498
-0.645152
-0.583487
-0.736994
-0.577444
-0.356147
-0.129367
0.135079
0.388296
0.911672
1.149711
1.264017
1.240103
1.083007
0.838452
0.174228
-0.170057
-0.515332
-0.911080
-1.193191
-1.416672
-1.269622
-1.315908
-1.181894
-0.981008
-0.683690
-0.296795
-0.132323
0.257801
0.611089
0.803070
0.830622
0.692230
0.811863
0.561265
0.315734
0.081132
0.085644
-0.139037
-0.416343
-0.294530
-0.327113
-0.538926
-0.349020
-0.290635
0.150632
0.469981
0.759239
0.964509
1.323081
1.298467
0.840072
0.685962
0.420266
0.108074
-0.345155
-0.693342
-0.774851
-1.097971
-1.397509
-1.526886
-1.338095
-1.180714
-0.970146
-0.656073
-0.227540
0.260147
0.659011
0.683601
0.948352
1.060842
1.038475
0.844389
0.864667
0.578782
0.193251
-0.154338
-0.340272
-0.535554
-0.599657
-0.630487
-0.540593
-0.524339
-0.347964
-0.198943
0.097547
0.432404
0.406240
0.358577
0.627242
0.769147
0.730608
0.536869
0.525219
0.125852
-0.299727
-0.676126
-0.644146
-0.722594
-0.818384
-0.845160
-0.782357
-0.628162
-0.420765
-0.227026
0.056853
0.266885
0.483305
0.628772
0.755193
0.841114
0.853735
0.853318
0.693830
0.256280
-0.051485
-0.383612
-0.728640
-0.957811
-0.830830
-0.872170
-0.825969
-0.635553
-0.428183
-0.226461
0.071534
0.407957
0.649304
0.793777
0.951506
1.020228
0.978304
0.864097
0.691374
0.406296
0.039380
-0.268379
-0.583616
-0.812011
-0.894952
-0.937832
-0.920192
-0.855362
-0.698490
-0.525779
-0.457461
-0.161081
0.129882
0.373043
0.569165
0.864016
0.916002
0.901759
0.820468
0.710830
0.524081
0.210931
-0.091451
-0.336719
-0.638657
-0.825448
-0.861133
-0.869802
-0.779600
-0.627326
-0.337454
-0.092955
0.187673
0.435107
0.701047
0.834717
0.880752
0.897132
0.807350
0.565967
0.225109
-0.109881
-0.418119
-0.695601
-0.892072
-0.909210
-0.879429
-0.730201
-0.538408
-0.268482
-0.000189
0.309123
0.540647
0.693259
0.854877
0.928473
0.917512
0.773448
0.600139
0.380290
-0.247560
-0.811966
-1.003851
-1.217337
-1.338139
-1.036345
-0.677589
-0.594860
-0.400337
-0.118513
0.165180
0.462648
0.732298
0.982974
1.067184
1.053542
0.988071
0.805877
0.545995
0.262948
-0.030787
-0.365981
-0.927918
-1.072408
-1.231951
-1.297747
-1.274155
-0.845111
-0.624334
-0.316350
0.089551
0.438215
0.767799
0.981819
1.052999
0.990151
0.842637
0.659337
0.381058
0.086815
-0.221782
-0.455785
-0.642021
-0.752157
-0.830003
-0.740184
-0.659277
-0.526641
-0.309138
-0.022382
0.215688
0.491767
0.689438
0.785485
0.849789
0.835314
0.720692
0.553294
-0.084534
-0.309123
-0.637548
-0.870782
-1.029091
-0.698714
-0.676838
-0.496832
-0.240711
0.002084
0.287034
0.592102
0.873126
1.041085
1.182881
1.261688
1.178761
0.969584
0.663163
0.029153
-0.344262
-0.656626
-1.175734
-1.308709
-1.408248
-1.417478
-1.631212
-1.522342
-1.333765
-0.808516
-0.555350
-0.018851
0.538493
0.764418
0.981078
1.127086
1.177343
1.218545
1.104354
0.944971
0.704047
0.382693
0.027296
-0.264712
-0.533667
-0.728462
-0.837744
-0.834641
-0.727578
-0.628753
-0.450318
-0.230220
-0.009465
0.216721
0.485173
0.625557
0.795043
0.890794
0.861948
0.724571
0.520234
0.216682
-0.156952
-0.455013
-0.680139
-0.775228
-0.790770
-0.769394
-0.661176
-0.543190
-0.409529
-0.168533
0.133522
0.415074
0.650964
0.876772
0.984825
0.978357
0.860246
0.663276
0.375744
0.066388
-0.276155
-0.621017
-0.862713
-1.000895
-1.090289
-1.086553
-0.919930
-0.700557
-0.416965
-0.123660
0.207533
0.455768
0.692084
0.872045
0.994259
1.074029
1.053031
0.987533
0.860043
0.591601
0.258243
-0.070710
-0.387935
-0.663293
-0.845528
-0.962968
-0.984646
-0.932839
-0.850960
-0.699564
-0.480447
-0.243061
0.013470
0.213558
0.449484
0.653763
0.760454
0.807411
0.782220
0.629297
0.353174
0.122674
-0.189810
-0.499474
-0.726700
-0.867985
-0.933155
-0.932171
-0.812559
-0.555461
-0.265644
0.034880
0.342607
0.629053
0.794148
0.877115
0.891518
0.792979
0.693888
0.575594
0.372461
0.063690
-0.201897
-0.485516
-0.766846
-0.910812
-0.963381
-0.935404
-0.802401
-0.617932
-0.297728
0.051611
0.340839
0.590221
0.771022
0.843699
0.857891
0.896640
0.906086
0.753560
0.455743
0.149259
-0.161320
-0.499125
-0.704991
-0.831062
-0.876545
-0.866818
-0.834908
-0.741191
-0.500808
-0.252501
0.034227
0.251954
0.501109
0.660741
0.758437
0.723695
0.692313
0.527504
0.284268
0.049152
-0.181328
-0.426327
-0.548133
-0.649429
-0.721368
-0.751806
-0.714980
-0.548769
-0.300871
0.035072
0.408596
0.787132
0.980232
1.130330
1.165620
1.051953
0.889770
0.724107
0.419394
0.046913
-0.635263
-0.998312
-1.383308
-1.634314
-1.743010
-1.378099
-1.161504
-0.859485
-0.402656
-0.005191
0.353299
0.627017
0.898211
1.062908
1.119263
1.156260
1.149317
0.944789
0.644732
0.373820
0.087546
-0.195760
-0.382116
-0.496026
-0.552424
-0.554085
-0.518464
-0.407531
-0.156481
0.081348
0.374538
0.591325
0.805964
0.890487
0.897612
0.859875
0.412114
0.335254
-0.219370
-0.688616
-0.727027
-0.777166
-1.200150
-1.202518
-0.753812
-0.766007
-0.643818
-0.147252
0.085349
0.269310
0.150732
0.349390
0.502197
0.593243
0.592738
0.502262
0.421521
0.029847
-0.123822
-0.282223
-0.440046
-0.641150
-0.917869
-1.026515
-1.062298
-1.082556
-0.676359
-0.526266
0.038066
0.279449
0.528345
0.468638
0.712987
0.842957
0.584924
0.673461
0.661974
0.548628
-0.002105
-0.247027
-0.227418
-0.176836
-0.366249
-0.180352
-0.226682
-0.497520
-0.755426
-0.660268
-0.439836
-0.236857
0.325074
0.551607
1.112456
1.258353
1.312872
1.266047
1.153847
0.635109
0.036690
-0.163252
-0.684971
-0.843843
-0.933152
-0.958523
-0.944093
-0.888798
-0.797859
-0.601808
-0.354980
-0.096374
0.170134
0.408442
0.868549
0.940911
0.942946
0.800601
0.632706
0.119026
-0.171562
-0.468208
-0.673526
-0.807284
-0.968288
-0.974156
-0.940031
-0.830674
-0.635545
-0.385598
0.011421
0.399148
0.717011
0.941149
1.132545
1.124370
0.990395
0.874535
0.672857
0.336641
0.010724
-0.247520
-0.511115
-0.715714
-0.806320
-0.826670
-0.828074
-0.761831
-0.677412
-0.558762
-0.398796
-0.179413
0.046654
0.297819
0.551890
0.720465
0.783891
1.172941
0.993493
0.758971
0.408043
0.088694
-0.569071
-0.749306
-0.856039
-0.847279
-0.730043
-0.654107
-0.576365
-0.378053
-0.236479
0.263677
0.366243
0.478642
0.870048
0.823956
0.646111
0.411828
0.480560
0.129672
-0.156268
-0.377331
-0.508598
-0.518564
-0.888163
-0.888420
-0.659262
-0.517975
-0.070973
0.190855
0.891825
1.011187
1.152334
0.935558
0.860316
0.728017
0.142129
-0.074808
-0.696381
-1.005712
-1.253721
-1.168309
-0.982035
-0.704126
-0.341797
-0.283055
-0.102554
0.114384
0.392285
0.658195
0.884397
1.078629
1.150080
1.097449
0.989596
0.812020
0.548591
0.293385
-0.416077
-0.623365
-0.855887
-0.983739
-1.056217
-0.653906
-0.591692
-0.403125
-0.122259
0.146290
0.472103
0.740253
0.933809
1.034560
1.040782
1.011355
0.823803
0.470999
-0.005381
-0.436676
-0.872229
-1.173482
-1.267100
-1.224565
-1.072975
-0.912760
-0.756360
-0.625586
-0.375295
-0.160602
0.146208
0.508034
0.845136
1.057533
1.206384
1.168976
1.004731
0.735818
0.372772
0.008494
-0.321003
-0.682748
-0.852185
-0.980812
-1.058179
-1.105303
-0.995377
-0.799259
-0.544963
-0.233344
0.115284
0.422147
0.648964
0.807444
0.874348
0.817881
0.709179
0.502461
0.348959
0.113400
-0.080571
-0.235178
-0.390092
-0.560730
-0.669873
-0.634682
-0.518885
-0.302326
0.027142
0.416080
0.711891
1.028182
1.148796
1.085325
0.924846
0.781178
0.454720
0.051847
-0.335053
-0.677302
-1.047743
-1.352936
-1.483804
-1.454625
-1.345480
-1.114272
-0.820820
-0.510959
-0.168852
0.152461
0.428972
0.684826
0.969315
1.137208
1.240702
1.277567
1.188213
0.943283
0.584799
0.231016
-0.184650
-0.546356
-0.767691
-0.919842
-0.951877
-0.886412
-0.786677
-0.610138
-0.367859
-0.084439
0.168695
0.438309
0.628884
0.769110
0.795428
0.715455
0.577885
0.395075
0.124846
-0.119646
-0.372649
-0.523160
-0.627837
-0.621203
-0.668514
-0.513255
-0.331782
-0.056257
0.320018
0.677374
0.973250
1.196787
1.251543
1.153958
0.966791
0.733320
0.357323
-0.044461
-0.392155
-0.690050
-0.933553
-1.039594
-1.144791
-1.171414
-1.064939
-0.918908
-0.718723
-0.430917
-0.076502
0.210216
0.465893
0.644067
0.811243
0.828408
0.795786
0.694676
0.546007
0.336199
0.043840
-0.214327
-0.441644
-0.655030
-0.769104
-0.824153
-0.745416
-0.646599
-0.413305
-0.108731
0.231605
0.536306
0.817398
1.018321
1.062149
1.032956
0.827645
0.600942
0.266652
-0.014315
-0.284245
-0.429076
-0.626428
-0.703246
-0.747399
-0.720746
-0.669230
-0.440156
-0.102934
0.207566
0.548665
0.872888
1.071215
1.166590
1.199144
1.093165
0.895304
0.722894
0.508459
-0.068822
-0.216978
-0.624539
-0.953740
-1.243829
-1.119179
-1.012283
-0.833207
-0.668988
-0.450518
-0.206739
0.014174
0.190778
0.294260
0.351560
0.737491
0.818558
0.643155
0.378717
0.085292
-0.231143
-0.935490
-1.085304
-0.753892
-0.734485
-0.757709
-0.660783
-0.425514
-0.543709
-0.206456
0.356501
0.703352
0.995939
1.188930
1.221816
0.545927
0.277256
0.199884
-0.147920
-0.194508
-0.016877
-0.160953
-0.250212
-0.298955
-0.666692
-0.846563
-0.604055
-0.616227
-0.264864
0.116733
0.441129
0.751062
0.958880
1.038795
0.945567
0.637774
0.185612
-0.250376
-0.614005
-0.552667
-0.698430
-0.697137
-0.658046
-0.581976
-0.717701
-0.533743
-0.275621
0.050009
0.345323
0.651993
0.891937
1.080293
1.051400
0.908611
0.651581
0.314594
-0.048313
-0.405823
-0.730601
-0.965264
-0.829008
-0.940113
-0.942599
-0.570035
-0.436150
-0.254274
0.007385
0.563057
0.811816
1.068130
0.969575
1.018927
0.917286
0.458913
0.194325
-0.068292
-0.354510
-0.801399
-0.860220
-0.878007
-0.870710
-0.749204
-0.536949
-0.313903
-0.026230
0.288296
0.509025
0.901754
0.993330
0.922691
0.776244
0.551506
0.065565
-0.247527
-0.550112
-0.789471
-0.945765
-1.033623
-1.021666
-0.871163
-0.673003
-0.366736
-0.070894
0.285321
0.586334
0.825750
1.006814
1.117972
1.060802
0.990472
0.879993
0.619751
0.307659
0.053118
-0.245483
-0.539851
-0.716356
-0.814952
-0.853724
-0.807394
-0.705487
-0.486510
-0.237737
-0.075170
0.177100
0.466557
0.633391
0.753872
0.934524
0.877732
0.619915
0.312945
-0.094332
-0.473953
-0.743164
-0.627088
-0.699870
-0.671255
-0.559401
-0.496442
-0.690824
-0.487320
-0.113753
0.186093
0.449137
0.788961
0.979063
0.986549
0.902152
0.806586
0.588050
0.151353
0.073739
-0.225566
-0.508702
-0.682306
-0.654017
-0.875643
-0.824183
-0.678300
-0.503776
-0.344169
-0.079521
0.157754
0.380018
0.697876
0.935123
0.984986
0.956041
0.899947
0.626142
0.353814
-0.087674
-0.447494
-0.706840
-0.892599
-0.997137
-0.918703
-0.748025
-0.583316
-0.433081
-0.135917
0.138929
0.419497
0.664347
0.858568
0.884273
0.800445
0.642975
0.343880
0.045108
-0.244211
-0.479694
-0.659663
-0.743562
-0.821832
-0.838978
-0.727248
-0.555118
-0.290092
0.023293
0.380391
0.643357
0.848195
0.857175
0.906359
0.865061
0.684018
0.390032
0.144295
-0.212915
-0.577575
-0.775217
-0.855705
-0.781378
-0.700825
-0.555540
-0.261697
-0.002910
0.155423
0.478850
0.776649
0.939336
1.024005
1.095448
0.943684
0.676387
0.276644
-0.092572
-0.504412
-0.813721
-1.006219
-1.082854
-1.102054
-0.973591
-0.832013
-0.695399
-0.455619
-0.152494
0.122937
0.388069
0.640907
0.779501
0.830672
0.673978
0.331703
0.017653
-0.255197
-0.531211
-0.710292
-0.711259
-0.637000
-0.611557
-0.442019
-0.241291
0.076339
0.379279
0.754359
0.908837
1.013028
1.016242
0.903726
0.588107
0.319475
0.122999
-0.172041
-0.456521
-0.674623
-0.768066
-0.827426
-0.800961
-0.614834
-0.325840
-0.138167
0.030141
0.321593
0.490460
0.698389
0.898779
1.027330
1.040559
0.923982
0.633164
0.198142
-0.170560
-0.542844
-0.751978
-0.890792
-0.850468
-0.817307
-0.776693
-0.809408
-0.625641
-0.380341
-0.095587
0.178691
0.493979
0.721895
0.870127
0.915739
0.883785
0.707066
0.459441
0.099218
-0.260545
-0.580680
-0.690205
-0.875716
-0.955478
-0.817325
-0.651727
-0.432761
-0.177110
0.216526
0.459561
0.831601
0.990522
1.075831
0.933742
0.642687
0.225154
-0.227557
-0.554759
-0.821649
-0.969745
-0.985619
-0.883912
-0.749343
-0.552130
-0.225657
0.009878
0.270103
0.488613
0.756840
0.900965
1.026966
1.042519
0.993123
0.858906
0.587783
0.276330
-0.112878
-0.460102
-0.759575
-0.928559
-1.120599
-1.153361
-1.116133
-1.091114
-0.978615
-0.806655
-0.612524
-0.342693
0.042852
0.414414
0.725678
0.989044
1.149032
1.118320
0.933564
0.623726
0.386630
0.102268
-0.184215
-0.356477
-0.353079
-0.388978
-0.369709
-0.318616
-0.101342
0.075429
0.388971
0.710572
0.996879
1.079527
1.109933
0.927863
0.491756
0.080700
-0.394005
-0.769436
-1.092490
-1.171967
-1.215923
-1.102557
-0.912719
-0.697537
-0.376336
-0.068978
0.150137
0.413686
0.626937
0.673163
0.705417
0.650526
0.433266
0.164574
-0.146775
-0.445105
-0.732474
-0.921661
-0.961842
-0.988517
-0.696916
-0.290066
-0.167885
0.260766
0.937076
1.258164
1.251537
1.438957
1.567710
1.112384
0.789934
0.441531
0.125561
-0.491426
-1.026070
-1.392671
-1.573115
-1.251679
-1.102891
-0.685849
-0.224818
0.182437
0.470974
0.638072
1.113499
1.295875
1.381673
1.394893
1.183975
0.949219
0.275522
-0.149281
-0.581999
-0.808383
-1.019066
-1.111945
-0.805223
-0.759859
-0.741191
-0.463006
-0.139633
-0.013706
0.073533
0.505235
0.709802
0.853062
1.086503
0.900765
0.865466
0.535747
0.190604
-0.154588
-0.319755
-0.393719
-0.681391
-0.635281
-0.775013
-0.607532
-0.570077
-0.274142
0.096238
0.424170
0.656562
0.998900
0.945897
1.029447
0.725642
0.430569
0.054213
-0.256043
-0.722283
-0.853623
-0.909915
-1.121380
-1.026311
-0.917302
-0.697715
-0.496494
-0.210213
0.062129
0.384653
0.645049
0.873036
0.970218
1.009481
0.930825
0.686694
0.503796
0.158296
0.046133
-0.303091
-0.493029
-0.773605
-0.870164
-1.078862
-0.987622
-0.795569
-0.591350
-0.343171
-0.006062
0.264944
0.709575
0.955662
1.194998
1.222893
1.153316
0.710613
0.421522
-0.016899
-0.407517
-0.685815
-0.649333
-0.744456
-0.627239
-0.560156
-0.513686
-0.609985
-0.481535
-0.316554
-0.069002
0.252295
0.499520
0.656094
0.780565
0.848542
0.815886
0.642937
0.501065
0.267012
-0.090616
-0.485785
-0.713384
-0.894307
-1.059966
-1.051133
-0.904692
-0.722133
-0.512213
-0.228550
0.023289
0.276578
0.547499
0.814027
0.982449
1.049241
1.069836
0.957822
0.602788
0.218917
-0.066685
-0.379387
-0.643060
-0.741316
-0.759068
-0.743898
-0.633532
-0.451178
-0.227016
-0.023859
0.226932
0.423833
0.565048
0.727690
0.888148
0.972350
0.915172
0.689552
0.336846
-0.091286
-0.515128
-0.837358
-0.953104
-0.985077
-0.934266
-0.803815
-0.653028
-0.494452
-0.237630
0.110465
0.423797
0.744717
1.031054
1.203182
1.173963
1.069636
0.860399
0.490942
0.134650
-0.210902
-0.501370
-0.718503
-0.787414
-0.845046
-0.820686
-0.790781
-0.736832
-0.593243
-0.417220
-0.173494
0.061792
0.349623
0.515042
0.694310
0.707240
0.642061
0.506289
0.334315
0.038085
-0.202548
-0.416638
-0.621207
-0.756287
-0.810072
-0.750198
-0.531330
-0.319942
-0.014002
0.303973
0.557387
0.708593
0.902171
0.977399
0.945654
0.900559
0.760068
0.521352
0.158653
-0.172633
-0.489775
-0.718246
-0.970602
-1.086613
-1.107364
-1.118842
-1.060191
-0.924354
-0.693322
-0.400926
-0.059958
0.213743
0.561407
0.821071
0.943640
0.972507
0.894541
0.671440
0.394277
0.139600
-0.140421
-0.338407
-0.445546
-0.549880
-0.593062
-0.590476
-0.555832
-0.440423
-0.247773
0.043522
0.327742
0.603841
0.765683
0.907872
0.912846
0.928165
0.865957
0.814969
0.628711
0.285632
-0.083998
-0.437398
-0.795995
-1.032869
-1.075400
-1.065616
-0.989483
-0.825888
-0.624576
-0.464909
-0.234146
0.062576
0.282520
0.547332
0.774388
0.936328
0.999939
0.986391
0.832623
0.608371
0.265679
-0.072706
-0.353188
-0.644473
-0.841651
-0.935273
-0.980223
-1.002852
-0.915153
-0.761536
-0.545260
-0.290260
0.059333
0.363964
0.581562
0.973528
1.024272
0.938133
0.807729
0.685634
0.468741
0.253385
0.028328
-0.166070
-0.356199
-0.696073
-0.775912
-0.711472
-0.611792
-0.458198
-0.165556
0.104927
0.333415
0.555290
0.724087
0.720107
0.663082
0.550348
0.365248
0.097587
-0.248279
-0.538520
-0.843790
-1.101865
-1.094952
-1.144850
-1.098081
-0.915502
-0.397100
-0.018756
0.348797
0.899130
1.172382
1.313119
1.175943
1.223917
1.001741
0.861478
0.639449
0.412601
0.116369
-0.173684
-0.452344
-0.850282
-0.941387
-0.752037
-0.714104
-0.595317
-0.220195
-0.008509
0.072383
0.287301
0.746790
0.971133
1.037464
1.186274
1.009973
0.744038
0.161554
-0.166287
-0.456378
-0.646325
-0.787238
-0.835396
-0.774080
-0.900819
-0.772273
-0.516561
-0.221622
0.292068
0.577433
0.862237
1.023570
1.088114
0.969587
0.757149
0.674696
0.356249
-0.015049
-0.501032
-0.760758
-0.904506
-1.307971
-1.390041
-1.219681
-1.101706
-0.904795
-0.617286
0.038878
0.503663
0.813997
1.159187
1.315889
1.161211
0.802571
0.707250
0.322474
-0.099452
-0.298221
-0.679472
-0.730040
-0.865430
-0.893037
-0.843579
-0.721858
-0.503455
-0.463568
-0.111020
0.034137
0.652079
0.871170
0.967300
1.240256
1.357936
0.844871
0.512018
0.195606
-0.108290
-0.457943
-0.406946
-0.509112
-0.508829
-0.641956
-0.718376
-0.519596
-0.339751
-0.124219
0.290983
0.542151
0.736181
0.741790
0.895589
0.920751
0.666460
0.501916
0.206184
-0.055793
-0.458294
-0.501756
-0.862263
-0.933427
-1.003988
-1.032798
-0.981728
-0.691994
-0.519595
-0.117873
0.099330
0.562704
0.808483
0.990922
1.126947
1.160922
0.894541
0.376319
0.230202
0.016425
-0.226345
-0.433484
-0.420975
-0.623275
-0.964196
-1.063467
-1.105434
-1.091260
-0.883254
-0.663732
-0.391435
0.170855
0.454196
0.899446
1.231080
1.270714
0.975854
0.878695
0.458765
0.085656
-0.088211
-0.283821
-0.430622
-0.569827
-0.677398
-0.700856
-0.655574
-0.572934
-0.497722
-0.253421
0.026085
0.306132
0.609401
0.937638
1.095365
1.197764
1.120662
0.937648
0.609925
0.195799
-0.205958
-0.544247
-0.854627
-1.083861
-1.152017
-1.160293
-1.086036
-0.909069
-0.679590
-0.414065
-0.151848
0.183383
0.435492
0.660093
0.806075
0.893371
0.867044
0.729513
0.608685
0.413593
0.114982
-0.247220
-0.508850
-0.776269
-0.997938
-1.104848
-1.060902
-0.965224
-0.683284
-0.372833
-0.080759
0.232753
0.509997
0.645207
0.758808
0.937426
1.037373
1.088132
1.053424
0.877518
0.622146
0.258560
-0.066565
-0.380057
-0.583558
-0.700042
-0.696237
-0.624234
-0.506271
-0.328478
-0.129630
0.103255
0.307437
0.500254
0.675972
0.825795
0.846489
0.762104
0.613095
0.354258
0.010998
-0.328984
-0.626272
-0.843804
-0.914656
-0.927673
-0.865425
-0.792172
-0.629256
-0.402096
-0.121376
0.210000
0.567147
0.808804
0.995787
1.006439
0.896335
0.663973
0.423457
0.084009
-0.234560
-0.539586
-0.732533
-0.835752
-0.903383
-0.877065
-0.802696
-0.626232
-0.456597
-0.188930
0.066699
0.383239
0.594979
0.836207
0.952137
1.035088
1.037453
0.945096
0.700206
0.378746
-0.021867
-0.397132
-0.697180
-0.923927
-1.077126
-1.049347
-0.972590
-0.777495
-0.592486
-0.340823
-0.083264
0.162949
0.434566
0.644001
0.827000
0.969451
1.029466
0.887521
0.714089
0.483364
0.222187
-0.141448
-0.404018
-0.541897
-0.603123
-0.672515
-0.579326
-0.421476
-0.287219
-0.048995
0.217780
0.501066
0.717098
0.906357
0.901840
0.752596
0.553088
0.243227
-0.067882
-0.343181
-0.558056
-0.731256
-0.865039
-0.931146
-0.957192
-0.942543
-0.892019
-0.761593
-0.548954
-0.247265
0.081843
0.397989
0.698034
0.865586
0.954056
0.989084
0.980671
0.849679
0.665020
0.329479
0.025956
-0.321670
-0.579808
-0.787046
-0.901391
-0.987565
-0.967375
-0.860048
-0.734905
-0.528348
-0.176108
0.113608
0.394757
0.642777
0.849548
0.902637
0.938614
0.858077
0.703273
0.523089
0.321901
0.026059
-0.239623
-0.430689
-0.595058
-0.782403
-0.853211
-0.851726
-0.757142
-0.516609
-0.260361
0.087917
0.396307
0.649093
0.712339
0.712709
0.670733
0.563199
0.413932
0.311344
0.120899
-0.138642
-0.381619
-0.636016
-0.889720
-0.960381
-0.928470
-0.768695
-0.481657
-0.142105
0.185239
0.482110
0.712687
0.896810
0.960992
0.976009
0.944531
0.790647
0.511798
0.235186
-0.111346
-0.471608
-0.753184
-0.962063
-1.076229
-1.046322
-0.963686
-0.753027
-0.527458
-0.239118
0.040759
0.336754
0.576850
0.822024
0.960082
1.077609
1.078242
0.989599
0.781996
0.491372
0.179364
-0.140216
-0.420257
-0.628588
-0.754420
-0.889463
-0.954346
-0.907135
-0.823825
-0.681128
-0.441735
-0.105334
0.129446
0.374381
0.664510
0.846756
0.963175
0.959125
0.930695
0.704874
0.452859
0.095340
-0.218802
-0.506692
-0.693314
-0.799527
-0.856081
-0.743896
-0.571088
-0.325360
-0.091401
0.284553
0.494967
0.678673
0.753152
0.813782
0.734322
0.624126
0.386965
0.071189
-0.252494
-0.562382
-0.777085
-0.914018
-0.921961
-0.839966
-0.740781
-0.573722
-0.395521
-0.151185
0.098947
0.375804
0.611318
0.825075
0.949476
0.983292
0.940048
0.822951
0.584619
0.313432
0.057222
-0.229428
-0.500307
-0.632819
-0.715661
-0.787418
-0.789688
-0.680992
-0.526416
-0.290566
-0.044491
0.280183
0.532258
0.750013
0.933055
1.073445
1.049495
0.953645
0.841847
0.630279
0.327793
0.062768
-0.202778
-0.492882
-0.737046
-0.943794
-1.081774
-1.190239
-1.201167
-1.197609
-1.094552
-0.871264
-0.544048
-0.213127
0.105004
0.458629
0.648508
0.747102
0.776682
0.719149
0.473484
0.225932
-0.009648
-0.264117
-0.497824
-0.589836
-0.665430
-0.724233
-0.789067
-0.714101
-0.533204
-0.257924
0.121935
0.503895
0.820437
0.980060
1.001201
0.939788
0.760105
0.445741
0.149670
-0.129060
-0.445940
-0.645960
-0.720323
-0.747121
-0.741637
-0.679662
-0.532872
-0.253961
-0.020171
0.294114
0.562237
0.737157
0.831268
0.933667
0.927390
0.816872
0.739558
0.509561
0.204519
-0.128016
-0.424589
-0.731635
-0.940882
-1.119893
-1.148635
-1.083225
-0.855014
-0.563193
-0.209249
0.148377
0.520022
0.768485
0.921612
1.043663
1.059687
0.938977
0.780593
0.522717
0.265523
-0.041534
-0.266717
-0.511982
-0.732535
-0.901202
-0.958729
-0.873722
-0.754949
-0.515005
-0.209362
0.112848
0.380209
0.598995
0.809228
0.929668
0.927988
0.701835
0.441184
0.154352
-0.153904
-0.516865
-0.657248
-0.761400
-0.785596
-0.729858
-0.565137
-0.418480
-0.109167
0.335503
0.691839
0.993604
1.245000
1.239727
1.017788
0.719087
0.399541
0.034299
-0.245975
-0.544080
-0.827992
-1.007575
-1.114801
-1.113378
-1.078303
-0.991819
-0.870313
-0.708670
-0.507030
-0.271797
-0.000082
0.275696
0.490434
0.658489
0.823647
0.916059
0.927544
0.866099
0.736510
0.429611
0.157092
-0.146941
-0.395879
-0.635077
-0.768571
-0.876821
-0.879109
-0.780978
-0.657393
-0.419898
-0.068276
0.232489
0.489091
0.752747
0.940852
0.959328
0.952546
0.844727
0.606725
0.326088
0.086858
-0.190407
-0.434318
-0.598737
-0.664084
-0.724281
-0.730875
-0.632225
-0.468844
-0.300441
-0.045416
0.261726
0.484979
0.677263
0.857813
0.924085
0.971592
0.914268
0.834677
0.642750
0.358869
-0.005042
-0.369789
-0.718273
-0.986850
-1.116192
-1.146877
-1.041751
-0.794406
-0.524404
-0.251406
0.029997
0.360017
0.610473
0.856422
1.091978
1.340353
1.342571
1.141936
0.765109
0.252475
-0.475843
-1.063889
-1.523094
-1.886397
-2.024503
-1.855651
-1.573291
-1.249931
-0.900045
-0.442776
-0.133121
0.151383
0.443100
0.804667
1.003668
1.006544
1.110782
0.828698
0.639189
0.386953
0.134795
-0.312403
-0.517711
-0.634180
-0.845543
-0.869364
-0.903143
-0.658747
-0.690194
-0.596606
-0.328219
-0.012197
-0.151841
-0.014721
0.065615
0.056577
-0.193306
-0.205535
-0.196458
-0.379670
-0.486565
-0.529371
-0.464576
-0.657389
-0.407333
-0.243392
0.152227
0.686373
1.116257
1.316925
1.571930
1.674985
1.690096
1.587817
1.443435
1.103575
0.859072
0.665581
0.746424
0.716464
0.704234
0.651045
0.503326
0.195736
0.000451
-0.230897
-0.389073
-0.682562
-0.962036
-1.110550
-1.111719
-1.180743
-1.197140
-1.122154
-0.946428
-0.719302
-0.282950
0.098389
0.499937
0.750583
0.693706
0.857703
0.986779
1.132698
1.097904
1.183801
0.929848
0.814654
0.452201
0.259962
0.189664
0.061542
-0.350269
-0.128263
0.000638
0.082128
-0.061554
-0.003114
-0.137611
-0.424604
-0.747388
-0.757175
-0.640011
-0.617967
-0.282984
-0.079507
-0.122121
-0.117504
-0.017241
0.054757
0.451713
0.840025
1.041409
0.604290
0.490514
0.239835
0.183325
0.448594
0.760204
0.769071
0.632988
0.455626
-0.181181
-0.465911
-1.003836
-1.251710
-1.553968
-1.606893
-1.545938
-1.018056
-0.991924
-0.390225
-0.096853
0.069468
0.388618
0.850212
0.751383
0.749351
1.030072
0.968738
0.792506
0.728056
0.711159
0.419240
0.081644
0.047296
-0.013565
-0.139476
-0.015486
-0.234701
-0.276773
-0.238161
-0.580939
-0.828370
-1.016647
-1.225545
-1.549908
-1.535570
-1.502741
-1.339401
-0.830817
-0.610495
0.173386
0.605984
0.980395
1.200000
1.261667
1.275230
0.926464
0.697571
0.256210
0.217814
0.060347
0.253719
0.388989
0.367530
0.353740
-0.058608
-0.430945
-0.537313
-0.825846
-1.112124
-0.855444
-0.778533
-0.487647
-0.043783
0.506321
0.682798
0.974466
1.167194
1.108969
1.096905
1.033915
0.983791
0.606248
0.558728
0.471146
0.256502
0.199273
0.244643
-0.010227
-0.358702
-0.427356
-0.670845
-1.377309
-1.747043
-1.787058
-1.992728
-1.763286
-1.066480
-0.186848
0.490599
0.806414
1.066247
1.115640
0.880844
0.520760
0.609016
0.574412
0.762018
0.928334
0.968355
1.032232
0.851861
0.517113
0.267837
-0.035756
-0.298036
-0.341448
-0.119426
-0.024622
0.033846
-0.029643
-0.176145
-0.676947
-1.051837
-1.232360
-1.488042
-1.629596
-1.457834
-1.288211
-1.038302
-0.591449
-0.269462
-0.005871
0.196067
0.455885
0.694878
0.854498
0.982000
0.984247
0.996588
0.893259
0.798394
0.698319
0.754412
0.666764
0.513360
0.343071
0.101983
-0.242812
-0.643579
-0.869746
-1.056431
-1.263267
-1.390808
-1.352636
-1.326124
-0.956589
-0.588662
-0.142238
0.234780
0.472664
0.419658
0.417996
0.337026
0.312909
0.420944
0.524179
0.628476
1.547870
1.433422
1.319134
1.063491
0.591440
-0.671886
-0.909023
-1.240652
-1.649568
-1.857518
-0.920930
-1.114898
-0.330722
-0.110106
0.342328
-0.354135
-0.000649
-0.409273
-0.131394
0.366682
0.407505
0.460242
0.411176
0.399340
-0.048398
-0.081011
0.204674
0.471698
0.345234
0.234306
0.163017
0.265273
-0.223618
-0.327753
0.261750
-0.254906
0.038804
-0.500150
0.466127
0.819376
0.684211
2.125385
2.125385
3.477024
1.878133
3.311458
0.922583
