3.585058
3.585058
2.394070
1.513526
0.950905
0.406110
-0.420453
-0.173644
-0.342195
-0.813095
-1.336496
-1.675999
-1.691169
-1.817888
-1.850165
-1.813344
-1.568725
-1.399404
-1.278621
-1.276950
-1.286768
-1.353786
-1.506490
-1.380918
-1.210202
-1.026808
-0.933154
-0.842482
-0.753662
-0.693863
-0.689420
-0.659018
-0.639485
-0.581228
-0.511613
-0.414642
-0.397903
-0.409898
-0.443388
-0.290329
-0.133651
0.137660
0.608773
1.034464
1.313282
1.431883
1.566792
1.545283
1.463846
1.346981
1.312003
1.230074
1.084020
1.023589
0.665189
0.398144
-0.136347
-0.627446
-1.052878
-1.268478
-1.575624
-1.475237
-1.405718
-1.394893
-1.273358
-1.067534
-1.003461
-0.943756
-0.890511
-0.836879
-0.784814
-0.746826
-0.437788
-0.327508
-0.160564
-0.018001
0.242347
0.049351
0.016922
-0.156056
-0.449235
-0.878141
-1.153603
-1.095681
-1.038957
-0.743706
-0.450944
0.082479
0.257002
0.515913
0.310253
-0.019373
-0.387038
-0.797356
-1.273193
-1.219221
-1.165900
-1.117842
-0.647139
-0.189020
0.057665
0.505161
0.619448
0.430028
0.150701
0.422665
0.549904
0.944916
1.257232
1.706810
1.624143
1.555282
1.377309
1.565815
1.410888
1.123480
0.777009
0.749025
0.382706
0.132142
0.031311
0.039076
-0.205672
-0.634246
-1.013321
-1.087855
-1.220003
-1.178914
-0.852142
-0.250289
0.163198
0.420050
0.974813
1.106162
1.567940
1.919449
2.591131
2.641534
2.736277
2.475010
1.437019
0.637878
-0.018563
-0.382867
-0.760147
-0.315579
-0.161126
-0.200745
-0.293496
-0.244978
-0.147894
-0.214056
-0.098506
-0.023438
-0.129201
-0.544792
-0.645509
-0.817552
-1.001025
-1.116532
-1.122266
-1.201409
-1.182023
-1.060892
-1.221303
-1.369835
-1.646489
-1.916294
-1.983695
-1.970886
-1.692960
-1.272134
-0.885091
-0.504930
0.051263
0.464271
0.714167
1.040501
1.229306
1.152661
1.217451
1.116670
1.008076
1.015215
1.136346
1.165016
1.250048
1.519800
1.214109
1.019258
0.782406
0.735566
0.111044
0.119767
-0.042270
-0.232373
-0.412619
-0.471850
-0.482550
-0.309517
-0.198136
0.158011
0.763070
0.407582
0.264193
-0.022543
-0.488652
-0.556306
-0.201264
-0.149365
0.296452
1.166984
0.707786
0.807501
0.841268
0.284933
0.176118
0.646105
0.837101
1.024387
1.699994
1.225970
1.191876
0.853313
0.561469
0.107344
-0.080293
-0.396792
-0.634671
-0.835463
-0.702146
-0.727039
-0.814680
-0.476508
-0.098912
-0.004450
0.329206
0.741070
1.087047
1.135175
1.513077
1.386893
1.211494
1.086564
1.278813
1.052293
1.001269
1.044642
0.520894
-0.229644
-0.943573
-1.360794
-1.832863
-2.160958
-2.125262
-2.197813
-2.387462
-2.517094
-2.060196
-1.919250
-1.437597
-1.055512
-0.709576
-0.672050
-0.309204
-0.445619
-0.155526
0.038791
0.172980
0.242985
0.856062
0.932289
1.071294
1.261537
1.343437
1.091526
1.242679
1.089135
0.893105
0.802563
0.875608
0.690909
1.034200
1.266108
1.410227
1.388073
1.427499
1.021662
0.643401
0.247915
0.020276
-0.271154
-0.308187
-0.238978
-0.118970
-0.077573
0.060829
-0.019851
-0.122841
-0.289240
-0.472008
-0.737180
-1.095825
-1.362914
-1.691587
-1.842857
-2.050968
-1.834709
-1.668963
-1.392457
-1.241187
-1.008317
-0.680573
-0.382954
0.062721
0.558685
1.024091
1.494524
1.784336
1.956744
2.019012
1.855773
1.347491
0.882339
0.326398
-0.283453
-0.519778
-0.769651
-0.889545
-1.026756
-0.832437
-0.578156
-0.138713
0.224707
0.626521
0.826077
0.866802
0.675578
0.558228
0.249599
-0.061188
-0.419490
-0.755457
-1.052755
-0.988820
-0.867212
-0.686115
-0.340451
0.267157
0.717433
1.003559
1.243103
1.369181
1.103790
0.659197
0.209171
-0.332762
-0.773974
-1.115611
-1.291048
-1.361870
-1.311947
-1.144455
-0.935085
-0.763717
-0.370595
0.145653
0.517562
0.872865
1.306215
1.517050
1.539862
1.516946
1.285501
0.839230
0.268130
-0.247715
-0.687602
-0.934981
-1.010646
-1.002477
-0.886642
-0.810968
-0.745168
-0.554663
-0.289088
-0.044540
0.252707
0.560123
0.784644
0.980293
1.023130
0.873420
0.579257
0.244018
-0.193040
-0.576001
-0.828594
-0.925055
-1.000475
-0.991474
-0.874741
-0.668635
-0.359285
-0.064510
0.350125
0.671297
0.877970
0.989464
0.985295
0.825586
0.567200
0.325944
-0.029460
-0.373152
-0.680002
-0.915524
-1.043851
-1.090795
-1.058199
-0.910006
-0.612801
-0.260665
0.094150
0.466096
0.842716
1.079952
1.220656
1.295663
1.291716
1.179277
0.907551
0.494868
0.043394
-0.282594
-0.636103
-0.816599
-0.900713
-0.847945
-0.763557
-0.646496
-0.433751
-0.205961
0.052280
0.333173
0.618613
0.846386
1.006714
1.090701
1.010998
0.764970
0.383978
-0.064007
-0.520617
-0.913553
-1.132586
-1.240587
-1.239919
-1.147997
-0.998131
-0.869807
-0.649828
-0.400541
-0.043631
0.338115
0.747147
1.050863
1.286839
1.336512
1.152590
0.832029
0.378449
-0.043206
-0.456292
-0.730827
-0.841449
-0.920315
-0.917164
-0.924337
-0.897549
-0.736471
-0.460571
-0.142463
0.359801
0.815875
1.099669
1.360007
1.427276
1.198391
0.889963
0.549776
0.140194
-0.213056
-0.521543
-0.692753
-0.913761
-1.056428
-1.062064
-0.949201
-0.746268
-0.373949
0.107111
0.466598
0.800186
1.069589
1.133118
1.036401
0.763512
0.488646
0.096603
-0.285675
-0.620152
-0.797007
-0.962639
-1.056495
-1.079560
-0.950457
-0.800260
-0.526347
-0.228989
0.083148
0.362655
0.689806
0.861789
0.974788
1.093676
1.116050
1.016961
0.816505
0.495586
0.102443
-0.341612
-0.726898
-0.993790
-1.083777
-1.091636
-0.999566
-0.831486
-0.659738
-0.424441
-0.130002
0.177401
0.452597
0.762843
0.984198
1.118463
1.174616
1.138826
0.885668
0.511652
0.141733
-0.291376
-0.660296
-0.894425
-1.042267
-1.133091
-1.143931
-1.033269
-0.816923
-0.485498
-0.151013
0.236965
0.505728
0.735708
0.902343
0.971687
0.945268
0.853947
0.706664
0.433198
0.137438
-0.237106
-0.574758
-0.838847
-0.960193
-1.058393
-0.972308
-0.798324
-0.551258
-0.282687
0.056901
0.369726
0.666625
0.902547
1.015241
1.133891
1.196709
1.057842
0.781952
0.397295
-0.056613
-0.541353
-0.874125
-1.043657
-1.105541
-1.081289
-1.015376
-0.835296
-0.713073
-0.400913
-0.120299
0.228264
0.518513
0.754557
0.846550
1.011535
1.018734
0.956284
0.855635
0.638828
0.329976
-0.002534
-0.333481
-0.662532
-0.818171
-0.998336
-1.084597
-1.112995
-1.076062
-0.965469
-0.795240
-0.509941
-0.251892
0.036157
0.331526
0.632043
0.867376
1.069541
1.239610
1.283231
1.219211
1.006494
0.638126
0.222440
-0.199761
-0.505526
-0.687155
-0.781972
-0.716750
-0.650526
-0.610901
-0.503337
-0.295829
-0.025910
0.271541
0.591099
0.849983
1.032833
1.071551
0.895717
0.600074
0.176769
-0.198113
-0.614312
-0.854040
-0.966836
-0.971954
-0.924007
-0.845970
-0.675393
-0.426638
-0.105708
0.272620
0.575521
0.823152
1.035912
1.119483
1.094632
0.954344
0.715158
0.383550
-0.027378
-0.342243
-0.563536
-0.757149
-1.001602
-1.101312
-1.252763
-1.309018
-1.172728
-0.918702
-0.506894
-0.103748
0.301827
0.653100
0.930371
1.103100
1.176404
1.232732
1.097040
0.793697
0.392571
0.048202
-0.371123
-0.669258
-0.899978
-1.056678
-1.164857
-1.071010
-0.919592
-0.652046
-0.337033
-0.018135
0.256289
0.513818
0.797179
0.987220
1.167710
1.173618
1.011407
0.709233
0.289201
-0.163221
-0.538899
-0.853244
-0.996501
-0.977318
-0.925681
-0.870069
-0.702797
-0.480144
-0.233487
0.067063
0.399945
0.693646
0.961094
1.156839
1.180505
0.984999
0.728623
0.376474
-0.042115
-0.431894
-0.641891
-0.794621
-1.047757
-1.256890
-1.234452
-1.157488
-0.971403
-0.560696
0.016028
0.453107
0.821435
1.174454
1.456616
1.582246
1.415969
1.271522
0.986784
0.479943
-0.016964
-0.370983
-0.560884
-0.756810
-0.805579
-0.786577
-0.751975
-0.729913
-0.490169
-0.221555
0.106563
0.557951
0.883117
0.879601
0.951539
0.919401
0.782896
0.545098
0.278135
-0.154772
-0.620194
-1.031281
-1.314631
-1.414116
-1.329549
-1.162072
-0.932574
-0.727767
-0.476609
-0.128269
0.146360
0.438134
0.712090
0.922568
1.037676
1.139132
1.123544
0.959991
0.692361
0.313372
-0.124009
-0.520522
-0.816566
-0.970771
-1.069360
-1.103653
-0.993280
-0.826342
-0.555652
-0.290120
0.137394
0.438347
0.788561
1.044218
1.164361
1.145407
0.981347
0.715411
0.337866
-0.088527
-0.503922
-0.714048
-0.885757
-1.001803
-0.951412
-0.892191
-0.730252
-0.487168
-0.194546
0.047240
0.443377
0.690766
0.891863
0.909703
0.945149
0.793020
0.584870
0.282286
0.030366
-0.230403
-0.589009
-0.866414
-1.031648
-1.117729
-1.013712
-0.651257
-0.222685
0.173866
0.727048
1.154502
1.339872
1.362109
1.282028
1.059369
0.785725
0.448986
0.133501
-0.267561
-0.646298
-0.994085
-1.207817
-1.316484
-1.280904
-1.165707
-1.007896
-0.799094
-0.549699
-0.224642
0.105153
0.400944
0.813706
1.137055
1.393831
1.500381
1.547022
1.402740
1.068339
0.703341
0.338573
-0.170763
-0.600899
-0.898960
-1.137171
-1.325008
-1.401903
-1.283279
-1.151922
-0.884382
-0.513854
-0.103515
0.183696
0.534789
0.771091
0.861279
0.961207
0.957961
0.917990
0.841640
0.654938
0.388634
0.036146
-0.312027
-0.643273
-0.818651
-0.887430
-0.956260
-0.943231
-0.898890
-0.782841
-0.551455
-0.134664
0.303363
0.716179
1.047794
1.246479
1.337606
1.270733
1.044868
0.741832
0.463457
-0.030498
-0.484235
-0.800313
-1.057919
-1.366915
-1.437871
-1.334814
-1.117198
-0.810300
-0.428277
0.061292
0.407943
0.665886
0.862746
1.005748
1.071727
1.056694
1.010423
0.837063
0.575017
0.166805
-0.183429
-0.534708
-0.760672
-0.944717
-0.980621
-0.962251
-0.856099
-0.765008
-0.648627
-0.404631
-0.163040
0.076503
0.370652
0.742977
0.941745
1.076784
1.113735
0.997976
0.766552
0.444519
0.139071
-0.237059
-0.528400
-0.701945
-0.844652
-1.010170
-1.072295
-1.007562
-0.922174
-0.711421
-0.348614
0.066307
0.393689
0.646552
0.859436
0.968365
0.988369
0.977614
0.971092
0.861393
0.724930
0.506652
0.242043
-0.147414
-0.442749
-0.751867
-0.906189
-0.995477
-0.937448
-0.784382
-0.540388
-0.335781
-0.047311
0.232051
0.463311
0.671698
0.889616
1.050705
1.150766
1.150590
0.925756
0.624177
0.299806
-0.139826
-0.576606
-0.797132
-0.959768
-1.181750
-1.241546
-1.210496
-1.146350
-0.951826
-0.729070
-0.349862
0.008642
0.308583
0.603877
0.899943
1.039806
0.955403
0.842346
0.572230
0.163051
-0.259750
-0.532196
-0.703488
-0.846803
-0.905764
-0.907333
-0.832808
-0.631990
-0.386415
-0.049352
0.314945
0.673357
0.856841
0.968779
1.053055
1.077392
0.934541
0.682090
0.340777
-0.045431
-0.473710
-0.782629
-0.998183
-1.057619
-1.050617
-0.985605
-0.787880
-0.627997
-0.398702
-0.081839
0.254600
0.561465
0.865906
1.062034
1.167888
1.161246
1.000386
0.775154
0.393134
0.008553
-0.366785
-0.648788
-0.863679
-0.885456
-0.996614
-1.036658
-0.992685
-0.843794
-0.617707
-0.199302
0.259096
0.625038
0.909878
1.147630
1.216160
1.201232
1.027662
0.854324
0.487200
0.089914
-0.315229
-0.561365
-0.805851
-0.920475
-0.982783
-0.984951
-0.898651
-0.730077
-0.454956
-0.139122
0.184629
0.413020
0.571632
0.695244
0.809985
0.870586
0.761666
0.566451
0.278027
-0.050452
-0.452881
-0.693801
-0.899934
-1.024911
-0.987581
-0.906505
-0.720161
-0.492266
-0.239255
0.039732
0.550570
0.970672
1.393535
1.736132
1.971943
1.899259
1.693691
1.152471
0.680510
0.168484
-0.505975
-0.944406
-1.147194
-1.363683
-1.501536
-1.337452
-1.267657
-1.094702
-0.729377
-0.367553
0.022459
0.387543
0.787718
0.880335
0.781338
0.573396
0.310468
-0.038511
-0.413629
-0.677599
-0.821357
-0.873163
-0.812464
-0.669392
-0.481611
-0.349203
-0.250707
-0.058067
0.169279
0.392889
0.673593
1.055817
1.224648
1.384491
1.363634
1.361479
1.012806
0.520412
-0.090029
-0.518407
-1.038093
-1.325542
-1.297297
-1.157124
-0.920008
-0.555199
-0.070666
0.343338
0.806341
1.170430
1.434254
1.531267
1.386747
1.180785
0.871311
0.414770
-0.009849
-0.298853
-0.610330
-0.784253
-0.850673
-0.875996
-0.823452
-0.686902
-0.660889
-0.561092
-0.347077
-0.112551
0.195325
0.558147
0.815353
0.946419
1.001042
0.820348
0.421689
0.062675
-0.462032
-0.973548
-1.316501
-1.540419
-1.642261
-1.555538
-1.398146
-1.285831
-0.939895
-0.543353
-0.152693
0.279560
0.714541
0.997422
1.190436
1.386018
1.458036
1.392881
1.207132
0.957169
0.580825
0.108198
-0.327889
-0.574671
-0.913969
-1.167994
-1.188335
-1.063265
-0.967480
-0.838661
-0.484585
-0.211381
-0.039647
0.228761
0.612347
0.760022
0.878941
0.997729
0.941026
0.691187
0.420260
0.113949
-0.277008
-0.589821
-0.744427
-0.845804
-0.872007
-0.694868
-0.522521
-0.351207
-0.086475
0.140231
0.353877
0.586684
0.930624
1.182218
1.290243
1.244737
1.046274
0.569597
-0.015255
-0.453963
-0.828931
-1.054936
-1.097395
-1.141356
-1.082135
-1.005337
-0.931417
-0.705708
-0.327928
-0.001333
0.395515
0.788509
0.972897
1.138734
1.206682
1.073598
0.849265
0.612111
0.246711
-0.204772
-0.578223
-0.816771
-1.057654
-1.240422
-1.133049
-1.019220
-0.938725
-0.752842
-0.370462
-0.166693
0.228224
0.672388
1.112647
1.325568
1.424679
1.344539
1.056083
0.547762
0.069161
-0.286472
-0.557271
-0.716015
-0.805995
-0.868323
-0.850308
-0.829873
-0.749917
-0.567005
-0.236311
0.123784
0.445856
0.732510
0.983820
1.097388
1.072073
0.886660
0.592738
0.181587
-0.282947
-0.727253
-0.964496
-1.087318
-1.096556
-0.922722
-0.678499
-0.481539
-0.293258
0.043901
0.325984
0.603995
0.839377
1.057966
1.227455
1.240908
1.099637
0.734695
0.317028
-0.171399
-0.660067
-1.033994
-1.130482
-1.191977
-1.176160
-1.064506
-0.932864
-0.777243
-0.423982
-0.052624
0.334565
0.721931
1.041047
1.201950
1.164571
0.981982
0.599750
0.207429
-0.219407
-0.522279
-0.717610
-0.819003
-0.777235
-0.693268
-0.637367
-0.467585
-0.107952
0.165980
0.496115
0.805048
1.014261
1.065982
1.038202
0.829447
0.552693
0.234305
-0.170477
-0.546204
-0.865637
-1.018347
-1.122705
-1.145201
-1.127908
-1.004337
-0.830095
-0.551658
-0.141494
0.245692
0.627265
0.897813
1.079546
1.235847
1.268773
1.234231
1.073165
0.745810
0.274084
-0.106895
-0.480116
-0.746386
-0.934423
-0.992512
-1.029789
-0.980930
-0.765765
-0.511861
-0.234826
0.103089
0.449448
0.779994
1.073279
1.293871
1.479908
1.430516
1.015767
0.541887
0.069291
-0.413226
-0.772905
-0.888288
-0.800119
-0.703415
-0.537205
-0.395437
-0.125382
0.125210
0.457688
0.635374
0.823837
0.831151
0.611847
0.122283
-0.294463
-0.695779
-1.085695
-1.327428
-1.440472
-1.413831
-1.243866
-0.963081
-0.534710
-0.039319
0.538425
1.028822
1.316837
1.253449
1.022646
0.629006
0.042463
-0.382168
-0.535519
-0.632251
-0.711915
-0.612979
-0.540501
-0.445475
-0.228031
-0.041229
0.276710
0.575733
0.820919
1.023620
1.143326
1.076080
0.699520
0.261130
-0.190091
-0.720233
-1.182506
-1.424504
-1.393939
-1.299442
-1.060659
-0.777318
-0.305668
0.016253
0.338975
0.642648
0.969535
1.232424
1.330278
1.368150
1.220785
0.982855
0.488566
0.037401
-0.386404
-0.571059
-0.842237
-0.904142
-0.859722
-0.769311
-0.599411
-0.295647
0.123506
0.496456
0.788198
0.977083
1.010965
0.967572
0.786981
0.618406
0.251367
-0.151976
-0.663778
-0.966704
-1.177184
-1.222862
-1.176378
-0.953985
-0.724408
-0.474947
-0.147693
0.246960
0.622353
0.869129
1.027349
1.023890
1.024709
0.959401
0.831941
0.594981
0.360976
0.028958
-0.405685
-0.745145
-0.978416
-1.208048
-1.300014
-1.281352
-1.136534
-0.983924
-0.658274
-0.315137
0.087341
0.501044
0.871301
1.124636
1.450229
1.679781
1.569517
1.372030
1.097278
0.657707
0.187849
-0.217790
-0.499763
-0.738208
-0.962726
-1.136269
-1.145066
-1.119923
-1.073528
-0.950020
-0.623528
-0.318072
-0.014353
0.417688
0.769090
0.872833
0.812953
0.689968
0.292314
-0.219440
-0.649600
-0.948747
-1.115174
-1.098613
-0.944018
-0.658381
-0.433482
-0.122254
0.178185
0.467052
0.707855
1.028349
1.203549
1.234583
1.231908
1.094247
0.815495
0.365972
-0.081787
-0.451383
-0.933335
-1.274968
-1.326585
-1.331660
-1.270308
-1.132668
-0.816536
-0.642917
-0.312480
0.106172
0.623569
0.970189
1.284146
1.565115
1.606477
1.425506
1.166227
0.807889
0.373637
-0.056991
-0.422731
-0.673578
-0.914355
-1.013657
-1.192285
-1.298645
-1.298732
-1.160696
-1.107577
-0.823934
-0.445968
-0.172011
0.082353
0.439937
0.630934
0.882554
1.126502
1.325192
1.419636
1.392243
1.224496
0.901789
0.498566
0.075848
-0.264544
-0.602464
-0.820163
-0.912460
-0.964714
-0.911433
-0.733523
-0.515056
-0.183951
0.128292
0.459437
0.712396
0.959983
1.047829
1.157049
1.139829
0.874145
0.545072
0.160591
-0.324587
-0.755729
-1.013105
-1.194063
-1.322852
-1.373680
-1.276305
-1.065065
-0.812143
-0.544882
-0.288852
-0.019592
0.334765
0.701859
0.991909
1.340991
1.541666
1.518193
1.299064
0.938088
0.522519
0.027216
-0.386333
-0.701341
-0.786795
-0.862622
-0.833882
-0.691229
-0.500610
-0.255577
0.109390
0.427556
0.725359
0.912045
1.042083
1.019740
0.900664
0.572126
0.187833
-0.267808
-0.712081
-1.077917
-1.371532
-1.502710
-1.450676
-1.292717
-1.049539
-0.611632
-0.220595
0.128801
0.462982
0.808369
0.974076
1.212691
1.326611
1.307249
1.068609
0.684413
0.209625
-0.216740
-0.664813
-0.891544
-0.937508
-0.929430
-0.929509
-0.841035
-0.710985
-0.510276
-0.175956
0.121307
0.453447
0.746543
1.024785
1.135353
1.173462
1.089337
0.977173
0.562194
0.028816
-0.449290
-0.832513
-1.260063
-1.443338
-1.378843
-1.245039
-1.045330
-0.696456
-0.295487
0.000545
0.409062
0.748564
0.944989
1.042440
1.024598
0.849131
0.599355
0.189463
-0.158121
-0.469972
-0.732552
-0.915593
-0.953254
-0.966026
-0.977475
-0.855191
-0.629828
-0.373481
-0.065102
0.446634
0.940729
1.249566
1.473633
1.618141
1.496542
1.219961
0.899366
0.506858
-0.031892
-0.457482
-0.767750
-0.991261
-1.073775
-1.014568
-0.807186
-0.672125
-0.554924
-0.390515
-0.151337
-0.013493
0.192644
0.439970
0.729694
0.853526
0.875368
0.717150
0.505232
0.173678
-0.241649
-0.569834
-0.799314
-0.973941
-1.066189
-1.019521
-0.939554
-0.818649
-0.572004
-0.277063
0.126618
0.465003
0.825584
1.111309
1.267325
1.305045
1.278744
1.196554
1.020915
0.737392
0.385810
0.032478
-0.348765
-0.714312
-0.997030
-1.142732
-1.147540
-1.111223
-1.066451
-0.953086
-0.757464
-0.560019
-0.219578
0.153627
0.549194
0.830376
1.018749
1.080804
1.032544
0.884536
0.582554
0.280254
-0.043292
-0.299641
-0.510125
-0.635583
-0.688943
-0.751409
-0.796290
-0.646772
-0.401834
-0.074593
0.255270
0.574989
0.881528
1.150099
1.276558
1.331335
1.254252
1.015063
0.501421
-0.125288
-0.730829
-1.178397
-1.582729
-1.715432
-1.637252
-1.495193
-1.214289
-0.851118
-0.401759
-0.037202
0.343902
0.743773
0.988568
1.153357
1.183917
1.221482
0.967957
0.635853
0.190767
-0.156259
-0.481399
-0.683993
-0.835004
-0.866239
-0.950198
-0.837696
-0.696062
-0.460857
-0.038574
0.442580
0.728218
0.938810
1.120944
1.077571
0.812142
0.607592
0.217975
-0.128126
-0.501022
-0.640536
-0.809668
-0.723424
-0.679706
-0.533335
-0.364126
-0.255345
-0.157629
0.140441
0.316914
0.656651
0.960217
1.240646
1.342218
1.410547
1.244638
0.894722
0.413839
-0.076593
-0.525585
-0.975947
-1.264408
-1.347057
-1.443952
-1.481570
-1.293429
-0.995749
-0.606939
-0.182904
0.338441
0.732814
1.097788
1.303477
1.393551
1.296172
1.015093
0.666147
0.284386
-0.156900
-0.475136
-0.646160
-0.762828
-0.837533
-0.802359
-0.786714
-0.680916
-0.562391
-0.385588
-0.146034
0.213847
0.486720
0.772579
0.931378
1.027833
0.990735
0.816205
0.508141
0.046049
-0.397357
-0.869984
-1.176543
-1.385737
-1.354261
-1.212342
-1.022082
-0.723956
-0.446246
-0.137447
0.187272
0.553238
0.822141
1.009140
1.153239
1.256685
1.212215
1.062103
0.878314
0.622776
0.245417
-0.118837
-0.437287
-0.765956
-0.934912
-1.111418
-1.223625
-1.218431
-1.046504
-0.868982
-0.614103
-0.221940
0.113777
0.438407
0.663392
0.951162
1.175257
1.141606
1.056976
0.886514
0.498478
0.041057
-0.292629
-0.568114
-0.774359
-0.823857
-0.815713
-0.756425
-0.577600
-0.305387
-0.060493
0.226399
0.604461
0.856559
0.947232
1.059733
1.057561
0.835996
0.455440
0.003517
-0.511522
-1.001956
-1.324704
-1.460286
-1.436055
-1.297527
-1.119948
-0.829241
-0.580105
-0.254234
0.121867
0.535333
0.923671
1.267797
1.520167
1.710010
1.700994
1.473204
1.049938
0.547997
-0.018969
-0.518365
-0.876196
-1.027360
-1.072886
-1.088803
-1.050174
-0.995909
-0.876530
-0.642338
-0.360136
-0.030692
0.272205
0.605309
0.806537
0.891091
0.891341
0.763995
0.555336
0.214387
-0.135808
-0.445760
-0.650184
-0.840038
-0.899694
-0.874318
-0.812510
-0.669052
-0.422685
-0.139633
0.139687
0.567809
0.951597
1.222772
1.448984
1.577808
1.511275
1.316024
0.945035
0.388581
-0.116652
-0.645375
-1.069757
-1.258016
-1.300498
-1.228785
-1.081206
-0.893360
-0.746202
-0.479490
-0.190201
0.121030
0.499358
0.800703
1.019836
1.226945
1.185402
0.995371
0.695771
0.332879
-0.156622
-0.551645
-0.815005
-0.966125
-1.001455
-0.975564
-0.879345
-0.806973
-0.567843
-0.249850
0.101383
0.500041
0.863613
1.130022
1.274602
1.186781
1.022917
0.687533
0.299530
-0.123617
-0.402365
-0.664472
-0.785932
-0.905337
-0.975927
-1.008606
-0.890518
-0.765616
-0.412507
-0.103943
0.223209
0.554313
0.957729
1.161475
1.288258
1.273110
1.124340
0.671427
0.162447
-0.304237
-0.660917
-1.107606
-1.319911
-1.436801
-1.472593
-1.444492
-1.245588
-0.940937
-0.666904
-0.194827
0.269409
0.726767
1.115896
1.441195
1.585453
1.690230
1.463142
1.142036
0.696338
0.242993
-0.233249
-0.521115
-0.731745
-0.804576
-0.857302
-0.913946
-0.903187
-0.853071
-0.636883
-0.483421
-0.205320
0.257152
0.708897
1.029823
1.268996
1.272350
1.043809
0.584203
0.106946
-0.285952
-0.662741
-0.893510
-0.984459
-1.008228
-1.037093
-0.942961
-0.823340
-0.631296
-0.442269
-0.084990
0.256450
0.588569
0.875755
1.180531
1.328206
1.392981
1.358964
1.212788
0.907401
0.380846
-0.016520
-0.536703
-0.929465
-1.151950
-1.243298
-1.284092
-1.167011
-0.995459
-0.897731
-0.659092
-0.367893
-0.066523
0.269886
0.594551
0.890961
1.101841
1.170853
1.080012
0.778501
0.527942
0.197852
-0.115629
-0.395888
-0.524259
-0.669708
-0.892333
-1.039845
-1.094364
-1.080519
-0.970118
-0.663116
-0.175260
0.229311
0.648522
0.983137
1.135892
1.100028
0.973347
0.810618
0.503058
0.196898
-0.132711
-0.425914
-0.658609
-0.821468
-0.919741
-0.900897
-0.820267
-0.698417
-0.441961
-0.178941
0.030551
0.311730
0.605881
0.759308
0.887811
0.967727
0.937852
0.776574
0.410648
0.084428
-0.301773
-0.621140
-0.921527
-1.037831
-1.128490
-1.135180
-0.978888
-0.782561
-0.502204
-0.185539
0.289760
0.635499
1.007193
1.322095
1.611807
1.583029
1.436948
1.195636
0.827868
0.386425
-0.112760
-0.474267
-0.817264
-0.970857
-1.096231
-0.998668
-0.979550
-0.913673
-0.855810
-0.712907
-0.417543
-0.078180
0.269483
0.622316
0.910890
1.058429
1.019565
0.954369
0.711349
0.314560
-0.145162
-0.466304
-0.754384
-0.896478
-0.900469
-0.834972
-0.777000
-0.605672
-0.414062
-0.242709
0.100956
0.483267
0.738685
0.977545
1.193334
1.179258
1.039240
0.692272
0.197786
-0.270388
-0.778258
-1.174609
-1.309785
-1.356921
-1.303341
-1.130558
-0.868679
-0.648148
-0.280879
0.003820
0.343864
0.674775
0.994124
1.221734
1.507867
1.648813
1.558318
1.302842
0.830695
0.274169
-0.307435
-0.768446
-1.054084
-1.128858
-1.183642
-1.172908
-1.049436
-0.884604
-0.720299
-0.453448
-0.180237
0.018942
0.270710
0.513443
0.696956
0.817080
0.792891
0.632097
0.390781
-0.012418
-0.389660
-0.602305
-0.775986
-0.871491
-0.809536
-0.672604
-0.549541
-0.410095
-0.159279
0.057170
0.324783
0.603004
0.866654
1.106567
1.268691
1.333763
1.240289
0.907498
0.396011
-0.152643
-0.665583
-1.032587
-1.212928
-1.357212
-1.234691
-1.177038
-0.973923
-0.740268
-0.345911
-0.054765
0.247374
0.477507
0.801286
1.015158
1.222914
1.351442
1.328777
1.068897
0.627678
0.127935
-0.344333
-0.737499
-1.014369
-1.043848
-1.066425
-1.033631
-0.948414
-0.769033
-0.558334
-0.309616
0.051767
0.348841
0.558747
0.751309
0.939925
1.026942
1.009446
1.011608
0.736464
0.290602
-0.130012
-0.494802
-0.845475
-0.994495
-0.974219
-0.944178
-0.778330
-0.632415
-0.400864
-0.211167
0.111370
0.373427
0.661390
0.893878
1.081725
1.117407
1.023728
0.870964
0.575356
0.188134
-0.289820
-0.670350
-0.998350
-1.254167
-1.247214
-1.183605
-0.979096
-0.794605
-0.512704
-0.253838
0.031674
0.254956
0.563540
0.833883
1.027047
1.253931
1.369800
1.305107
1.068769
0.787047
0.397600
-0.014344
-0.391191
-0.615701
-0.838336
-1.018161
-1.061802
-1.053384
-0.987505
-0.889426
-0.598735
-0.360393
-0.080082
0.257348
0.616087
0.856604
0.977519
1.065638
0.996036
0.827416
0.541688
0.229674
-0.155871
-0.467976
-0.744222
-0.946458
-0.985578
-0.881125
-0.790637
-0.631893
-0.357037
-0.093056
0.229719
0.625262
0.946121
1.154558
1.257673
1.122819
0.777437
0.329026
-0.176494
-0.633799
-0.973299
-1.231442
-1.281358
-1.226919
-1.091051
-0.911203
-0.578601
-0.205150
0.143585
0.455169
0.754845
0.954957
1.071626
1.050399
0.973781
0.797718
0.509134
0.202779
-0.075647
-0.342872
-0.596700
-0.760632
-0.907333
-0.975597
-0.975517
-0.827152
-0.586259
-0.298937
0.109351
0.492794
0.854488
1.115475
1.245392
1.182006
0.920008
0.590550
0.207739
-0.187465
-0.566134
-0.712218
-0.842991
-0.890559
-0.892744
-0.699612
-0.537409
-0.249531
0.080228
0.443891
0.707592
0.959814
1.106373
1.047006
0.889467
0.661137
0.237421
-0.292513
-0.737929
-1.077392
-1.325086
-1.402825
-1.391479
-1.157191
-0.865213
-0.515685
-0.053030
0.391911
0.759878
1.078623
1.268017
1.328661
1.275930
1.133515
0.911787
0.587261
0.253340
-0.111957
-0.513266
-0.865266
-1.120941
-1.287841
-1.348436
-1.247741
-0.999960
-0.742123
-0.440743
-0.009551
0.331217
0.559545
0.779262
0.907414
0.962220
0.964400
0.872251
0.698413
0.451316
0.140565
-0.124030
-0.429405
-0.577411
-0.698022
-0.674300
-0.687531
-0.412049
-0.137148
0.243589
0.498204
0.785534
0.913266
0.978852
0.984581
0.950014
0.800527
0.558953
0.309285
-0.083829
-0.528053
-0.868969
-1.160168
-1.378083
-1.465617
-1.377021
-1.192930
-0.907959
-0.597559
-0.157956
0.229104
0.611726
0.931641
1.120715
1.236977
1.231918
1.126118
0.904690
0.595197
0.181146
-0.164185
-0.543615
-0.833413
-0.934322
-1.001805
-1.008098
-0.859234
-0.653239
-0.493856
-0.224703
0.102576
0.363826
0.674477
0.975359
1.240890
1.365658
1.330969
1.084431
0.704644
0.210187
-0.237381
-0.583591
-0.867471
-1.006207
-1.059202
-1.024688
-0.970985
-0.807983
-0.586269
-0.264883
0.060867
0.437128
0.746586
1.093720
1.311478
1.364764
1.211899
0.904762
0.493670
-0.023831
-0.542405
-0.951973
-1.143483
-1.400583
-1.552759
-1.502363
-1.348031
-1.107950
-0.700352
-0.204650
0.187487
0.553569
0.757740
0.871100
0.874921
0.801228
0.666857
0.454521
0.197309
-0.027103
-0.238621
-0.495247
-0.635920
-0.723559
-0.782933
-0.710163
-0.438247
-0.063320
0.305394
0.714431
1.042971
1.351541
1.367735
1.343820
1.236357
0.974558
0.534881
0.137543
-0.294787
-0.785816
-1.114192
-1.282455
-1.319553
-1.172376
-0.950557
-0.625282
-0.363802
-0.033592
0.243674
0.538178
0.736867
0.873913
0.945087
0.916851
0.733779
0.490271
0.155233
-0.261324
-0.643918
-0.882045
-1.025932
-1.105154
-1.035213
-0.984068
-0.943789
-0.813954
-0.500614
-0.121744
0.304990
0.813975
1.187601
1.399667
1.429329
1.298050
0.938081
0.536748
0.152641
-0.229911
-0.539764
-0.651069
-0.759903
-0.794050
-0.773499
-0.695241
-0.540017
-0.291338
-0.029197
0.325650
0.656699
0.872164
1.053184
1.136770
0.956369
0.719237
0.483818
0.046392
-0.419320
-0.730088
-0.931444
-1.115405
-1.101642
-1.022799
-0.931743
-0.772606
-0.565020
-0.290112
0.004203
0.357530
0.663561
0.914754
1.078091
1.186669
1.230216
1.192297
1.020443
0.754823
0.456160
0.106894
-0.225757
-0.537706
-0.760319
-0.903081
-0.980716
-1.049280
-1.024594
-0.923011
-0.858505
-0.721568
-0.476713
-0.199682
0.033045
0.329980
0.581646
0.806233
0.984218
1.103742
1.177166
1.133446
0.847784
0.451887
0.045255
-0.385742
-0.743546
-0.975171
-1.081873
-1.053941
-0.989928
-0.893315
-0.752500
-0.523931
-0.325795
-0.035169
0.281621
0.620386
0.893903
1.052668
1.094859
0.925997
0.643534
0.247889
-0.112904
-0.530701
-0.803892
-0.983487
-1.010901
-0.993981
-0.895497
-0.762267
-0.448480
-0.167974
0.167466
0.568331
0.914098
1.132219
1.338895
1.396140
1.242054
0.988969
0.650183
0.123661
-0.371731
-0.715888
-0.909584
-1.084350
-1.061596
-0.945876
-0.770499
-0.548721
-0.295946
0.005202
0.275018
0.534102
0.729978
0.890109
0.945446
0.900870
0.755591
0.531229
0.235248
-0.076832
-0.361861
-0.658620
-0.868268
-1.080570
-1.207849
-1.261864
-1.097843
-0.788105
-0.399499
0.039860
0.570163
0.947974
1.106401
1.181679
1.178270
0.978778
0.680559
0.432114
0.145133
-0.232981
-0.517795
-0.757283
-0.963788
-0.992080
-0.971645
-0.900582
-0.770190
-0.588671
-0.422987
-0.168737
0.111831
0.379750
0.600987
0.820731
1.008993
1.046010
0.944047
0.695337
0.393833
-0.032803
-0.458488
-0.790047
-0.939754
-1.079363
-1.142535
-1.118694
-0.902078
-0.702415
-0.407357
0.022927
0.421014
0.708396
1.014847
1.192371
1.204230
1.122312
0.976675
0.749745
0.492765
0.155196
-0.140074
-0.388857
-0.616687
-0.858864
-0.917789
-0.866569
-0.755282
-0.595469
-0.345165
-0.078486
0.237433
0.506660
0.692877
0.894903
1.051294
1.120676
1.119605
1.072433
0.975766
0.731664
0.444425
0.084435
-0.273390
-0.627580
-0.843748
-1.026448
-1.091576
-1.062278
-1.011375
-0.853340
-0.622058
-0.348784
-0.083451
0.266813
0.524830
0.758136
0.847339
0.889648
0.868929
0.724963
0.439719
0.070716
-0.258933
-0.633364
-0.920040
-1.058850
-1.119583
-1.089647
-0.928042
-0.664863
-0.464914
-0.030214
0.416824
0.816752
1.132918
1.415351
1.552631
1.502995
1.272394
0.958839
0.534554
0.080585
-0.292232
-0.586298
-0.820972
-0.953007
-0.966928
-0.967524
-0.911236
-0.666525
-0.296895
-0.016262
0.335505
0.674958
0.813185
0.828394
0.802215
0.580844
0.265032
-0.126410
-0.486922
-0.772470
-0.999253
-1.088643
-0.988992
-0.728107
-0.470108
-0.083506
0.292935
0.606030
0.818125
1.020989
1.146952
1.207415
1.177391
1.019522
0.653109
0.259546
-0.116521
-0.592260
-0.953755
-1.118002
-1.201359
-1.304672
-1.243861
-1.144935
-0.958455
-0.683436
-0.294600
0.207727
0.652385
1.040912
1.314302
1.424044
1.380973
1.225150
1.024068
0.720101
0.385947
-0.034186
-0.358875
-0.723901
-1.013837
-1.243640
-1.301990
-1.259489
-1.020977
-0.773025
-0.473513
-0.122577
0.135285
0.302500
0.522015
0.720177
0.820001
0.947257
0.902365
0.663829
0.425946
0.080771
-0.335971
-0.645746
-0.822795
-0.931969
-0.865499
-0.659140
-0.456039
-0.193590
0.099037
0.406373
0.686491
0.992259
1.268749
1.418389
1.401886
1.237647
0.914301
0.445399
0.035572
-0.403336
-0.849647
-1.142834
-1.295040
-1.450919
-1.491751
-1.348816
-1.152415
-0.867419
-0.450017
0.058899
0.474304
0.878202
1.058947
1.121856
1.034251
0.857452
0.582710
0.368147
0.047927
-0.275557
-0.497284
-0.677251
-0.781544
-0.767106
-0.693078
-0.542180
-0.227576
0.103390
0.408672
0.783505
1.059994
1.157768
1.262683
1.226612
1.113242
0.831109
0.503830
-0.024539
-0.403291
-0.808193
-1.062430
-1.274574
-1.350390
-1.385236
-1.334245
-1.161776
-0.942512
-0.568424
-0.141447
0.318836
0.685833
0.995706
1.134245
1.151289
0.957081
0.701745
0.395830
0.062732
-0.277910
-0.446585
-0.629060
-0.676306
-0.719980
-0.750025
-0.786874
-0.648958
-0.525935
-0.224278
0.230068
0.641982
0.961397
1.301142
1.474409
1.414385
1.117823
0.681148
0.187233
-0.254697
-0.695489
-0.891367
-0.949906
-0.985312
-0.987348
-0.896142
-0.830667
-0.628301
-0.398662
-0.173864
0.069168
0.389448
0.540952
0.687644
0.762736
0.868038
0.950339
0.872682
0.633410
0.309385
-0.094581
-0.663172
-1.026624
-1.227030
-1.285093
-1.283900
-0.984027
-0.620551
-0.293672
0.108873
0.545028
0.876279
1.064720
1.213352
1.269483
1.216181
1.047557
0.829580
0.494344
0.087105
-0.298511
-0.646758
-0.887645
-0.989858
-1.014144
-1.033759
-1.019128
-0.911364
-0.713994
-0.449353
-0.112757
0.278844
0.575734
0.800751
0.954295
1.072553
1.087024
0.929113
0.749205
0.499360
0.105170
-0.263038
-0.481618
-0.748814
-0.937623
-0.968408
-0.953518
-0.871042
-0.640291
-0.305814
-0.006469
0.278016
0.545344
0.787074
0.918264
0.998525
1.041239
0.946119
0.701407
0.288593
-0.122935
-0.534109
-0.825949
-1.028371
-1.050436
-1.026302
-0.909514
-0.684575
-0.429052
-0.157097
0.227443
0.517945
0.693139
0.849185
0.955968
0.935060
0.770267
0.557804
0.299017
-0.005237
-0.300610
-0.518646
-0.729443
-0.901142
-0.919382
-0.950520
-0.890312
-0.741821
-0.378743
-0.080560
0.293644
0.725601
1.108944
1.214551
1.229031
1.129634
0.877625
0.489997
0.121888
-0.246072
-0.570296
-0.827385
-1.014013
-1.132965
-1.190167
-1.187210
-1.091325
-0.770623
-0.384389
0.005077
0.386284
0.799878
1.075098
1.175544
1.140978
1.037928
0.805599
0.384635
0.026998
-0.308661
-0.636242
-0.905279
-1.035495
-1.136743
-1.099259
-0.968205
-0.752469
-0.373500
-0.001127
0.328399
0.674813
0.885588
0.980167
0.978661
0.970868
0.785559
0.548575
0.151068
-0.146977
-0.456906
-0.659909
-0.865658
-0.868273
-0.862151
-0.731518
-0.465374
-0.145466
0.214182
0.608977
0.997568
1.168504
1.386622
1.474189
1.383473
1.061368
0.624532
0.061475
-0.500994
-0.949866
-1.269277
-1.374147
-1.394280
-1.364688
-1.221921
-1.067160
-0.851979
-0.549704
-0.231439
0.088632
0.407475
0.648644
0.877600
1.073566
1.130164
1.233499
1.172732
1.028986
0.681030
0.307136
-0.163555
-0.529356
-0.898847
-1.088897
-1.179731
-1.121177
-0.959224
-0.742592
-0.445122
-0.174431
0.116474
0.395496
0.672481
0.877340
1.014710
1.034090
1.022972
0.822281
0.520827
0.190985
-0.134164
-0.486525
-0.734017
-0.844845
-0.884237
-0.878706
-0.837620
-0.743735
-0.573589
-0.324926
0.015537
0.339740
0.723037
1.004719
1.216154
1.231883
1.135283
0.878124
0.485797
0.065868
-0.393306
-0.792860
-1.051519
-1.177864
-1.203022
-1.141630
-0.960332
-0.767859
-0.480769
-0.160946
0.200261
0.498510
0.844438
1.111205
1.304943
1.379826
1.380084
1.258305
1.035298
0.647259
0.219580
-0.198325
-0.613963
-0.940299
-1.142898
-1.212163
-1.162952
-1.031587
-0.857902
-0.647370
-0.435980
-0.186994
0.044370
0.258897
0.472842
0.700161
0.835230
0.898597
0.891265
0.727835
0.420458
0.073374
-0.287854
-0.669689
-0.934143
-1.024802
-1.086793
-1.110818
-0.964579
-0.649576
-0.350117
0.025247
0.480883
0.833124
1.044941
1.126870
1.134647
1.004094
0.831174
0.641524
0.414235
0.094054
-0.210050
-0.554589
-0.813833
-0.936056
-0.999461
-1.004162
-0.893658
-0.727226
-0.444407
-0.123348
0.235004
0.599210
0.880865
0.999628
1.092398
1.149185
1.087763
0.834393
0.406802
0.054772
-0.351827
-0.706459
-0.914015
-0.947090
-1.001192
-1.013267
-0.920985
-0.792191
-0.528941
-0.195015
0.182445
0.445569
0.714335
0.897472
0.970902
0.860797
0.773356
0.550217
0.251407
-0.061351
-0.290323
-0.530755
-0.658696
-0.705527
-0.808814
-0.862307
-0.765121
-0.623691
-0.383641
0.005699
0.488952
0.879696
1.143221
1.310363
1.348941
1.194965
0.896078
0.647615
0.270250
-0.205140
-0.578019
-0.922871
-1.215297
-1.380121
-1.458032
-1.417921
-1.199496
-0.918652
-0.526000
-0.058054
0.375379
0.757915
1.055395
1.213729
1.329173
1.408917
1.426801
1.278653
0.971590
0.603804
0.079576
-0.480052
-0.860225
-1.082611
-1.218975
-1.237602
-1.020254
-0.847115
-0.518293
-0.153461
0.263769
0.461757
0.711999
0.827702
0.815374
0.723256
0.573477
0.341840
0.021643
-0.258517
-0.487628
-0.619771
-0.814155
-0.932498
-0.916825
-0.908946
-0.879173
-0.632059
-0.304683
0.100767
0.507907
0.864741
1.140512
1.371405
1.262374
1.157958
0.880124
0.586844
0.252788
-0.022118
-0.393998
-0.600910
-0.817367
-1.030070
-1.192826
-1.199966
-1.196436
-1.019867
-0.795069
-0.464852
-0.089314
0.335938
0.678347
0.911613
1.196120
1.359066
1.477940
1.344026
1.094291
0.652384
0.178030
-0.283757
-0.696977
-0.889596
-0.943237
-0.955904
-0.868497
-0.686825
-0.440282
-0.134210
0.175233
0.477993
0.831863
1.069268
1.162911
1.110596
0.922373
0.462691
-0.006459
-0.406937
-0.804201
-1.097936
-1.156525
-1.131282
-1.106626
-0.942637
-0.776699
-0.494554
-0.193999
0.188186
0.601676
0.920291
1.136262
1.243843
1.156005
0.869997
0.552844
0.175061
-0.237808
-0.664622
-0.946854
-1.135008
-1.238964
-1.250306
-1.166696
-0.989615
-0.672395
-0.314229
0.080104
0.484334
0.816699
1.015247
1.152959
1.230030
1.196253
1.138340
0.822610
0.371554
-0.088509
-0.398034
-0.787372
-0.957203
-0.975859
-1.024961
-1.081739
-0.998383
-0.812510
-0.641012
-0.376333
-0.038875
0.372419
0.717634
1.020106
1.242603
1.291214
1.126846
0.884306
0.518157
0.077916
-0.280994
-0.612337
-0.815933
-0.911072
-0.860932
-0.703906
-0.521507
-0.312473
0.040324
0.325880
0.461995
0.716038
0.841378
0.869114
0.857130
0.746339
0.443851
0.017553
-0.422389
-0.847381
-1.096224
-1.207555
-1.186070
-1.079425
-0.942001
-0.698288
-0.373207
0.037270
0.387019
0.815909
1.087531
1.221148
1.248881
1.178307
0.989824
0.728848
0.480444
0.096327
-0.249893
-0.545715
-0.832370
-1.093491
-1.172967
-1.142839
-1.053734
-0.747046
-0.406814
0.076597
0.471538
0.807357
0.972093
1.034053
0.927997
0.728730
0.492542
0.224631
-0.080548
-0.398952
-0.595746
-0.735477
-0.828683
-0.847786
-0.814281
-0.703569
-0.509744
-0.240432
0.059785
0.422943
0.709724
1.011272
1.186169
1.315743
1.358192
1.147048
0.675892
0.102064
-0.468657
-1.006713
-1.336136
-1.442173
-1.375481
-1.189735
-1.058262
-0.797327
-0.603190
-0.347477
-0.072460
0.295615
0.642328
0.950902
1.175464
1.300779
1.270574
1.112400
0.813754
0.423837
0.001934
-0.387235
-0.807663
-1.060144
-1.169470
-1.286789
-1.388680
-1.298734
-1.086681
-0.786971
-0.446296
0.023141
0.404502
0.720414
0.952548
1.061936
1.094146
0.951720
0.744056
0.560437
0.350427
0.058608
-0.135336
-0.311428
-0.566496
-0.736854
-0.768631
-0.656870
-0.391759
-0.029594
0.392791
0.747539
1.081563
1.180239
1.094967
0.982293
0.873756
0.541037
0.087831
-0.312787
-0.735130
-1.193298
-1.533832
-1.636108
-1.594766
-1.458001
-1.245930
-0.870186
-0.534552
-0.143505
0.214975
0.512598
0.747046
0.996521
1.097284
1.172255
1.241765
1.151263
0.872200
0.531133
0.165717
-0.279060
-0.638468
-0.848899
-1.000592
-1.056981
-1.031606
-0.893795
-0.712494
-0.427100
-0.120695
0.250316
0.554104
0.831570
0.966234
0.951480
0.851870
0.662991
0.438674
0.170962
-0.070379
-0.355617
-0.574104
-0.695698
-0.713735
-0.723254
-0.500173
-0.313764
0.034552
0.423803
0.806545
1.054026
1.364475
1.397266
1.267929
1.030903
0.741853
0.212975
-0.232720
-0.637520
-0.918794
-1.110691
-1.117192
-1.203749
-1.191816
-1.091924
-0.996419
-0.803118
-0.532686
-0.136053
0.235598
0.574978
0.841705
1.048159
1.077921
1.018682
0.900131
0.683179
0.346823
-0.011341
-0.344115
-0.670738
-0.895444
-0.966963
-0.985091
-0.821594
-0.625736
-0.379522
-0.090470
0.269279
0.547105
0.852168
1.116766
1.248013
1.261854
1.016227
0.665536
0.221859
-0.141501
-0.548286
-0.739132
-0.830924
-0.870091
-0.845683
-0.741720
-0.649533
-0.480948
-0.207138
0.143444
0.474366
0.788315
0.972718
1.103941
1.059892
0.906662
0.663230
0.420821
0.067167
-0.324234
-0.598836
-0.766010
-0.941236
-1.017678
-0.970551
-0.919247
-0.755341
-0.469079
-0.157132
0.175879
0.484562
0.684561
0.813696
0.892304
0.845037
0.787243
0.623552
0.256930
-0.066416
-0.417444
-0.743452
-0.983788
-1.006684
-1.011318
-0.998316
-0.778628
-0.467990
-0.180901
0.129412
0.548197
0.825687
0.966271
1.052290
1.061438
0.919724
0.609024
0.237194
-0.096388
-0.500271
-0.749246
-0.938724
-1.052655
-1.059621
-1.001962
-0.765976
-0.465611
-0.110001
0.237209
0.573504
0.799105
1.011020
1.178937
1.257026
1.144053
0.855622
0.407496
-0.073170
-0.534715
-0.815518
-0.995127
-1.066671
-1.023497
-0.898699
-0.746737
-0.559325
-0.279615
0.071780
0.389377
0.740674
0.997211
1.251424
1.324863
1.242082
1.029217
0.644365
0.209928
-0.216308
-0.664038
-0.966001
-1.077086
-1.169448
-1.232065
-1.080919
-0.955970
-0.734087
-0.393403
0.085321
0.439457
0.825434
1.069274
1.141563
0.923693
0.680953
0.342681
-0.014052
-0.386899
-0.672946
-0.812239
-0.894774
-0.899080
-0.781985
-0.540522
-0.277571
0.038437
0.430408
0.747673
0.923671
1.012247
0.955629
0.739878
0.469846
0.253449
-0.163664
-0.561858
-0.839183
-1.069382
-1.245300
-1.233698
-1.141847
-0.957312
-0.603961
-0.203789
0.256533
0.698360
1.018503
1.238647
1.363489
1.292522
1.207119
1.068214
0.762015
0.370726
-0.012570
-0.386691
-0.711285
-0.910332
-1.001175
-0.986104
-0.899758
-0.813098
-0.542342
-0.252420
0.061669
0.355981
0.740103
0.925153
1.003040
1.047658
0.986137
0.673190
0.273223
-0.057584
-0.423816
-0.732135
-0.929254
-1.020479
-1.091488
-1.008953
-0.861238
-0.662619
-0.389943
0.007356
0.349018
0.583318
0.885932
1.132291
1.210992
1.188403
1.069255
0.802289
0.383983
-0.010950
-0.403706
-0.781586
-1.010334
-1.182603
-1.228952
-1.247997
-1.042141
-0.805688
-0.442539
-0.070673
0.368907
0.704988
1.042971
1.278500
1.353704
1.224339
1.056929
0.776150
0.364778
-0.061611
-0.388797
-0.668045
-0.909858
-0.969819
-0.943004
-0.804864
-0.618308
-0.373186
-0.022221
0.289441
0.611941
0.956398
1.060547
1.063146
0.898335
0.663473
0.260397
-0.065036
-0.434994
-0.657497
-0.904582
-1.073087
-1.187786
-1.167245
-1.120018
-0.827935
-0.521979
-0.217796
0.131350
0.529541
0.837326
1.110776
1.352446
1.434569
1.197359
0.756487
0.271601
-0.173444
-0.681672
-0.926577
-1.008120
-0.989373
-0.907691
-0.706804
-0.319903
0.006380
0.363948
0.743262
1.154305
1.323027
1.375474
1.345459
1.098568
0.696666
0.234151
-0.293251
-0.772122
-1.102301
-1.392471
-1.534234
-1.448922
-1.315732
-1.117496
-0.860656
-0.477035
-0.131270
0.258350
0.529419
0.775587
0.915557
0.939524
0.703335
0.383889
0.035468
-0.312039
-0.589011
-0.760233
-0.847346
-0.767742
-0.649203
-0.407488
-0.125850
0.185305
0.535063
0.813508
1.020728
1.147384
1.307962
1.252820
0.991212
0.720942
0.417459
-0.023521
-0.421313
-0.701387
-0.969039
-1.074355
-0.993428
-0.924227
-0.730437
-0.496507
-0.253278
-0.011565
0.306912
0.658529
0.931130
1.047494
1.166599
1.179756
0.883931
0.466660
0.114607
-0.330774
-0.777446
-1.003275
-1.083879
-1.048611
-0.976372
-0.893756
-0.646268
-0.368519
-0.099879
0.190866
0.561939
0.880460
1.042646
1.109877
0.975464
0.680425
0.315155
-0.059704
-0.478039
-0.763513
-0.875267
-1.030104
-1.080464
-0.920286
-0.734518
-0.426292
-0.109385
0.363531
0.701841
1.085359
1.233828
1.278735
1.049891
0.702934
0.298933
-0.160768
-0.541250
-0.789125
-1.004879
-1.095676
-1.049041
-0.938371
-0.763585
-0.470122
-0.174831
0.163528
0.465879
0.833960
1.123994
1.357855
1.377073
1.338032
1.134334
0.784470
0.330315
-0.172433
-0.597162
-1.004562
-1.272408
-1.440635
-1.378149
-1.280808
-1.244107
-0.953340
-0.704428
-0.472274
-0.149126
0.274471
0.603005
0.892616
1.144411
1.303827
1.370019
1.094579
0.730766
0.400169
-0.017290
-0.379910
-0.529721
-0.521892
-0.502975
-0.417343
-0.344754
-0.151486
0.018911
0.291906
0.593085
0.920101
1.127226
1.190842
1.013147
0.586314
0.093030
-0.586141
-1.093232
-1.417255
-1.542723
-1.584157
-1.360828
-1.099527
-0.891408
-0.570464
-0.138924
0.272315
0.657968
0.989260
1.239011
1.328065
1.200727
0.985397
0.667135
0.220665
-0.189436
-0.594486
-0.922710
-1.117271
-1.137496
-1.180849
-1.077819
-0.831770
-0.518475
-0.218964
0.190547
0.678154
0.961693
1.139292
1.236334
0.953755
0.551962
0.109448
-0.324700
-0.693371
-0.747222
-0.737051
-0.694624
-0.494787
-0.350042
-0.215200
0.083600
0.335610
0.586032
0.831289
1.035172
1.054659
0.977787
0.746662
0.382976
-0.023713
-0.460844
-0.792175
-1.022706
-1.150313
-1.185405
-1.197622
-1.121211
-0.936808
-0.669342
-0.285048
0.169275
0.636790
0.948641
1.131662
1.204020
1.155691
0.959475
0.543500
0.182931
-0.239860
-0.554612
-0.764662
-0.776640
-0.707493
-0.623557
-0.578893
-0.400101
-0.186296
0.104259
0.437173
0.755830
0.978014
1.102565
1.076113
0.901846
0.592418
0.249311
-0.178536
-0.589385
-0.905077
-1.068106
-1.197289
-1.201044
-1.137234
-0.984683
-0.745988
-0.540116
-0.132862
0.207397
0.562081
0.852973
1.119280
1.230356
1.222133
1.113675
0.804139
0.389513
-0.038027
-0.385271
-0.759593
-0.976424
-1.094190
-1.201960
-1.247066
-1.146657
-0.887552
-0.614245
-0.295282
0.109602
0.506880
0.777356
1.115168
1.434796
1.538103
1.419093
1.137111
0.775056
0.229104
-0.254388
-0.607775
-0.824023
-0.949736
-0.951836
-0.884614
-0.825709
-0.691575
-0.557794
-0.311126
-0.028382
0.268114
0.509985
0.735345
0.902976
1.002809
1.064198
0.930216
0.732905
0.370923
-0.082300
-0.566824
-0.849166
-1.090385
-1.265056
-1.271269
-1.194670
-1.053790
-0.867210
-0.455489
-0.120883
0.211452
0.596015
0.908140
1.141160
1.195820
1.250087
1.124223
0.783729
0.333300
0.010673
-0.325597
-0.620138
-0.782559
-0.831172
-0.871991
-0.832757
-0.766441
-0.588278
-0.373343
0.015596
0.333579
0.626990
0.941050
1.120606
1.166116
1.099613
0.830564
0.446366
-0.006129
-0.465226
-0.829280
-0.989541
-1.037211
-1.005462
-0.861914
-0.691610
-0.495963
-0.177968
0.172877
0.507246
0.812978
1.114741
1.222416
1.259468
1.169582
0.888726
0.516247
0.155931
-0.327201
-0.707870
-0.937565
-1.048537
-1.193176
-1.161139
-1.089446
-0.976987
-0.755813
-0.412707
-0.036977
0.270591
0.590670
0.774922
0.885069
0.854187
0.762846
0.644847
0.443563
0.135179
-0.122928
-0.435850
-0.700318
-0.904045
-1.014812
-0.993824
-0.770477
-0.507940
-0.118481
0.315581
0.660851
0.886697
1.101435
1.185016
1.147603
1.100992
0.908212
0.630033
0.186847
-0.174960
-0.610498
-0.896482
-1.126078
-1.223456
-1.228413
-1.134471
-0.973780
-0.881803
-0.667246
-0.365628
-0.041992
0.263618
0.657683
0.949812
1.076780
1.056541
0.995774
0.793515
0.548347
0.287221
-0.042105
-0.368775
-0.575013
-0.720001
-0.847377
-0.813438
-0.698912
-0.607894
-0.367772
-0.058669
0.384207
0.733290
1.005559
1.170362
1.274728
1.239653
1.059940
0.905919
0.666301
0.227540
-0.258535
-0.617770
-0.953326
-1.234677
-1.307667
-1.262239
-1.196610
-1.035420
-0.829193
-0.653936
-0.389326
-0.020229
0.314413
0.649574
1.008536
1.233729
1.283086
1.251608
1.023798
0.732731
0.324039
-0.028852
-0.403806
-0.676386
-0.905974
-1.016792
-1.085317
-1.091829
-0.962376
-0.734387
-0.443932
-0.113018
0.256632
0.510627
0.732307
0.888125
1.006474
0.989649
0.891136
0.705079
0.396611
0.050857
-0.256208
-0.505160
-0.773486
-0.915319
-0.975867
-0.944663
-0.802319
-0.564530
-0.138602
0.200427
0.539888
0.857303
1.041393
1.043315
0.972602
0.847594
0.614130
0.338485
-0.046162
-0.414907
-0.811325
-1.130153
-1.328869
-1.390487
-1.310642
-1.048638
-0.689225
-0.307298
0.087900
0.454622
0.785215
1.013085
1.165187
1.286846
1.325072
1.216185
0.992308
0.696865
0.279099
-0.120896
-0.493357
-0.796989
-0.921568
-0.939652
-0.862608
-0.757578
-0.558527
-0.250010
0.076167
0.393478
0.696699
0.941481
1.035777
1.034570
0.872410
0.617102
0.246485
-0.117237
-0.478940
-0.750981
-0.942132
-0.991754
-0.974075
-0.896788
-0.787532
-0.530116
-0.129901
0.224485
0.670656
1.112487
1.357468
1.395545
1.273229
0.993501
0.562840
0.183302
-0.193984
-0.510989
-0.806217
-0.986674
-1.127759
-1.233801
-1.310553
-1.231929
-1.015395
-0.678240
-0.278329
0.169423
0.516586
0.822415
0.990659
1.007076
1.003877
0.999123
0.715590
0.357535
-0.020897
-0.377547
-0.722827
-0.873331
-0.961330
-0.894602
-0.788506
-0.577982
-0.241613
0.134828
0.464448
0.831726
1.000052
1.094733
1.045034
0.990383
0.770731
0.512004
0.093406
-0.248396
-0.603265
-0.883734
-1.048022
-1.081760
-1.096668
-0.928885
-0.635735
-0.338524
-0.018954
0.312170
0.616494
0.807828
1.002290
1.171314
1.245185
1.115835
0.894084
0.506438
0.065433
-0.292310
-0.624064
-0.929481
-1.049003
-1.115785
-1.122438
-1.087307
-0.934037
-0.718908
-0.407234
-0.061368
0.389116
0.789605
1.105287
1.305719
1.359141
1.142080
0.900600
0.637516
0.278789
-0.092749
-0.329773
-0.600495
-0.885654
-1.082089
-1.177037
-1.216251
-1.183620
-0.953037
-0.628153
-0.306932
0.040481
0.400034
0.658879
0.841240
0.870195
0.836770
0.787147
0.605517
0.362167
0.132962
-0.140722
-0.414806
-0.639028
-0.799154
-0.847442
-0.721493
-0.603475
-0.492051
-0.214227
0.146120
0.455595
0.767920
1.180562
1.366231
1.472747
1.412369
1.159346
0.710568
0.178791
-0.334480
-0.736583
-0.990237
-1.171626
-1.208624
-1.189111
-1.162606
-1.029728
-0.800134
-0.499665
-0.145406
0.198677
0.466868
0.722902
0.870283
0.930764
0.935268
0.839542
0.700477
0.533186
0.204411
-0.196462
-0.536754
-0.871265
-1.154463
-1.291720
-1.283593
-1.144796
-0.850101
-0.480467
-0.103353
0.264752
0.604303
0.752838
0.872711
1.031814
1.139377
1.235670
1.224575
1.074718
0.743112
0.340262
-0.136665
-0.487268
-0.713427
-0.780525
-0.724859
-0.589139
-0.423902
-0.242741
-0.030254
0.277279
0.473375
0.692648
0.885356
1.003482
1.008686
0.879588
0.665363
0.311652
-0.060896
-0.519901
-0.833824
-1.055236
-1.155813
-1.178613
-1.113194
-0.972450
-0.791458
-0.517200
-0.188603
0.198059
0.571274
0.907362
1.167467
1.225609
1.131391
0.914049
0.627240
0.241244
-0.145093
-0.467192
-0.714298
-0.956069
-1.115432
-1.106100
-1.076445
-0.894326
-0.648618
-0.266057
0.049077
0.396807
0.704076
1.004730
1.153849
1.201983
1.174563
1.053860
0.731324
0.323027
-0.058137
-0.419125
-0.779093
-0.991498
-1.144984
-1.254649
-1.171566
-1.032082
-0.872802
-0.520059
-0.134848
0.193652
0.543580
0.950376
1.189513
1.308895
1.380857
1.246232
0.970123
0.512736
0.187669
-0.216980
-0.638873
-0.856107
-0.879766
-0.857841
-0.818989
-0.633636
-0.482183
-0.130455
0.248269
0.546928
0.870160
1.164963
1.121002
0.960630
0.772080
0.506616
0.107853
-0.237517
-0.549393
-0.861230
-1.080060
-1.258884
-1.346803
-1.305082
-1.156091
-1.021379
-0.709489
-0.240425
0.115428
0.464736
0.851233
1.095467
1.209232
1.195945
1.210716
1.100084
0.871969
0.492657
0.123727
-0.280121
-0.626892
-0.915301
-1.087004
-1.202823
-1.181721
-1.096784
-0.967450
-0.690447
-0.221126
0.159150
0.514232
0.944860
1.220641
1.286248
1.268014
1.110353
0.849343
0.474074
0.087198
-0.261814
-0.600432
-0.805849
-1.003957
-1.030263
-1.054340
-0.944929
-0.755525
-0.402926
-0.101006
0.257171
0.608049
0.832968
0.923181
0.930896
0.874406
0.800428
0.674263
0.530643
0.234389
-0.136391
-0.499994
-0.929864
-1.281769
-1.385760
-1.423027
-1.203852
-0.874457
-0.325371
0.173676
0.680888
0.963738
1.196393
1.242676
1.130715
1.043189
0.869836
0.597463
0.256274
-0.077452
-0.456394
-0.828063
-1.136504
-1.273926
-1.251294
-1.113046
-0.903403
-0.647474
-0.342037
-0.061477
0.280599
0.632994
0.986604
1.176106
1.317186
1.281310
1.124239
0.876379
0.504649
0.142529
-0.202443
-0.542835
-0.783888
-0.919710
-0.979113
-1.037892
-0.937194
-0.844973
-0.661931
-0.464640
-0.158937
0.058078
0.358391
0.638117
0.907255
1.022165
1.112852
1.111916
0.846430
0.520306
0.129234
-0.245307
-0.617141
-0.763479
-0.881532
-0.902361
-0.792348
-0.651357
-0.384274
-0.111393
0.254847
0.509532
0.729409
0.876182
0.923471
0.900588
0.818857
0.571237
0.194882
-0.186711
-0.562219
-0.889696
-1.032179
-1.092836
-1.056843
-0.932129
-0.783290
-0.638125
-0.314753
0.039740
0.386718
0.669264
0.985342
1.094280
1.121031
1.119472
1.031480
0.727593
0.356832
0.011497
-0.401837
-0.715856
-0.829597
-0.894346
-0.868278
-0.816084
-0.715435
-0.533252
-0.230722
0.058102
0.390521
0.702191
0.997155
1.228572
1.370929
1.360950
1.294303
1.116819
0.766889
0.369803
-0.010965
-0.387326
-0.750079
-0.970085
-1.120863
-1.249279
-1.326969
-1.372983
-1.311774
-1.200806
-0.924140
-0.545173
-0.166001
0.186909
0.514792
0.687620
0.836447
0.901560
0.831851
0.554724
0.300671
-0.056356
-0.419457
-0.707473
-0.858857
-0.905160
-0.993399
-1.038222
-0.924513
-0.682245
-0.339456
0.142638
0.648716
1.010236
1.228653
1.279278
1.148785
0.928632
0.579045
0.251741
-0.077249
-0.351366
-0.540891
-0.714598
-0.720894
-0.738534
-0.806188
-0.682907
-0.398433
-0.092035
0.201125
0.601511
0.912498
1.105586
1.184992
1.159756
1.119814
0.985528
0.702875
0.306190
-0.086699
-0.512783
-0.993547
-1.292268
-1.501044
-1.525921
-1.443622
-1.119328
-0.635875
-0.149078
0.198751
0.647441
0.926663
1.150188
1.225186
1.361258
1.291881
1.103959
0.723781
0.375246
0.010617
-0.342085
-0.626884
-0.937728
-1.151883
-1.157655
-1.080567
-0.946506
-0.589579
-0.149305
0.175403
0.535902
0.856807
1.061187
1.112606
1.122557
0.813605
0.470280
0.101027
-0.229522
-0.683419
-0.903301
-1.007066
-1.042401
-0.921798
-0.690777
-0.402899
-0.016342
0.513536
0.950428
1.244550
1.490206
1.476888
1.199591
0.784886
0.364260
-0.064641
-0.429565
-0.752809
-1.059990
-1.210410
-1.303990
-1.414221
-1.476861
-1.348974
-1.130304
-0.916763
-0.571363
-0.140826
0.191728
0.409485
0.656572
0.870776
1.027417
1.049622
1.079155
0.934578
0.724561
0.311109
0.019748
-0.324820
-0.580339
-0.810591
-0.900571
-1.032067
-1.024448
-0.935906
-0.847863
-0.530862
-0.023468
0.398132
0.719747
1.127061
1.295574
1.254398
1.283530
1.168236
0.885969
0.539851
0.281029
-0.130759
-0.449109
-0.705231
-0.822781
-0.950036
-0.974587
-0.842835
-0.647544
-0.447638
-0.127476
0.182102
0.391775
0.646125
0.864522
0.958743
1.079731
1.100157
0.994291
0.826164
0.548185
0.085380
-0.315262
-0.708038
-1.047662
-1.229199
-1.288364
-1.199374
-0.982037
-0.625043
-0.300211
0.076776
0.503120
0.853718
1.143464
1.333787
1.524977
1.513683
1.305401
0.842045
0.229815
-0.472335
-1.153349
-1.612972
-1.919685
-1.984928
-1.811463
-1.561971
-1.383381
-1.010048
-0.596817
-0.059197
0.236220
0.588187
0.934743
1.283650
1.332115
1.369213
1.199486
0.957158
0.690811
0.178934
-0.176572
-0.219672
-0.468186
-0.616008
-0.445071
-0.418479
-0.282363
-0.406845
-0.486502
-0.643550
-0.531618
-0.690130
-0.487449
-0.464555
-0.452284
-0.574974
-0.656361
-0.984192
-0.961943
-1.160209
-1.089901
-1.131550
-0.880833
-0.521278
-0.202566
0.267068
0.810229
1.361642
1.402092
1.572073
1.571974
1.428662
1.286532
0.912050
0.620369
0.473380
0.540668
0.583893
0.891361
1.197107
1.169928
0.840628
0.559445
0.114604
-0.244696
-0.671368
-0.857317
-1.063278
-1.123318
-1.025361
-0.938764
-0.887847
-0.886940
-0.916623
-0.822793
-0.676592
-0.298157
0.075159
0.497804
0.468037
0.440725
0.502163
0.486191
0.534021
0.755278
1.025985
1.088095
1.155754
1.133803
0.865961
0.541880
-0.004841
-0.245432
-0.400217
-0.415728
-0.491234
-0.461454
-0.645245
-0.862738
-1.043880
-0.969182
-0.690239
-0.355246
0.225547
0.603160
0.745854
0.815383
1.055145
0.929519
0.644024
1.044274
0.445587
-0.229873
-0.569891
-0.495615
-0.766366
0.302996
0.921721
0.988894
1.189780
1.072873
-0.103806
-0.534952
-0.644512
-0.704681
-1.300373
-1.326124
-1.217962
-1.240919
-1.584751
-0.706453
-0.096008
-0.190708
0.098972
0.653560
0.992066
1.043677
1.219847
1.163206
1.035740
0.270620
0.420268
0.124665
0.201992
-0.013597
-0.322270
-0.487358
-0.066990
-0.371270
-0.231714
0.265264
-0.268145
-1.436747
-1.529932
-1.940971
-2.171028
-1.988793
-1.126275
-0.743480
0.088741
0.399908
1.106008
1.595763
1.756024
1.687009
1.642028
1.054038
0.669409
0.378963
-0.154187
-0.399201
-0.253605
-0.083683
-0.376092
-0.444966
-0.192711
-0.418801
-0.818254
-0.746424
-0.694461
-0.908213
-0.859175
-0.627460
-0.394056
0.464098
1.111489
1.894807
2.347570
2.530900
2.164353
1.719644
1.163390
0.812853
0.452832
-0.075696
-0.426049
-0.485642
-0.960352
-1.219449
-1.251816
-1.497362
-1.286677
-0.846884
-0.678259
-0.674375
-0.198868
-0.388104
-0.257286
0.159937
0.358288
0.451648
0.446264
-0.226875
-0.221180
0.091395
0.138559
0.223225
0.923143
1.255312
1.232755
1.292536
1.257506
0.997730
0.326583
0.201821
-0.234313
-0.543857
-0.677014
-0.319292
-0.299954
-0.042129
0.133978
0.403554
0.100814
-0.222237
-0.479141
-1.296507
-1.543315
-1.505974
-1.348125
-1.108471
-0.548600
-0.473937
-0.393281
-0.226076
-0.455232
-0.532364
-0.121705
0.195582
0.227309
0.694208
1.441447
1.430840
1.389272
1.613114
1.555589
1.207841
0.787823
0.394591
-0.120747
-0.762679
-1.084601
-1.216267
-1.271360
-1.331544
-1.129582
-0.804366
-0.453998
-0.050755
0.197925
0.472927
0.842049
0.924540
0.889681
0.761693
0.884723
0.725864
0.813194
0.734642
0.638861
0.546126
0.345542
-0.178506
-0.511911
-0.571669
-0.806092
-0.932430
-1.014913
-1.092848
-1.154023
-1.173414
-1.208791
-0.852394
-0.403917
-0.082220
0.170041
0.403627
0.545224
0.325523
0.491985
0.744588
1.077604
1.294921
1.669462
1.603850
1.281049
0.857224
0.835594
0.578645
0.678904
0.358777
-0.086320
-0.707749
-1.744323
-2.227599
-2.018385
-1.807950
-2.541463
-2.541463
-3.319170
-4.180790
-4.015491
-3.346703
-1.653941
-0.847737
0.495935
