9.109745
9.109745
6.345516
3.581287
1.373696
-0.805077
-3.125503
-2.611960
-2.306531
-2.351146
-2.548667
-2.574857
-2.548378
-2.403441
-2.366709
-2.139817
-1.772929
-1.449391
-1.071780
-0.689944
-0.375520
-0.192684
-0.138993
-0.019654
0.088281
0.146982
0.184174
0.235885
0.382094
0.460321
0.473626
0.607446
0.581623
0.486746
0.275220
0.155495
0.014311
-0.200407
-0.314085
-0.483570
-0.583968
-0.811453
-1.082334
-1.196974
-1.126282
-0.946023
-0.820525
-0.355663
-0.098483
0.146882
0.349556
0.394253
0.728600
0.952932
0.969112
0.953690
0.966511
0.918017
0.492978
0.242166
0.003493
-0.173262
-0.382266
-0.375523
-0.242428
-0.192518
-0.200752
-0.301631
-0.494818
-0.672458
-0.901503
-0.954835
-0.998829
-0.797613
-0.436973
-0.189084
0.179975
0.385069
0.476169
0.454236
0.619272
0.675711
0.622643
0.664725
0.624726
0.403123
0.325218
0.197144
0.178345
0.043840
-0.037695
-0.170711
-0.200130
-0.345597
-0.507137
-0.355891
-0.412800
-0.482023
-0.323724
-0.320335
-0.426782
-0.433222
-0.485060
-0.604465
-0.683769
-0.776575
-0.904162
-0.869449
0.056128
0.953767
1.031492
1.899506
1.967441
1.013492
0.944493
0.866882
0.719339
0.730404
1.414132
1.386230
1.214995
0.616800
0.423871
-0.292667
-1.093887
-0.972546
-0.907515
-0.745305
-0.652459
-0.528650
-0.383826
-0.382110
-0.344550
-0.223802
-0.188027
-0.089537
-0.202649
-0.251477
-0.275391
-0.370739
-0.633949
-0.715545
-0.530977
-0.550887
-0.523201
-0.205231
-0.100944
0.128581
0.197593
0.378993
0.565565
0.725833
0.659190
0.706518
0.823174
0.689091
0.623009
0.451397
0.485874
0.332427
0.092393
-0.006239
-0.108151
-0.650900
-0.846437
-0.994082
-1.005907
-1.069322
-0.882633
-0.546381
-0.310314
-0.060558
0.195401
0.500525
0.444209
0.665171
0.710889
0.567565
0.493227
0.473406
0.179009
0.131193
-0.042243
-0.180572
-0.273095
-0.290887
-0.621629
-0.390279
-0.273175
-0.140333
0.030497
0.315398
0.109359
0.166992
0.206792
0.259936
0.009004
0.053404
0.082705
0.064146
-0.132890
0.169599
0.370834
0.326169
0.257807
0.308010
0.323650
0.377763
0.583829
0.853010
0.948432
0.782196
0.811544
0.562009
0.359109
0.395453
0.270052
0.136675
-0.023787
-0.075058
-0.340984
-0.328059
-0.443567
-0.426628
-0.629842
-0.326984
-0.363772
-0.446764
-0.491620
-0.509175
-0.472918
-0.426896
-0.055077
0.329252
0.355810
0.405787
0.432288
0.469497
0.156690
0.172419
0.137856
0.392465
0.372828
0.349520
0.344885
0.022204
-0.261176
-0.238608
-0.233285
0.127799
0.155062
0.171372
-0.172300
-0.143961
-0.055808
-0.089732
-0.089861
-0.083955
-0.057500
-0.419801
-0.350256
-0.279663
-0.230402
-0.216507
-0.210321
-0.208134
-0.217028
-0.215965
0.331703
0.839474
0.784469
0.764323
0.744655
0.158314
-0.470780
-0.501520
-0.568212
-0.689076
-0.791515
-0.865930
-0.930159
-0.980945
-0.889978
-0.205820
-0.093277
0.021056
0.107767
0.114250
0.143194
0.167579
0.205084
0.237539
0.894784
0.927300
0.938417
0.914030
0.922955
0.863897
0.148789
0.054234
-0.074685
-0.213470
-0.952119
-1.019718
-1.107065
-1.108688
-1.104648
-1.063967
-0.951337
-0.803507
-0.648908
-0.485110
0.720846
0.821816
0.959786
1.042082
1.077519
0.111359
0.195197
0.286177
0.344604
0.498614
0.550887
0.583693
0.501999
0.380888
0.025956
-0.308377
-0.656227
-0.961789
-1.264444
-1.358107
-1.397832
-1.263713
-1.131995
-0.915866
-0.647502
-0.292245
-0.134947
0.023747
0.191411
0.259292
0.224701
0.341933
0.459382
0.577041
0.662214
0.734319
0.715819
0.715374
0.676475
0.630286
0.577610
0.466601
0.281207
0.109046
-0.125265
-0.311900
-0.576797
-0.752847
-0.879175
-0.905178
-0.991710
-0.882713
-0.663215
-0.513060
-0.301556
0.002370
0.222109
0.384842
0.527425
0.603233
0.622974
0.659633
0.651680
0.669359
0.728385
0.714477
0.629689
0.575437
0.437406
0.342516
0.215305
0.178345
-0.058354
-0.313312
-0.455564
-0.633770
-0.745081
-0.702743
-0.664026
-0.774623
-0.676798
-0.718253
-0.586316
-0.368700
-0.140525
0.034998
0.373915
0.470673
0.690245
0.883825
0.870472
0.826224
0.713438
0.639148
0.380507
0.381131
0.241128
0.343880
0.191140
0.191176
-0.056942
-0.323779
-0.822083
-1.071797
-1.308553
-1.149850
-1.082075
-0.836176
-0.646163
-0.336645
-0.344667
0.028795
0.270704
0.503880
0.535397
0.783398
0.760645
0.810910
0.672225
0.646773
0.552330
0.345474
0.168272
0.152931
0.046510
-0.106900
-0.155180
-0.220025
-0.390829
-0.604903
-0.873312
-1.104281
-1.166892
-1.103085
-0.994762
-0.676924
-0.262074
-0.022912
0.208114
0.473719
0.483943
0.551489
0.598804
0.623384
0.796681
0.885338
0.884302
0.789790
0.634931
0.327290
0.146255
-0.085758
-0.314299
-0.438165
-0.693062
-0.865644
-0.953217
-0.922509
-0.965929
-0.879701
-0.613529
-0.444862
-0.211275
0.019667
0.265587
0.432200
0.573205
0.669458
0.803499
0.801272
0.846544
0.832406
0.828240
0.737495
0.720598
0.477413
0.276283
0.124836
-0.101942
-0.251748
-0.214359
-0.325761
-0.393582
-0.469855
-0.591223
-0.903174
-0.956229
-0.861088
-0.748970
-0.595546
-0.328964
-0.116250
-0.181847
-0.061772
0.207018
0.503251
0.762357
0.974025
1.189144
1.167502
0.811173
0.616899
0.390836
0.134465
-0.031544
0.024227
-0.042258
-0.226843
-0.394101
-0.552376
-0.893216
-1.130799
-1.187758
-1.015937
-0.855250
-0.470553
0.009726
0.338976
0.458882
0.464502
0.572525
0.488609
0.613427
0.738736
0.721762
0.710834
0.689955
0.627694
0.478130
0.525757
0.509755
0.306106
0.204758
0.170475
0.115373
-0.022654
-0.004474
0.004363
-0.200063
-0.314809
-0.394792
-0.516648
-0.704806
-0.656189
-0.643564
-0.700347
-0.786016
-0.933331
-1.016733
-0.970615
-0.885927
-0.757574
-0.511146
-0.244160
-0.047638
0.115525
0.385484
0.613618
0.689669
0.743526
0.829011
0.962957
0.914900
0.834205
0.796426
0.667311
0.489350
0.400130
0.423175
0.360589
0.327568
0.299766
0.199987
0.018474
-0.267249
-0.430844
-0.659102
-0.797729
-1.058173
-1.067747
-1.134793
-1.223245
-1.157243
-0.890408
-0.706213
-0.554912
-0.224371
-0.030869
0.237366
0.378390
0.636295
0.705098
0.914219
0.917696
0.878457
0.756412
0.646961
0.503586
0.397086
0.433727
0.431574
0.352689
0.118684
-0.112377
-0.327072
-0.508810
-0.616480
-0.558493
-0.657512
-0.692443
-0.812672
-0.946779
-1.029195
-0.837460
-0.790332
-0.448015
0.005082
0.366687
0.514942
0.749194
0.784038
0.678626
0.456838
0.426564
0.504236
0.555315
0.616894
0.564304
0.532465
0.421406
0.229701
0.268306
0.352344
0.330024
0.165128
0.127679
-0.090393
-0.210175
-0.464965
-0.693167
-0.834817
-0.938597
-1.011369
-1.138849
-1.050132
-0.813890
-0.526302
-0.381890
0.119607
0.475321
0.659260
0.665220
0.885712
0.932893
0.796374
0.564395
0.529472
0.325093
0.352895
0.531447
0.629083
0.609424
0.573688
0.220665
0.008154
0.016125
-0.076411
-0.137479
-0.033874
-0.248971
-0.528493
-0.705531
-0.786624
-1.045966
-1.073270
-0.980120
-0.851669
-0.768635
-0.425134
-0.170597
-0.121052
-0.033483
0.210217
0.310276
0.433820
0.630341
0.920399
1.145952
1.075737
1.046773
0.621643
0.474011
0.138050
0.117584
-0.077305
0.199317
0.139758
0.190820
-0.191999
-0.237987
-0.710355
-1.097170
-1.301968
-1.056545
-1.039251
-0.703898
-0.385350
-0.285217
-0.081765
0.033399
0.344812
0.335456
0.527154
0.627239
0.844254
0.717259
0.961737
1.092519
0.933344
0.765838
0.676165
0.501096
0.222054
0.020301
-0.222633
-0.447702
-0.693013
-0.771632
-0.770133
-0.605350
-0.498115
-0.344684
-0.509288
-0.610269
-0.644651
-0.617911
-0.644833
-0.478888
-0.304483
-0.191305
-0.049974
0.042724
0.232122
0.460239
0.680275
0.753583
0.826707
0.855584
0.894208
0.755208
0.774966
0.694692
0.530681
0.307890
0.018847
-0.330790
-0.660058
-0.991637
-1.185098
-1.187003
-1.127661
-0.977399
-0.819309
-0.699138
-0.590207
-0.388883
-0.292651
-0.125478
-0.011293
0.067652
0.082317
0.162514
0.106592
-0.021510
-0.113481
-0.244758
-0.437110
-0.465552
-0.501931
-0.549041
-0.594965
-0.568712
-0.682890
-0.148175
0.188403
0.556810
0.848186
1.201795
0.940966
0.615606
0.518626
0.462654
0.165657
0.143895
0.128943
0.131963
-0.100505
-0.070925
-0.063324
-0.039219
-0.293744
-0.265068
-0.025369
-0.021711
-0.026489
0.193743
0.165138
0.143498
-0.150608
-0.195135
-0.243785
-0.328563
-0.381280
-0.392265
-0.151033
-0.098482
-0.064370
0.004364
0.079574
0.111566
-0.082106
-0.017103
-0.014858
-0.005791
0.027673
0.026092
0.261981
0.280624
0.268409
0.241648
0.210262
0.186468
-0.065273
-0.092229
-0.102219
-0.125724
-0.140436
-0.138691
0.087686
0.079669
0.079800
0.062490
0.021078
0.024226
-0.220540
-0.220425
-0.176048
-0.142622
-0.089084
-0.060832
0.229496
0.257600
0.280210
0.262363
0.260550
0.223901
-0.011520
-0.002219
-0.227847
-0.209073
-0.165236
-0.172028
0.051868
0.293033
0.256708
0.215457
0.174916
0.153114
-0.106382
-0.106132
-0.121604
-0.166996
-0.223615
-0.306089
-0.107334
-0.122568
-0.112280
-0.080790
-0.060260
-0.083526
-0.277293
-0.238472
-0.156471
-0.106661
-0.021148
0.012699
0.303507
0.295311
0.307546
0.326521
0.294805
0.282553
0.037247
0.062868
0.068170
0.058990
-0.001302
-0.071237
0.105398
0.046066
0.001573
-0.003653
-0.011765
-0.006292
-0.299957
-0.316118
-0.354141
-0.388932
-0.434571
-0.134382
0.124742
0.174760
0.190071
0.253101
0.022717
0.083049
-0.159622
-0.120344
-0.099591
-0.083588
-0.096561
-0.087354
0.154788
0.124684
0.110891
0.117941
0.107970
0.126528
-0.149516
-0.223280
-0.259350
-0.050558
-0.099404
-0.209531
0.042183
-0.008057
-0.007667
-0.035961
0.278785
0.269069
-0.144073
-0.604540
-0.529448
-0.443201
-0.398159
0.105357
0.608333
0.600020
0.099341
0.127916
0.128246
0.164326
0.242757
0.813807
0.766460
0.736908
0.655951
0.552648
0.402687
0.360109
-0.306958
-0.410603
-0.568182
-0.660678
-0.686819
-0.168004
-0.236255
-1.113278
-1.073307
-1.002996
-0.854374
-0.691948
0.289796
0.463556
0.597875
0.766909
0.983014
1.188838
1.266515
1.387652
1.311852
1.263167
1.151011
1.029526
0.818382
0.565906
0.361792
0.258306
0.058471
-0.123212
-0.288433
-0.416044
-0.532239
-0.398182
-0.631614
-0.730007
-0.712541
-0.979000
-1.207261
-1.250105
-1.071534
-1.098864
-0.869229
-0.585443
-0.327284
0.003716
0.198613
0.387412
0.595056
0.879884
0.841797
0.821432
0.908360
0.703389
0.583307
0.452773
0.294851
0.301310
0.096556
0.006225
0.013712
-0.013794
-0.252050
-0.326697
-0.346549
-0.427413
-0.815344
-0.816724
-0.727202
-0.645140
-0.852009
-0.470820
-0.126616
0.055524
0.424020
0.747203
0.870857
0.741638
0.634923
0.250804
0.382380
0.833185
0.801394
0.859254
1.067715
1.003867
0.909259
0.887360
1.025381
0.900283
0.703810
0.425815
0.058491
0.071377
-0.182706
-0.220290
-0.372885
-0.584307
-0.962415
-1.278748
-1.351455
-1.413227
-1.114351
-1.017162
-0.721558
-0.585048
-0.439040
-0.248102
-0.128302
-0.038175
0.083488
0.067177
0.171671
0.270946
0.450063
0.592416
0.817786
0.931850
0.819094
0.655354
0.731459
0.596780
0.532281
0.407808
0.610505
0.522503
0.432547
0.406398
0.518887
0.516862
0.152152
0.000853
-0.361211
-0.689590
-0.927152
-1.212177
-1.059889
-0.726322
-0.528567
-0.437046
-0.189765
-0.152967
-0.250437
-0.178456
-0.260754
-0.212630
-0.192447
-0.489282
-0.228389
0.045845
0.143178
0.280094
0.591948
0.614379
0.100659
-0.049931
0.217553
0.415824
0.252826
0.586544
0.740381
0.295118
-0.219842
-0.305844
-0.608759
-0.501364
-0.633166
-0.427339
-0.602871
-0.525937
-0.617278
-0.741951
-0.695019
-0.560967
-0.548258
-0.475607
-0.165005
0.022921
-0.000478
0.289769
0.541705
0.578508
0.816723
0.950577
1.023924
0.933930
0.946151
0.730631
0.681327
0.578046
0.243550
0.017141
0.015146
-0.008315
0.011671
-0.089457
-0.068082
-0.251603
-0.689915
-0.964502
-1.000316
-1.222119
-1.412289
-1.149573
-1.057920
-1.091391
-0.858030
-0.680945
-0.414453
-0.192730
0.144178
0.427296
0.713811
0.913689
0.977345
1.180547
1.053590
0.795655
0.603870
0.470156
0.457662
0.632146
0.636572
0.606666
0.517665
0.378200
0.046330
-0.095197
-0.162291
-0.267740
-0.307531
-0.354791
-0.397871
-0.665103
-0.856763
-0.980950
-1.018846
-1.023101
-0.844731
-0.662765
-0.606725
-0.269813
0.311257
0.520477
0.683879
0.808773
0.892459
0.728555
0.555975
0.638710
0.526933
0.306653
0.188554
0.250749
0.390564
0.420850
0.445820
0.352182
0.344777
0.035341
-0.141345
-0.297193
-0.830887
-1.332075
-1.413216
-1.481938
-1.407896
-0.909753
-0.074043
0.366967
0.766331
1.072189
1.330309
1.225280
1.158453
1.124143
0.962641
0.790635
0.595840
0.252445
0.045848
-0.080510
-0.364706
-0.259133
-0.271603
-0.238915
-0.291871
-0.177087
-0.350124
-0.337680
-0.321080
-0.630756
-0.576089
-0.517394
-0.715486
-0.731892
-0.539335
-0.366927
-0.550419
-0.346877
-0.266418
-0.104920
0.084325
0.279582
0.633471
0.947739
0.974189
0.878452
0.687817
0.562893
0.135758
0.132921
0.143880
0.480606
0.644616
0.808288
0.851258
0.716638
0.505913
0.097593
-0.194326
-0.477613
-0.808407
-1.023246
-0.898734
-0.912575
-0.765360
-0.798087
-0.744390
-0.867349
-0.700933
-0.664005
-0.388902
0.044957
0.290757
0.355739
0.485608
0.521218
0.657858
0.553873
0.820243
1.020389
1.077560
0.969413
1.101416
0.766072
0.373247
0.224144
-0.100392
-0.347864
-0.276632
-0.324074
-0.354997
-0.423301
-0.520169
-0.613589
-0.645779
-0.621678
-0.596291
-0.479496
-0.484098
-0.325414
-0.085237
0.059846
0.422343
0.745873
0.923014
1.022199
1.142991
0.371230
0.234096
0.185437
0.088491
0.120686
0.791623
0.766397
0.202025
-0.411092
-0.569076
-1.194378
-1.234927
-1.155013
-0.672791
-0.671232
-0.189035
-0.241154
0.175740
0.184364
0.225714
0.295879
0.407639
0.095246
0.125898
0.166311
0.115191
0.066060
0.450890
0.452048
0.087571
0.140200
-0.119799
-0.413418
-0.367664
-0.326022
-0.319678
-0.334331
-0.032143
-0.025868
-0.034420
-0.019774
-0.009911
-0.022858
-0.039917
0.302493
0.327804
0.318728
0.351772
0.048806
-0.025173
-0.106687
-0.136988
-0.205390
-0.259118
-0.273142
-0.271859
-0.314196
-0.322400
-0.031265
-0.046391
-0.031717
0.341764
0.405364
0.136002
0.152905
-0.088677
-0.080634
-0.332472
-0.269381
-0.208583
0.108542
0.149521
0.454023
0.758133
0.786039
0.421783
0.416887
0.008972
-0.025714
-0.617786
-0.786329
-0.818434
-0.942307
-0.957528
-0.407205
0.011242
-0.029551
0.368034
0.286716
0.300559
0.333663
0.274523
0.268960
0.187869
0.169248
0.093347
-0.731731
-0.827276
-0.821672
-0.789482
-0.770495
0.198571
0.336691
0.545366
0.599943
0.649526
0.760790
0.806525
0.870062
0.851926
0.974007
0.924571
0.900642
0.803362
0.700822
0.609864
0.501148
0.414150
0.306380
0.245070
0.152030
-0.145291
-0.300842
-1.255451
-1.460871
-1.481303
-1.539724
-1.396904
-0.440577
-0.369310
-0.384926
0.037779
0.216981
0.446782
0.822102
0.940124
0.880092
-0.075662
-0.238993
-0.363834
-0.311788
-0.481124
0.431118
0.456869
0.498683
0.441771
0.584217
0.538426
0.574392
0.556717
0.484101
0.432294
0.322826
0.039918
-0.058013
-0.118587
-0.083020
-0.195085
-0.204356
-0.322175
-0.556016
-0.893911
-0.992017
-0.923850
-0.937476
-0.808338
-0.589487
-0.534653
-0.246994
-0.083694
0.106016
0.271067
0.461187
0.407728
0.414672
0.521073
0.602820
0.624888
0.489606
0.384738
0.380627
0.228418
0.190550
0.296301
0.309191
0.306696
0.196845
0.348904
0.393845
0.310360
0.121024
-0.051977
-0.304787
-0.761619
-0.997121
-1.170782
-1.134315
-1.164941
-0.926926
-0.483269
-0.146859
0.034587
0.329562
0.497223
0.506066
0.413902
0.441704
0.315431
0.073048
-0.015444
0.036297
0.157290
0.266283
0.532824
0.612290
0.609894
0.675610
0.630598
0.558579
0.579803
0.591924
0.519882
0.309458
0.186301
-0.076222
-0.442382
-0.844147
-1.190971
-1.445798
-1.652785
-1.574595
-1.392758
-1.092759
-0.807863
-0.476296
-0.339312
-0.310559
-0.096967
0.195678
0.165984
0.317563
0.505826
0.595825
0.520396
0.584403
0.775471
0.774125
0.721510
0.623400
0.682138
0.681194
0.463350
0.296530
0.026439
-0.207452
-0.478275
-0.524767
-0.531150
-0.600697
-0.561545
-0.661590
-0.792041
-0.735896
-0.587760
-0.394285
-0.261952
0.045260
0.191594
0.453167
0.553822
0.451842
0.583510
0.735189
0.731632
0.670556
0.728644
0.742501
0.637794
0.627931
0.655173
0.825451
0.742971
0.367988
0.104921
-0.127441
-0.354313
-0.494369
-0.473842
-0.421783
-0.622988
-0.851500
-0.873124
-0.819612
-0.852037
-0.770375
-0.370568
-0.206052
-0.162769
0.050967
0.342206
0.468944
0.522506
0.765441
0.754513
0.856013
0.764073
0.727511
0.739188
0.692875
0.612752
0.543573
0.438086
0.259542
0.054734
-0.155957
-0.287730
-0.488009
-0.494674
-0.424529
-0.327017
-0.211049
-0.170658
-0.141331
-0.270654
-0.462632
-1.053756
-1.463389
-1.771443
-1.823540
-1.657686
-0.989709
-0.306563
0.184716
0.421686
0.637068
0.645374
0.854013
0.713500
0.845263
0.816745
0.584963
0.557255
0.432307
0.476934
0.426771
0.545300
0.456188
0.450916
0.392740
0.377503
0.407838
0.280545
0.274826
0.463906
0.406189
0.432097
0.380012
0.421053
0.048505
-0.239431
-0.436467
-0.884679
-1.391970
-1.211696
-0.980390
-0.739252
-0.496403
-0.034947
-0.192708
-0.303810
-0.409649
-0.206313
0.066910
0.302480
0.656973
0.947922
1.072392
0.969046
0.749748
0.630892
0.488768
0.224297
-0.008942
-0.214166
-0.389844
-0.877788
-1.177076
-1.130571
-1.109375
-1.254860
-1.019735
-0.571831
-0.416972
-0.238736
0.146360
0.205942
0.275269
0.420759
0.676546
0.824473
0.957114
1.124325
0.995528
0.930703
0.719318
0.614199
0.338159
0.420207
0.335980
0.224749
0.207489
0.222721
-0.126810
-0.195751
-0.325872
-0.355406
-0.359485
-0.327296
-0.461132
-0.641407
-0.765741
-1.165299
-1.495920
-1.419233
-1.316260
-1.062098
-0.643691
-0.076745
0.047186
0.363872
0.443779
0.401394
0.638545
0.692689
0.667920
0.772185
0.959114
1.068856
0.983181
0.905941
0.639794
0.206361
-0.231700
-0.424671
-0.556059
-0.975062
-1.162032
-1.340349
-1.422107
-1.402619
-0.958641
-0.480906
-0.250045
0.039733
0.438523
0.634811
0.951499
0.984123
1.037166
0.970957
0.797829
0.771564
0.807684
0.942836
0.918234
0.953637
0.944113
0.806505
0.479543
0.046748
-0.177792
-0.452865
-0.551762
-0.518264
-0.628359
-0.592877
-0.618045
-0.689810
-0.568482
-0.354831
-0.291281
-0.292356
-0.077342
-0.128084
-0.148544
-0.052782
-0.207354
0.007860
0.190491
0.390868
0.382947
0.410897
0.381053
0.395154
0.521147
0.580900
0.537235
0.439341
0.236553
0.214570
0.252452
0.303570
0.292550
0.277133
0.309128
0.023557
-0.040248
-0.100126
-0.248081
-0.539149
-0.521119
-0.474592
-0.589501
-0.744449
-0.782316
-0.828576
-0.806724
-0.738236
-0.448792
-0.232057
0.015717
0.397194
0.672275
0.957165
1.133894
1.099193
0.879106
0.446583
0.023253
-0.482695
-0.753880
-0.808931
-0.881741
-0.511420
-0.250978
0.048298
0.109205
0.388692
0.240159
0.075319
-0.209916
-0.540380
-0.881130
-1.068366
-1.124649
-0.842797
-0.703589
-0.388642
-0.284400
-0.069622
-0.062651
0.212974
0.217748
0.277362
0.340306
0.505377
0.603911
0.971296
1.056870
1.267220
1.235083
0.955376
0.660410
0.434855
0.031896
-0.266024
-0.220605
-0.109365
-0.234992
-0.188564
-0.627754
-0.759613
-1.057669
-1.158781
-1.028666
-0.769030
-0.650097
-0.634733
-0.386460
-0.460798
-0.061237
0.208524
0.492632
0.998229
1.397835
1.385004
1.276258
1.148458
0.741013
0.345701
0.270769
0.134697
0.105913
0.279410
0.527657
0.600913
0.648812
0.572251
0.390759
-0.161558
-0.394865
-0.563063
-0.669878
-0.808156
-0.719863
-0.846392
-1.383757
-1.286631
-1.268876
-1.360064
-1.189685
-0.589963
-0.244372
-0.127464
0.245416
0.584597
0.716383
0.842186
0.929941
1.111753
0.973720
0.869065
0.763455
0.728063
0.680870
0.625330
0.690687
0.512285
0.416425
-0.277592
-0.548152
-0.536863
-0.591874
-0.708412
-0.121755
-0.086686
-0.143501
-0.332500
-0.329854
-0.439909
-0.451461
-0.410113
-0.252398
0.107238
0.295458
0.636421
0.860455
0.937129
1.052623
0.979281
0.877582
0.823654
0.870088
0.777654
0.682368
0.610099
-0.178926
-0.473471
-0.743596
-0.770140
-0.734063
-0.164311
-0.047449
-0.008664
-0.039255
-0.195171
-0.364892
-0.464321
-1.118945
-1.109649
-0.960411
-0.821309
-1.129675
-0.368439
-0.173228
0.021591
0.173101
0.764032
0.780932
0.842252
0.897036
1.015233
1.076089
1.118495
0.792899
0.567498
0.374968
0.212385
0.069863
0.021866
0.019391
-0.185174
-0.385053
-0.275968
-0.234033
-0.162888
-0.189815
-0.028488
-0.112086
-0.244150
-0.347301
-0.400097
-0.463268
-0.699823
-0.647874
-0.584451
-0.281833
-0.139828
-0.081042
0.335805
0.417211
0.231619
0.288868
0.354263
0.332960
0.095839
0.088350
0.000523
-0.027145
-0.015278
-0.061945
0.194731
0.248842
0.251874
0.141909
0.101701
-0.003581
-0.379251
-0.545242
-0.557169
-0.538458
-0.556543
-0.503613
-0.178624
-0.197941
-0.209976
-0.081294
0.033626
0.195920
0.108349
0.198236
0.217653
0.291369
0.247571
0.513652
0.755133
0.739276
0.672263
0.582283
0.239632
0.158812
-0.154899
-0.275139
-0.363956
-0.403391
-0.487998
-0.578391
-0.404126
-0.429611
-0.435768
-0.395015
-0.278269
-0.151091
-0.151071
-0.023457
0.055231
0.183323
0.300683
0.242603
0.410475
0.393014
0.332865
0.145357
0.085659
0.006864
-0.270699
-0.371723
-0.205176
-0.266429
-0.305839
-0.358632
-0.052953
-0.107927
-0.089558
0.051441
0.302605
0.393390
0.261008
0.429627
0.434484
0.369135
0.327148
0.273629
0.401433
0.365004
0.298300
0.046052
0.038711
0.030979
-0.153371
-0.133771
-0.021313
-0.102562
-0.194061
-0.285016
-0.188109
-0.154756
-0.301068
-0.156293
-0.247673
-0.488787
-0.730166
-0.591757
-0.473488
-0.216100
0.293424
0.430850
0.884542
0.952661
0.909872
0.789115
0.829906
0.611033
0.218959
0.203608
0.121597
-0.041698
-0.118603
-0.295566
-0.286541
-0.394715
-0.502715
-0.499399
-0.448674
-0.338269
-0.481625
-0.359961
-0.275432
-0.263419
-0.181194
-0.071015
0.274437
0.366921
0.382190
0.415099
0.419138
0.357642
0.180186
0.351845
0.358622
0.411929
0.432440
0.312514
0.205794
-0.041055
-0.098226
-0.150439
-0.084460
0.140383
0.072410
-0.007515
-0.026791
-0.258347
-0.372550
-0.450703
-0.386631
-0.513514
-0.589715
-0.828533
-0.788397
-0.552786
-0.561854
-0.266614
0.199567
0.330144
0.300343
0.263192
0.490922
0.442345
0.465927
0.530566
0.589061
0.340511
0.077048
0.015933
-0.020706
-0.160881
0.012512
-0.025295
0.184345
0.193073
0.259694
0.290296
0.260305
-0.006806
-0.224836
-0.194899
-0.522177
-0.523432
-0.283420
-0.389358
-0.216298
0.068133
-0.036051
-0.398125
-0.412320
-0.611028
-0.724332
-0.534383
-0.082612
0.074806
0.095723
0.072466
0.362244
0.407234
0.423332
0.638578
0.606736
0.583370
0.251974
0.125816
0.151818
0.173171
0.054443
-0.004668
-0.032735
-0.384757
-0.482399
-0.447002
-0.658935
-0.413193
-0.505819
-0.605673
-0.642221
-0.483895
-0.306460
-0.058694
0.373330
0.467892
0.607192
0.333257
0.345841
0.129051
-0.049211
0.028969
-0.064233
-0.093521
-0.153600
-0.177969
-0.421836
-0.104857
-0.137613
-0.133435
-0.197081
-0.043042
-0.101372
0.082833
0.616631
0.477642
0.817817
0.401889
0.486380
0.218430
0.201810
-0.486429
-0.546594
-0.996475
-1.284778
-1.161557
-0.805554
-0.538216
-0.278994
-0.113337
0.032633
0.465781
0.672797
0.656828
0.624689
0.949935
0.650815
0.572727
0.506835
0.531072
0.162452
0.065833
0.260371
0.687984
0.452025
0.206214
-0.052239
-0.626803
-1.135989
-1.149881
-0.727978
-0.815258
-0.853673
-0.879175
-0.811934
-1.057939
-0.801728
-0.582946
-0.264870
-0.132300
0.081536
0.295345
0.494530
0.502478
0.631073
0.589052
0.457410
0.338460
0.223232
0.078342
0.062741
0.675559
0.830116
0.863062
0.813014
0.655655
-0.023429
-0.204456
-0.453793
-0.498537
-0.626859
-0.822241
-0.883139
-0.948857
-1.093513
-1.111710
-0.496094
-0.488366
-0.289910
0.053078
0.244115
-0.104560
0.108511
0.253487
0.369367
0.569748
0.797691
0.925432
0.882628
0.890361
0.817137
0.696514
0.307804
0.056480
-0.132083
-0.386693
-0.496991
-0.465474
-0.353898
-0.501001
-0.552080
-0.694294
-0.900959
-1.014115
-0.636677
-0.188978
-0.132424
0.008277
0.273088
-0.026499
-0.154720
0.078381
0.250259
0.266538
0.256110
0.189457
0.122294
0.206220
0.182478
0.672324
0.764190
0.650240
0.740932
0.815386
0.278279
0.249185
0.188575
-0.088843
-0.467963
-0.633612
-0.832264
-0.846020
-0.785909
-0.278397
-0.091859
-0.061573
-0.286054
-0.320511
-0.117957
-0.109756
-0.091368
0.273211
0.524574
0.180518
0.410109
0.606426
0.717986
0.798659
0.689058
0.469348
0.198586
0.175144
-0.206602
0.249432
0.195645
0.165513
0.055605
0.114246
-0.477008
-0.536300
-0.503392
-0.528637
-0.530920
-0.399823
-0.359063
-0.435019
-0.391006
-0.422895
-0.490674
-0.433980
-0.093663
0.072877
0.127893
0.343486
0.391127
0.389757
0.638408
0.983985
0.986361
0.960738
0.934089
0.411319
0.303422
0.367524
0.190878
-0.071232
-0.215828
-0.533246
-0.880699
-0.737904
-0.607196
-0.449477
-0.262324
-0.199264
-0.059427
-0.068759
0.049697
0.274427
0.379866
0.563490
0.582294
0.568464
0.377870
0.370640
0.203999
0.457755
0.212487
0.006341
-0.254278
-0.579188
-0.459566
-0.322017
-0.490918
0.088410
0.097380
-0.478642
-0.553700
-0.470834
-0.878423
-0.616496
-0.002327
0.186940
0.232887
0.214838
0.062767
-0.477328
-0.545442
0.118136
0.310682
0.470454
0.704763
0.893883
0.483989
0.616947
0.567432
0.542498
0.347925
0.179670
-0.039996
-0.176654
-0.259504
-0.319919
-0.322491
-0.418902
-0.419291
-0.376194
-0.483274
-0.527159
0.015075
0.694665
0.525043
0.523653
0.570491
-0.384894
-1.115729
-1.175730
-1.230157
-1.161598
-0.783595
-0.471099
-0.365410
-0.196394
-0.287228
0.291597
0.279058
0.329162
0.519096
0.670195
0.579358
0.530431
0.564023
0.418914
0.018042
-0.737758
-1.017904
-1.313453
-1.429877
-0.654093
-0.620890
-0.755424
-0.444051
-0.658619
-0.779884
-0.447067
0.239711
0.497329
0.769559
0.337451
0.342665
-0.028359
-0.232188
-0.024584
0.539936
0.532697
0.989928
0.895817
0.665779
0.090689
0.093130
-0.394289
-0.488134
-0.407818
-0.303424
-0.370115
-0.340949
-0.364561
0.057901
-0.231540
-0.115871
0.015874
-0.319091
-0.536217
-0.630949
-0.478890
-0.689271
-0.366989
-0.140430
0.293419
0.045501
0.190638
0.737025
0.697286
0.593179
0.846374
0.767571
0.727792
0.323215
0.354712
0.363509
0.433157
0.259694
0.283552
0.289400
-0.001836
-0.043581
0.048644
-0.020674
-0.209097
-0.368904
-0.634669
-0.847834
-0.978711
-1.006826
-0.955112
-0.807886
-0.624919
-0.472085
-0.363294
-0.192035
0.411562
0.321255
0.536541
1.057069
1.197581
0.766417
0.632565
0.462264
0.037682
-0.185220
-0.317821
-0.339895
-0.404313
-0.409783
-0.361547
0.091145
-0.037304
-0.224536
-0.267964
0.113779
0.180790
0.136379
0.228319
0.265905
0.266363
-0.192615
-0.066519
0.014321
-0.008831
-0.438041
-0.412983
-0.415824
-0.357769
-0.257437
-0.228829
-0.090352
-0.154097
-0.093088
-0.067959
0.331669
0.191435
0.272197
0.399448
0.709451
0.731278
0.501500
0.758932
0.473673
0.298970
-0.255270
-0.139135
-0.112644
0.016783
-0.281932
-0.229581
-0.224083
-0.599103
-0.688428
-0.337305
-0.302088
-0.301703
-0.197462
-0.080047
0.020131
0.097652
0.182586
0.229544
0.165565
-0.181612
-0.194344
-0.223069
-0.246951
0.116801
0.090091
0.052363
0.440297
0.427533
0.367028
0.414022
0.806888
0.842949
0.702972
0.748581
0.581519
0.184007
-0.225823
-0.206681
-0.264693
-0.289839
-0.576663
-0.665323
-0.772748
-1.189550
-1.189395
-0.892625
-0.709446
-0.526806
-0.328212
-0.121664
-0.025689
-0.009325
0.308319
0.378755
0.581079
0.702094
0.528854
0.504172
0.361931
0.392920
0.127289
0.166739
-0.193465
-0.159785
-0.474105
-0.350739
-0.006025
0.375199
0.179510
0.360150
0.090389
-0.451211
-0.883040
-0.807616
-1.074192
-0.866060
-0.663519
-0.578912
-0.416018
-0.242750
-0.142395
0.549813
0.748506
1.362392
1.422799
1.442863
0.965925
1.056341
0.511365
0.556188
0.406921
0.237578
-0.067304
-0.307347
-0.537083
-0.097289
-0.353877
-0.611917
-0.945869
-1.031055
-1.773367
-1.574308
-1.345387
-0.922484
-0.797504
-0.394627
-0.221671
-0.116699
0.049167
0.188318
0.636386
0.630566
0.960006
0.958693
1.213875
1.067114
1.074256
1.037615
0.966550
0.478017
0.231805
0.242406
-0.065620
-0.060184
0.414677
0.048811
-0.414674
-0.266609
-0.565013
-1.176312
-1.140042
-1.121913
-1.406626
-1.291256
-1.167100
-1.019312
-0.577293
-0.184155
-0.049257
0.604588
0.971661
0.984549
0.965210
1.090207
0.718349
0.523056
0.508706
0.348017
0.206989
0.289085
0.262609
0.209026
0.204842
0.244001
0.006910
-0.369486
-0.489522
-0.720240
-1.102959
-1.172485
-1.051838
-1.317507
-1.427851
-1.227349
-1.155526
-0.846123
-0.248364
0.127956
0.706835
1.138494
1.762842
1.650459
1.573318
1.292286
0.823669
-0.005007
-0.105620
-0.151892
-0.165226
-0.033547
0.106633
0.208660
0.218635
0.407739
0.213277
0.137954
-0.210109
-0.371448
-0.848421
-0.773087
-0.734140
-0.801505
-0.723342
-0.697687
-0.818188
-0.883640
-0.631469
-0.399913
-0.231690
-0.068989
0.248341
0.192358
0.064896
-0.105204
0.261262
0.385711
0.555832
0.838525
1.163151
1.079975
0.815242
0.863651
0.654685
0.377200
0.222619
-0.084209
-0.068593
0.082826
0.090119
-0.082230
-0.154813
-0.364512
-0.615456
-0.607741
-0.440838
-0.466168
-0.566086
-0.742619
-0.770408
-0.989611
-0.828497
-0.745413
-0.594612
-0.377030
-0.315338
-0.287101
-0.149155
-0.093992
0.036351
0.281837
0.730388
1.027734
1.139966
1.148310
1.042107
0.997512
0.720303
0.638495
0.565435
0.395526
0.094829
-0.203253
-0.356647
-0.693184
-0.843857
-0.860648
-0.890022
-0.763780
-0.856251
-0.861143
-0.895153
-0.691709
-0.672969
-0.462256
-0.005824
0.289944
0.439301
0.566867
0.703635
0.672006
0.380399
0.258058
0.288583
0.317418
0.361746
0.600083
0.771763
0.796613
0.770135
0.678828
0.399073
0.385839
0.119968
-0.019754
-0.054467
-0.066332
-0.211073
-0.341745
-0.294481
-0.416616
-0.589592
-0.638138
-0.558693
-0.519603
-0.638729
-0.483925
-0.394289
-0.384458
-0.292119
-0.085757
0.270822
0.460432
0.709716
0.837881
0.864312
0.888736
0.642759
0.452243
0.431674
0.530026
0.488918
0.511404
0.639200
0.472267
0.097093
-0.185081
-0.376444
-0.589659
-0.776262
-0.737353
-0.608955
-0.531714
-0.421009
-0.514747
-0.403174
-0.496117
-0.589707
-0.600960
-0.575293
-0.651233
-0.694173
-0.593849
-0.422217
-0.197896
0.226704
0.433334
0.656569
0.668638
0.762574
0.686398
0.626100
0.773510
0.610510
0.505166
0.495904
0.532628
0.401396
0.287414
0.350297
0.229027
0.164664
0.171668
0.321920
0.193851
-0.029658
-0.207849
-0.362396
-0.620385
-0.812706
-0.992013
-0.801340
-0.715839
-0.703680
-0.439137
-0.338096
-0.560393
-0.603643
-0.328258
-0.011662
0.241723
0.452936
0.326978
0.555888
0.495571
0.439265
0.573484
0.639522
0.562702
0.091102
0.008745
-0.068355
-0.107832
-0.160784
-0.142718
0.048231
0.163112
-0.046605
-0.245877
-0.528893
-0.734002
-1.164215
-1.174688
-1.045526
-0.601752
-0.578363
-0.333797
0.103038
0.191896
0.389815
0.882534
0.852522
0.837458
0.580998
0.306073
-0.141873
-0.199243
0.033781
0.146079
0.391142
0.526536
0.453898
0.259623
0.043069
-0.142273
-0.540946
-0.733635
-0.621855
-0.717148
-0.750544
-0.857948
-0.597045
-0.908322
-0.961680
-0.865473
-0.411816
-0.282149
-0.170493
0.228931
0.594031
0.673662
1.081073
1.174462
1.135020
0.815899
0.811164
0.431569
0.340941
0.577836
0.570443
0.517005
0.662744
0.496314
0.125511
-0.186088
-0.409769
-0.781860
-1.132737
-1.077172
-1.284364
-1.218013
-1.489105
-1.439308
-1.392227
-1.039870
-0.828319
-0.230276
0.378406
0.682229
0.880693
1.066078
0.888024
0.851783
0.554601
0.532012
0.554867
0.518431
0.445276
0.532570
0.610145
0.480640
0.586722
0.779039
0.619303
0.589108
0.263317
0.033642
-0.172714
-0.050199
-0.150349
-0.184900
-0.034476
-0.096507
-0.311714
-0.398112
-0.718341
-0.746783
-1.038063
-1.103601
-1.033917
-0.719254
-0.472090
-0.238752
0.166605
0.373917
0.549688
0.640897
0.661334
0.762899
0.566636
0.594087
0.438372
0.347288
0.401819
0.258732
0.349744
0.308563
0.206811
-0.017672
0.058813
-0.054621
-0.263197
-0.075067
-0.391720
-0.744782
-0.895621
-1.350975
-1.310934
-1.051127
-0.766791
-0.456354
-0.014831
0.114898
0.074797
0.229695
0.361435
0.562241
0.494436
0.469983
0.668727
0.624507
0.423700
0.622043
0.651080
0.818257
0.600791
0.718381
0.638845
0.638373
0.343157
0.123623
0.222613
0.146843
-0.018916
-0.274730
-0.377808
-0.553154
-1.122008
-1.521168
-1.568180
-1.668210
-1.643536
-1.356722
-0.692190
-0.438475
-0.016119
0.267781
0.809364
0.915217
0.879131
0.949072
0.912858
0.483860
0.353538
0.298795
0.336408
0.322211
0.336466
0.390807
0.474702
0.390996
0.162311
0.229762
0.287244
0.157839
0.240585
0.130303
0.126821
0.022137
-0.203205
-0.630831
-0.843553
-0.981175
-1.392615
-1.430888
-1.110792
-0.738833
-0.523377
-0.349402
0.205730
0.309223
0.284307
0.378742
0.596237
0.467251
0.445654
0.576271
0.643903
0.818980
0.947621
0.791824
0.836708
0.747280
0.455229
0.239803
0.328522
0.378094
0.115293
0.142658
0.152394
0.015852
-0.239843
-0.436086
-0.522346
-0.655077
-0.947773
-1.139347
-1.181223
-1.125062
-1.074464
-0.826912
-0.539079
-0.200025
-0.124793
-0.033296
0.212107
0.347216
0.377360
0.493818
0.689136
0.920349
0.759302
0.820894
0.921125
0.723557
0.555822
0.512644
0.428542
0.176938
0.029681
-0.195837
-0.356636
-0.558087
-0.775355
-0.874532
-0.995551
-1.232203
-1.263352
-1.130930
-0.864846
-0.649002
-0.300162
0.023549
0.224397
0.565982
0.557918
0.688916
0.770811
0.844825
0.653655
0.530509
0.536800
0.348349
0.211215
0.042404
0.226215
0.367480
0.398648
0.399698
0.652530
0.630516
0.550889
0.320133
0.067002
-0.406471
-0.751396
-0.935298
-1.088217
-1.006611
-0.983499
-0.901383
-0.940111
-0.623653
-0.437672
-0.230950
0.072260
0.297513
0.350626
0.499142
0.557869
0.629197
0.649383
0.766465
0.684299
0.736153
0.691015
0.615414
0.641779
0.716917
0.647436
0.594076
0.308174
0.011019
-0.281408
-0.425411
-0.560066
-0.607398
-0.606869
-0.784673
-0.864209
-0.999503
-0.945233
-0.892551
-0.644519
-0.488343
-0.310178
-0.179687
-0.041706
-0.086340
-0.090588
0.020526
0.462536
0.775909
0.926513
1.204412
1.211284
1.168271
0.801060
0.765925
0.674863
0.530683
0.195156
-0.149991
-0.286520
-0.530521
-0.888487
-0.951100
-0.963895
-1.049678
-1.250075
-1.140239
-1.133147
-0.687433
-0.418988
-0.234572
0.104071
0.268286
0.097521
0.200448
0.293203
0.433483
0.288520
0.272723
0.208732
0.313410
0.303288
0.371646
0.551228
0.588086
0.414511
0.316705
0.155148
0.026314
-0.369445
-0.526215
-0.766337
-0.782034
-0.934947
-0.874170
-0.812654
-0.834175
-0.805474
-0.648204
-0.496230
-0.119730
0.159658
0.390885
0.556276
0.653293
0.555502
0.481290
0.590983
0.631343
0.674803
0.846629
0.832184
0.775547
0.573704
0.339316
0.116032
-0.086909
-0.247606
-0.312380
-0.046650
0.024251
0.094676
0.195785
-0.084042
-0.350649
-0.755207
-0.912354
-1.100726
-1.024510
-0.964715
-0.821928
-0.506158
-0.293104
-0.081631
0.136646
0.309108
0.442399
0.287938
0.339862
0.432969
0.341108
0.239588
0.365029
0.458513
0.323950
0.266153
0.241431
-0.039749
-0.087921
-0.404104
-0.518967
-0.802382
-0.877658
-0.899749
-0.848559
-0.595616
-0.297488
-0.089179
0.090124
0.318798
0.580053
0.605616
0.796066
0.894648
0.930553
0.940554
0.943705
0.982044
0.862053
0.803279
0.646223
0.439981
0.133155
-0.187297
-0.412636
-0.580760
-0.489406
-0.379394
-0.447902
-0.323791
-0.389674
-0.657453
-0.619391
-0.694874
-0.675983
-0.752343
-0.674062
-0.692251
-0.497728
-0.378638
-0.198029
0.260241
0.507061
0.711491
0.820401
0.929855
0.935139
0.839382
0.837233
0.832579
0.748112
0.670553
0.510517
0.561256
0.469515
0.350641
0.273941
0.363940
0.312229
0.006397
-0.048074
-0.249800
-0.529532
-0.580548
-0.583147
-0.667716
-0.838968
-0.984579
-1.098492
-1.012319
-0.803176
-0.653296
-0.409136
-0.371594
-0.207135
0.007416
0.129476
0.593097
0.973620
1.075612
0.984243
1.115783
1.020109
0.573467
0.346160
0.380462
0.081306
-0.137418
-0.170698
-0.139783
-0.365147
-0.410658
-0.479729
-0.569250
-0.622951
-0.807124
-0.847513
-0.888888
-0.682898
-0.468431
-0.288454
0.100933
0.303570
0.344875
0.421641
0.547362
0.642538
0.595742
0.596328
0.686156
0.774074
0.688325
0.647269
0.721160
0.583607
0.359317
0.243106
0.020990
-0.156927
-0.380026
-0.360717
-0.461544
-0.598275
-0.708328
-0.905779
-0.964706
-1.064288
-1.032604
-0.614273
-0.457215
-0.273483
-0.137657
0.105993
-0.286785
-0.175916
-0.048982
-0.072972
0.128192
0.509193
0.662788
0.750265
0.812124
0.780046
0.524506
0.320753
0.249353
0.289018
0.307745
0.343065
0.490012
0.373022
0.137693
-0.003011
-0.226969
-0.448785
-0.761587
-0.807887
-0.980165
-0.889009
-0.821113
-0.762595
-0.600394
-0.438400
-0.326265
0.009991
0.191986
0.619103
0.669078
0.650095
0.510159
0.505983
0.310996
0.349129
0.671412
0.762159
0.588950
0.371885
0.084705
-0.071932
-0.401329
-0.351480
-0.201933
-0.312373
-0.482822
-0.513580
-0.375236
-0.423807
-0.276200
-0.171580
-0.260751
-0.346077
-0.525919
-0.485415
-0.490723
-0.388252
-0.237376
-0.222020
0.050206
0.177002
0.360550
0.411690
0.619659
0.791744
0.641671
0.605286
0.734203
0.796224
0.738164
0.623115
0.625447
0.396927
0.163584
-0.005081
-0.171064
-0.091970
-0.316507
-0.379194
-0.594082
-0.541098
-0.874847
-0.838963
-0.680588
-0.519204
-0.549316
-0.340771
-0.212284
-0.043135
-0.160857
0.035195
0.172309
0.263250
0.335211
0.596462
0.882756
1.000620
0.913095
0.865003
0.567367
0.426031
0.061866
-0.053643
-0.177113
-0.243705
-0.428011
-0.421115
-0.319132
-0.381138
-0.426479
-0.368224
-0.503551
-0.718790
-0.882645
-0.873815
-0.913307
-0.696954
-0.341712
-0.197052
0.234663
0.570616
0.634545
0.895372
0.852992
0.858692
0.698547
0.795028
0.672814
0.832675
0.688422
0.590967
0.422001
0.099721
-0.138297
-0.100646
-0.335969
-0.367159
-0.557350
-0.719909
-0.879569
-0.878150
-0.723752
-0.599759
-0.316733
-0.355263
-0.252718
-0.015235
0.126372
0.354772
0.406030
0.466777
0.255788
0.126055
0.123484
0.250236
0.746789
1.025263
1.066380
0.936343
0.675988
0.249586
-0.192092
-0.205234
-0.442708
-0.476469
-0.367088
-0.511934
-0.264945
-0.054341
-0.028026
-0.245485
-0.287955
-0.511545
-0.733459
-0.743769
-0.645098
-0.452946
-0.154871
0.094616
0.459220
0.619251
0.704928
0.684229
0.639450
0.792209
0.639836
0.694796
0.632695
0.545493
0.388817
0.255395
0.333852
0.295768
0.221890
0.111377
0.125608
-0.090322
-0.284967
-0.256000
-0.467488
-0.611854
-0.841631
-0.971756
-1.199391
-1.328714
-1.353764
-1.078986
-0.970649
-0.478517
-0.253064
-0.025199
0.174662
0.407252
0.302156
0.372673
0.618701
0.650981
0.435719
0.461805
0.562271
0.539468
0.339094
0.403899
0.364837
0.150931
-0.162624
-0.262412
-0.060725
0.111206
0.042737
0.233237
0.118061
-0.066363
-0.434161
-0.429943
-0.414566
-0.424840
-0.556643
-0.746680
-0.668992
-0.851492
-0.770997
-0.534588
-0.273573
-0.033301
0.059126
0.201561
0.282073
0.505609
0.532544
0.553686
0.821131
0.881776
0.798549
0.739593
0.690134
0.471515
0.184796
0.045647
0.128469
-0.038968
-0.217971
-0.545812
-0.614192
-0.874550
-0.797051
-0.703018
-0.606458
-0.505783
-0.472174
-0.356934
-0.457202
-0.292192
-0.016552
-0.234639
-0.100815
0.094038
0.094530
-0.034197
0.245941
0.466629
0.507723
0.763960
0.922399
1.035178
0.968541
0.876808
0.792599
0.562524
0.334005
0.181894
0.170307
0.107441
-0.192597
-0.374414
-0.608213
-0.860583
-1.076061
-0.737747
-0.667193
-0.677080
-0.653563
-0.466960
-0.747372
-0.459068
-0.362475
-0.179348
-0.034240
0.177217
0.343184
0.509512
0.948155
1.264127
1.361773
1.275026
1.145518
0.906708
0.522306
0.440723
0.423782
0.379220
0.205752
0.111877
0.194168
0.151874
0.045344
0.152026
0.155056
0.164867
-0.040029
0.053153
-0.970849
-1.139538
-1.229397
-1.300617
-1.267739
-0.372934
-0.306693
-0.632967
-0.388617
-0.255614
-0.221500
-0.013516
0.456509
0.479663
0.558580
0.655991
0.898405
1.020106
1.125907
0.555163
0.631349
0.605163
0.429448
0.326088
0.936944
0.901429
0.018961
-0.068375
-0.753248
-1.525007
-1.690725
-1.058129
-1.108087
-0.500802
0.056705
0.093059
-0.110706
-0.162018
-0.154210
-0.119750
0.008132
0.348631
0.505673
-0.029499
0.017507
-0.140807
-0.200311
-0.177050
0.326993
0.400236
0.443559
0.510971
0.438481
0.451315
0.454202
0.678095
0.666294
0.329137
0.371725
0.290296
-0.348854
-0.377927
-0.464999
-0.449187
-0.821833
-0.708318
-0.807831
-0.339388
-0.397307
-0.035126
0.286020
0.332173
0.002865
0.044397
-0.237139
-0.132409
-0.147580
0.132752
0.201736
0.225385
0.212932
0.037743
0.123591
0.118827
0.151646
0.122613
0.080797
0.098502
-0.217811
-0.251732
-0.266107
-0.073998
-0.109490
0.097678
0.364890
0.360402
0.329216
0.292328
0.083142
0.051819
-0.229810
-0.439094
-0.431551
-0.445280
-0.392515
-0.375336
-0.072152
-0.059524
0.031942
0.061450
0.106015
0.175415
-0.047817
-0.095785
-0.074992
-0.074571
-0.104576
-0.107315
0.173525
0.152919
0.110279
0.072525
0.103897
0.081398
0.054834
0.328672
0.296034
0.400670
0.308063
-0.075146
-0.152263
-0.192297
-0.424617
-0.382432
-0.024822
0.057443
0.055621
0.299577
0.379909
0.288062
0.283662
0.114962
0.217808
0.205288
0.057052
0.080878
0.079901
0.094280
-0.194171
-0.208485
-0.210792
-0.240211
-0.267647
-0.287858
-0.035787
-0.051959
-0.049611
-0.074414
-0.103575
-0.162634
-0.287982
-0.144078
-0.162029
-0.121855
-0.056851
-0.016533
0.104125
0.136353
0.178113
0.236846
0.086824
0.124067
-0.076661
-0.059453
-0.050818
-0.034847
-0.032611
0.135915
0.381714
0.369626
0.358003
0.361810
0.186714
0.178974
-0.075473
-0.066082
-0.121012
-0.166858
-0.234753
-0.279343
-0.107909
-0.120550
-0.135273
-0.125605
-0.114186
-0.053238
-0.256393
-0.223343
-0.149478
-0.128386
-0.120638
-0.083808
0.171089
0.144791
0.167000
0.172326
0.346128
0.352138
0.121918
0.101061
0.105838
-0.085320
-0.084219
-0.103523
0.101126
0.066806
-0.003614
-0.059543
-0.119562
-0.139745
-0.437030
-0.433815
-0.376701
-0.365950
-0.321613
-0.292085
-0.026691
-0.048110
0.152650
0.158235
0.338041
0.392272
0.334932
0.338461
0.366189
0.364578
0.332683
0.308156
0.417975
0.384964
0.305610
0.309344
-0.190627
-0.274957
-1.017812
-1.653168
-1.721035
-1.347908
-1.308339
-0.737621
0.269025
0.500316
0.586376
0.855320
1.062990
1.116268
0.896774
0.922058
0.796392
0.585619
0.383767
0.235801
0.200491
-0.054218
0.110206
0.029434
-0.060243
0.060271
-0.194943
-0.574537
-0.559432
-0.633677
-0.654154
-0.545150
-0.131128
-0.097681
0.007881
0.027065
0.449613
0.395245
0.133637
0.174460
0.191590
0.074190
0.145356
0.191351
0.389812
0.409411
0.102616
0.013291
0.043812
-0.031806
0.079729
0.419577
0.290081
0.046323
-0.018390
-0.514570
-0.616838
-0.434516
-0.321333
-0.232075
-0.053215
0.016424
-0.222937
-0.151544
-0.074626
-0.141482
-0.128450
0.022416
0.432999
0.584030
1.032902
1.044366
0.933367
0.747792
0.393475
0.003040
-0.089639
-0.146147
-0.280414
-0.422015
-0.365168
-0.461837
-0.584492
-0.605251
-0.634927
-0.524412
-0.634586
-0.517899
-0.455700
-0.405507
-0.340236
-0.346460
-0.051030
0.116364
0.267748
0.314575
0.434579
0.436589
0.578127
1.014158
1.033526
1.008976
1.022858
0.621826
0.285019
0.122997
0.272974
0.106716
-0.002845
0.024151
-0.126675
-0.316390
-0.280759
-0.357286
-0.326778
-0.530488
-0.498662
-0.612021
-0.682762
-0.779682
-0.797299
-0.704172
-0.766011
-0.601092
-0.470655
0.019815
0.106745
0.195323
0.607568
0.732279
0.474752
0.492638
0.486068
0.450900
0.382862
0.639677
0.602275
0.731801
0.618310
0.573453
0.415085
0.292480
0.386712
0.244529
-0.154614
-0.159967
-0.404100
-0.786555
-0.837775
-0.885869
-0.965652
-1.017062
-0.796863
-0.661719
-0.178105
-0.012272
0.493532
0.632082
0.502276
0.566874
0.532565
0.323926
0.333702
0.422667
0.349242
0.443924
0.398459
0.421605
0.299055
0.367141
0.130786
0.095756
-0.054338
-0.132716
-0.392991
-0.638134
-0.672425
-0.860198
-1.004802
-0.989096
-0.570502
-0.509711
-0.524230
-0.369900
-0.159642
-0.039050
0.162371
0.256842
0.556532
0.473906
0.178706
0.320616
0.630123
0.557330
0.472869
0.681200
0.367612
0.278119
0.276317
0.367428
0.279581
0.282680
0.146779
-0.012196
-0.570019
-0.715187
-0.631631
-0.636953
-0.527205
-0.034488
0.079147
-0.330326
-0.192298
-0.042263
0.071318
0.350280
0.586709
0.568690
0.334376
0.070119
-0.088064
-0.181113
-0.205364
0.108618
0.257380
0.248810
0.648930
0.618548
0.584916
0.529179
0.204518
0.152332
0.156535
-0.007303
-0.219025
-0.294281
-0.485724
-0.603717
-0.840620
-0.615197
-0.631204
-0.534215
-0.681088
-0.617660
-0.409127
0.149018
0.222149
0.255765
0.432233
0.266569
-0.096631
-0.086243
-0.009704
0.043100
0.243704
0.555890
0.491567
0.772546
0.844058
0.723026
0.506605
0.447221
0.000297
-0.182850
-0.521107
-0.607218
-0.872580
-0.838357
-0.805995
-0.778602
-0.617666
-0.411485
0.019891
0.112533
0.168602
0.235858
0.247789
0.180821
0.037023
0.343076
0.386746
0.286675
0.235862
0.182012
0.061071
-0.007583
0.319481
0.421647
0.468990
0.467908
0.154142
-0.216013
-0.430361
-0.684967
-0.805790
-0.828841
-0.588037
-0.529366
-0.388119
-0.173707
-0.057454
0.043152
-0.091246
0.020549
0.105890
0.166352
0.207447
0.218239
0.446906
0.363172
0.328750
0.267254
0.277687
0.253097
0.034083
0.033149
0.015067
-0.095395
-0.194409
-0.299146
-0.283316
-0.483297
-0.576958
-0.675769
-0.699515
-0.422548
-0.380909
-0.219252
-0.016706
0.168851
0.174416
0.202041
0.473741
0.532129
0.556738
0.545088
0.619271
0.613771
0.446107
0.428481
0.510835
0.495234
0.463422
0.397648
0.540131
0.419085
0.329602
0.311606
-0.324888
-0.416441
-1.187541
-1.752623
-1.904275
-1.375450
-1.376459
-0.918755
-0.160643
0.031131
0.109856
0.246043
0.399830
0.505950
0.374861
0.471581
0.489474
0.522909
0.493982
0.377404
0.478584
0.395854
0.296049
0.222382
0.213535
0.178049
-0.138917
-0.257297
-0.390328
-0.409377
-0.468076
-0.452035
-0.226098
-0.182981
-0.173502
-0.286272
-0.137713
0.035055
-0.024785
0.093592
0.355523
0.397494
0.336573
0.378878
0.569120
0.628927
0.632465
0.745279
0.751870
0.916596
0.564607
0.449810
0.376414
-0.549681
-0.779069
-0.862482
-0.651982
-0.732690
-0.789166
-0.889359
-1.643381
-1.583184
-1.632494
-0.627367
-0.434144
0.534827
0.549786
0.519989
0.479958
0.297498
0.334857
0.403268
0.405064
0.573743
0.299294
-0.033043
-0.168734
-0.169457
-0.236410
0.026143
0.411623
0.417847
0.389336
0.423164
0.414372
0.407050
-0.014240
-0.330200
-0.371377
-0.666829
-0.640083
-0.316602
0.032973
-0.032229
0.082112
0.127482
-0.033423
0.020134
0.059196
0.313735
0.316505
0.276771
0.245590
0.006114
-0.030790
-0.067888
-0.075801
-0.022571
-0.009858
-0.034442
-0.327370
-0.299647
-0.261143
-0.275814
-0.194798
-0.220790
0.010059
-0.047254
-0.053418
-0.125149
0.081989
0.114157
-0.101445
-0.073226
0.064284
0.113497
0.081051
0.115784
0.400027
0.386584
0.191864
0.232932
0.221145
0.111230
-0.158330
-0.176761
-0.255794
-0.268088
-0.184965
-0.219162
-0.072362
-0.090346
-0.120752
-0.122607
-0.123213
-0.011950
-0.164509
-0.160468
-0.223773
-0.017740
-0.019665
0.008249
0.212637
0.314634
0.153679
0.106976
0.107708
0.216973
-0.054362
-0.045374
-0.056596
-0.083673
-0.116995
0.046335
0.281635
0.366603
0.349979
0.262123
0.054985
-0.023828
-0.323593
-0.335182
-0.227640
-0.261188
-0.268132
-0.279585
-0.056466
-0.125282
-0.079947
-0.055176
0.019582
0.045288
-0.106763
-0.041734
0.010732
0.013093
0.012958
-0.033243
0.225660
0.311669
0.265326
0.274354
0.240128
0.116479
-0.246476
-0.275665
-0.176008
-0.183434
-0.150103
-0.158270
0.062705
0.048118
0.028306
0.014368
0.053173
0.136153
-0.137008
-0.058756
0.011703
0.034436
0.009844
0.007941
0.004367
-0.231645
-0.222116
-0.207127
-0.191129
0.043361
0.045745
0.035526
0.034426
-0.002558
0.019525
0.001201
0.241607
0.253563
0.239810
-0.043021
-0.070563
-0.098358
-0.361476
-0.373912
-0.125893
-0.105123
-0.084009
-0.050884
0.252357
0.298240
0.314144
0.305639
0.293997
0.283729
0.027562
0.027428
0.015183
-0.029954
-0.084085
-0.140696
0.037448
0.017899
0.016975
0.018784
0.035145
0.057194
-0.164441
-0.146088
-0.153577
-0.172027
-0.164815
-0.169154
0.065014
0.066091
0.074729
0.114820
0.128582
0.177356
0.017458
0.075249
-0.160488
-0.120839
-0.087606
-0.091154
0.131876
0.467788
0.443737
0.375041
0.342266
0.325625
-0.027853
-0.036581
-0.016807
-0.026733
0.015638
0.014629
-0.011239
-0.298637
-0.306432
-0.349465
-0.385283
-0.378780
-0.343643
-0.349757
-0.379095
-0.409667
-0.155009
-0.161469
0.108296
0.164768
0.225029
0.285834
0.303111
0.311202
0.072455
0.094821
0.075889
0.110932
0.183858
0.198363
0.182216
0.202169
0.198811
0.185761
0.206283
0.229631
-0.018321
-0.032412
-0.073590
-0.139222
0.107017
0.047985
-0.022961
-0.343203
-0.389854
-0.394648
-0.450920
-0.141517
-0.136333
-0.118710
-0.382650
-0.326378
-0.229306
-0.176029
0.186638
0.523087
0.580576
0.241522
0.297459
0.025189
-0.276549
-0.288307
-0.286022
-0.307585
-0.298493
-0.301652
0.052739
0.392856
0.366610
0.278366
0.240068
0.252812
-0.120877
-0.200998
-0.264580
-0.360741
-0.373986
-0.415673
-0.417236
-0.341478
-0.225931
-0.238654
-0.157262
-0.089293
-0.048455
-0.030299
-0.072166
-0.071027
0.268022
0.292533
0.670197
0.774874
0.772810
0.456410
0.418748
0.328865
-0.213665
-0.353460
-0.472072
-0.566531
-1.052222
-1.098213
-0.551018
0.014422
-0.019287
0.087999
0.230590
-0.146838
-0.527248
-0.310522
0.312702
0.471592
0.520656
0.523701
0.495152
0.015398
-0.041360
-0.052257
-0.078382
-0.087930
-0.162505
-0.268415
-0.396852
-0.516437
-0.570915
-0.757540
0.021897
0.890771
0.565715
0.246978
0.191625
0.454312
-0.522032
-0.323475
-0.105027
0.103742
-0.826185
-0.613301
0.316901
1.171142
1.273963
1.175784
1.196662
0.457620
-0.197543
-0.192416
-0.189652
-0.279096
-0.296580
-0.364914
-0.334098
-0.212319
-0.318191
0.571469
0.246456
-0.160911
-0.500545
-0.645192
-0.631286
-0.360397
0.074511
0.368914
0.648895
-0.279914
-0.295861
-0.443106
-0.301357
0.662855
0.678894
0.654186
0.679365
0.525932
-0.523956
-0.480336
-0.428726
-0.402060
-0.470017
0.648085
0.483007
0.342223
-0.001988
-0.353566
-0.495114
-0.508256
0.660533
1.086891
1.451083
0.514677
0.695960
-0.246227
-0.273802
-0.249783
-0.208165
-0.230088
-0.225058
-0.265157
0.424756
0.444052
0.379370
0.245699
0.195209
-0.600806
-0.823861
0.149328
0.066239
-0.095263
-0.155142
0.057835
-1.110897
-1.108567
-0.181375
0.756613
0.633491
0.749356
0.870783
0.096284
-0.736490
-0.650451
-0.529783
-0.475782
-0.304026
-0.161037
-0.056155
-0.002866
0.040735
0.879894
0.811267
0.685350
0.727227
0.742050
-0.294945
-0.095465
-0.038769
-0.207352
-0.352916
-0.403317
-0.634761
-0.672101
-0.650078
0.750120
0.428712
-0.038555
-0.506723
-0.874520
-2.651048
-2.392418
-1.979035
-0.055685
0.525501
1.086123
1.379426
1.489238
0.184158
0.238196
0.283071
0.341646
0.421262
0.433163
0.431349
0.485147
0.441590
0.364608
0.261472
0.061450
-0.107745
-0.213025
-0.130503
-0.181755
-0.215865
-0.570942
-1.098449
-1.698205
-1.958543
-2.289637
-2.171275
-1.837764
-1.576676
-1.442308
-1.162258
-0.962904
-0.828764
-0.580318
0.856621
2.199650
2.271649
2.359240
2.459817
1.237968
0.143392
0.197259
0.124581
0.047408
-0.001705
-0.092741
-0.245861
-0.281442
-0.298009
0.474145
0.087033
0.829014
0.509828
0.103838
-1.117448
-1.225786
-1.235777
-1.216255
-1.264449
-1.244344
-1.087692
-1.883999
-1.596210
-0.303129
0.168844
0.503715
0.661456
0.803842
-0.002391
-0.000736
0.697420
1.326253
1.334975
1.372761
1.402462
0.781589
0.137479
0.104817
-0.046975
-0.200806
-0.499749
-0.587039
-0.967817
-1.194134
-1.535856
-2.023526
-2.495197
-2.469930
-2.419221
-2.178766
-1.507155
-0.892380
-0.343274
0.083986
0.374481
1.348728
1.385480
1.325163
1.232822
1.208417
0.313000
0.268982
0.141779
0.107608
0.021911
-0.055915
-0.111243
-0.144179
-0.269547
-0.446633
-0.506707
-0.719188
-0.876447
-0.940006
-0.956882
-1.061976
-1.029942
-1.002532
-0.901057
-0.719518
-0.544330
0.712520
1.011985
1.184669
1.392656
1.601255
0.652460
0.627457
0.682824
0.655953
0.572760
0.537572
0.531496
0.333779
0.296025
0.245965
0.057363
-0.204854
-0.224585
-0.384656
-0.590941
-0.703797
-0.764517
-0.940046
-1.134141
-1.177179
-1.166901
-1.002751
-0.773892
-0.503450
-0.208594
0.024701
0.855411
0.821557
0.882870
1.658616
1.749669
1.086081
1.244388
1.286550
0.529471
0.507084
0.410791
0.363665
0.136196
-0.196794
-0.541790
-0.872877
-1.279064
-1.465081
-1.468175
-1.454236
-1.370782
-1.240854
-1.052090
-0.892827
-0.724484
-0.518199
0.445949
1.367238
1.494363
1.625709
1.816124
1.197644
0.498964
0.482925
0.425720
0.227585
0.015927
-0.189227
-0.314667
-0.411276
-0.546286
-0.557501
-0.542554
-0.590430
-0.458822
-0.276152
-0.140845
0.062145
0.357737
0.467571
0.541652
0.555915
0.547513
0.515345
0.405404
0.246287
0.080912
-0.123297
-0.375183
-0.591856
-0.691081
-0.723553
-0.779251
-0.787956
-0.718828
-0.704939
-0.726656
-0.213502
-0.169964
-0.136045
0.509096
0.563451
0.093003
0.091323
0.693080
0.700413
0.694698
1.292496
1.277884
1.216758
0.575472
0.524865
0.296695
0.237673
0.160882
0.078190
0.087218
-0.303225
-0.222335
-0.760759
-0.642125
-0.628738
-0.520137
-0.457896
-0.341087
-0.193386
0.003318
0.107448
0.236039
0.418611
0.327972
0.138336
0.041007
-0.223005
-0.327788
-0.260130
-0.368072
-0.422504
-0.512169
-0.639074
-0.911638
-0.919806
-0.867565
-0.760463
-0.670037
-0.354656
-0.016211
0.090088
0.228788
0.383612
0.360309
0.453344
0.348510
0.390786
0.335655
0.462251
0.413826
1.851001
1.882381
1.819818
1.481498
1.334634
-0.219807
-0.555245
-0.911993
-1.019195
-1.264918
-1.568270
-1.594287
-1.436915
-1.274164
-1.139841
-0.886240
-0.588302
-0.395852
-0.307605
-0.237585
-0.044449
0.054097
0.146612
0.284314
0.445480
0.542636
0.539447
0.363560
0.230118
1.412626
1.254328
1.027175
1.006882
0.876526
-0.832160
-1.074833
-1.281329
-1.390253
-1.339316
-0.942567
-0.947168
-0.752949
-0.720894
-0.737273
-0.808844
-0.539278
-0.366150
-0.031858
0.210623
0.526725
0.806209
0.853574
0.776325
0.743059
0.575983
0.382624
0.421444
0.474521
0.478615
0.595738
0.573296
0.490571
0.320424
0.130184
-0.066991
-0.247770
-0.345901
-0.664162
-0.926244
-1.138304
-1.253476
-1.395960
-1.352879
-1.342519
-1.387588
-1.429385
-1.406884
0.030740
0.367239
0.677148
1.014179
1.179071
1.072714
1.226466
1.310221
1.403268
1.515668
0.406741
0.318356
0.164267
0.004466
-0.310293
-0.495727
-0.546868
-0.528840
-0.513843
-0.326950
-0.176342
-0.299491
-0.323570
-0.571398
-0.736493
-0.847532
-0.969339
-1.149303
-1.026433
-0.933665
-0.565743
-0.407010
-0.223244
-0.063085
0.121854
0.056089
0.558241
0.936346
1.163071
1.293795
1.449589
1.069250
0.915429
0.683730
0.567745
0.394751
0.374014
0.118461
-0.022756
-0.226466
-0.366207
-0.511333
-0.451017
-0.508840
-0.666763
-0.921630
-1.112599
-1.374296
-1.265649
-0.905577
-0.613114
-0.094739
0.460924
0.784770
1.011622
1.332090
1.456188
1.216418
1.048735
0.839495
0.554900
0.277890
0.298675
0.307697
0.171055
0.130967
0.089219
-0.094166
-0.220642
-0.237286
-0.329439
-0.432652
-0.612577
-0.885981
-1.296108
-1.449749
-1.620063
-1.686572
-1.488974
-1.061686
-0.527472
0.368360
1.463377
2.220632
2.807764
3.078939
2.682275
3.772834
4.958198
5.501441
6.455996
