5.981949
5.981949
5.981949
5.981949
5.239103
4.102904
2.660217
1.179102
-0.622326
-1.628693
-2.088384
-2.167827
-2.186573
-1.798766
-1.766094
-1.570021
-1.499470
-1.400906
-1.249128
-0.721444
-0.593665
-0.340961
-0.145903
-0.112449
-0.122670
0.068785
0.163737
0.285479
0.387262
0.562098
0.453554
0.593808
0.488402
0.596854
0.371207
0.243397
-0.059643
-0.388386
-0.658636
-0.771934
-1.008970
-1.259482
-1.069603
-1.286984
-1.200052
-0.879736
-0.329118
0.003929
0.574171
0.823811
1.012935
0.752799
0.544569
0.248611
-0.068360
-0.315007
-0.393139
-0.504903
-0.287293
0.064748
0.464166
0.880688
1.032297
0.855207
0.704192
0.600192
0.270148
0.168661
0.001466
-0.349940
-0.631318
-0.823675
-1.041930
-0.921833
-0.677782
-0.457888
-0.174385
0.221697
0.395848
0.704680
0.522854
0.603599
0.530872
0.511869
0.431670
0.710079
0.795226
0.771463
0.668113
0.381621
-0.063837
-0.382799
-0.505646
-0.695956
-0.804411
-0.762722
-0.896441
-0.800232
-0.753305
-0.409880
-0.118488
0.185028
0.297162
0.712873
0.840528
0.844090
0.932934
1.030806
1.082405
0.839538
0.580249
0.211985
-0.155170
-0.669347
-0.910360
-0.964223
-0.812603
-0.707778
-0.503964
-0.293522
-0.379561
-0.488127
-0.471354
-0.438696
-0.366813
-0.028160
0.157697
0.386508
0.503871
0.690996
0.861343
0.979879
0.913377
1.005049
0.995008
0.748310
0.626969
0.518518
0.428114
-0.100571
-0.558425
-0.723359
-0.841777
-1.178183
-0.936293
-0.329095
-0.333611
-0.041863
0.134347
0.215405
0.064932
0.251292
0.296118
0.492535
0.428290
0.385620
0.627118
0.458737
0.371088
0.546678
0.782740
0.796535
0.639843
0.237727
-0.159281
-0.503977
-0.939446
-0.926336
-0.906287
-1.031468
-0.925577
-0.728354
-0.577061
-0.186153
0.288796
0.493601
0.558936
0.593362
0.527595
0.428645
0.202631
0.063240
-0.262760
-0.867902
-1.266714
-1.529514
-2.063300
-1.965923
-1.365395
-0.325400
0.645010
1.729061
2.199119
2.296235
1.843603
1.312615
0.556652
0.159916
-0.030564
-0.098487
-0.352639
-0.157054
-0.040758
-0.026334
-0.128453
0.100114
0.368515
0.372315
0.601866
0.813123
0.849951
0.707913
0.630380
0.375858
-0.165005
-0.629721
-0.806044
-1.079834
-1.257396
-0.664352
-0.124230
0.171171
0.295624
0.398344
-0.105755
-0.353445
-0.852564
-0.883463
-0.798684
-0.551919
-0.433238
-0.110386
0.130184
0.206813
0.027262
-0.106260
-0.025404
0.037949
-0.000615
0.040601
0.051054
-0.266625
-0.565457
-0.719909
-0.790937
-0.957406
-1.050847
-0.758365
-0.506673
-0.152523
0.276378
0.709993
0.816449
0.716065
0.699309
0.412846
0.436062
0.401513
0.592270
0.627572
0.806538
0.757761
0.364136
-0.012091
-0.181585
-0.346839
-0.429116
-0.332497
-0.126628
-0.209102
-0.320691
-0.235350
-0.205390
-0.098905
-0.270461
-0.473018
-0.628438
-0.754124
-1.016326
-0.950635
-0.718100
-0.812866
-0.540867
-0.244891
0.279043
0.785444
1.064843
1.132018
1.033707
0.692212
0.375939
0.232377
0.008178
-0.033360
0.010579
0.008019
0.014225
-0.129159
-0.266008
-0.556287
-0.898301
-0.990226
-0.562680
-0.281734
0.080443
0.600587
0.416374
0.443859
0.546306
0.723431
0.566335
0.835436
0.691838
0.232323
0.105565
-0.149050
-0.136221
-0.274432
-0.171460
-0.539392
-0.698052
-0.881752
-0.813413
-0.866857
-0.437456
-0.065886
0.063848
-0.046322
-0.035189
-0.150378
-0.209092
-0.091254
-0.100836
0.278490
0.622023
1.172699
1.467113
1.461848
1.282379
0.710734
0.149324
-0.275847
-0.447371
-0.408271
-0.299797
-0.096847
-0.073400
0.203188
0.232445
0.298571
0.333158
0.231655
0.620749
0.701607
0.232081
-0.382928
-0.453334
-0.781191
-1.230870
-1.073720
-0.516119
-0.198422
-0.185608
0.022885
0.513900
0.680186
0.669802
0.838640
0.759135
0.319584
-0.056280
-0.309644
-0.452467
-0.278392
0.082565
0.176530
0.658898
0.884685
0.951386
1.005002
1.058853
0.734200
0.261906
0.060879
-0.229647
-0.513425
-0.672147
-0.791143
-0.961962
-1.062122
-0.976972
-1.015556
-1.005921
-0.961684
-0.840101
-0.744035
-0.395148
-0.098623
0.112117
0.116813
0.293044
0.361370
0.235236
0.620452
0.782446
0.942158
0.828285
0.986946
0.571447
0.535205
0.164097
-0.143570
-0.103726
0.077147
-0.206826
0.018527
0.275754
0.284386
-0.243695
-0.527574
-0.755229
-0.703414
-0.869785
-0.090797
0.552792
0.858942
0.731015
0.996868
0.451673
0.401346
0.024540
-0.008665
-0.139510
-0.177792
-0.249440
-0.203334
-0.195537
-0.228415
-0.371009
-0.452408
-0.492248
-0.735275
-1.090883
-1.139192
-1.261885
-1.192451
-0.855626
-0.476255
0.223572
0.787214
1.102414
1.173358
1.233998
1.112646
0.776404
0.446531
0.511896
0.581085
0.425607
0.336203
0.283448
-0.097897
-0.620540
-0.900685
-1.141825
-1.173466
-1.087737
-0.865418
-0.832476
-0.601080
-0.296054
-0.182149
0.082789
0.477029
0.638572
0.730190
0.779694
0.850158
0.774530
0.821823
0.759487
0.582497
0.390583
0.168610
0.128511
0.122831
0.219025
0.260455
0.020877
-0.177871
-0.747694
-1.136818
-1.457213
-1.441329
-1.458943
-0.905090
-0.444761
-0.202112
0.128007
0.189065
0.084638
0.128490
0.241009
0.352047
0.724848
0.777067
0.983549
1.291402
1.371112
1.197166
1.111227
0.822589
0.259683
-0.081929
-0.541767
-0.843749
-0.955886
-1.097243
-1.093632
-0.929095
-0.836215
-0.968342
-0.831342
-0.920540
-0.979404
-0.632234
-0.406476
-0.264111
-0.096041
0.035948
-0.012991
0.070773
0.157699
0.352247
0.366840
0.512223
0.646480
0.862554
0.717316
0.861859
0.848853
0.683373
0.609475
0.559170
0.582629
0.468475
0.411610
-0.011364
-0.066135
-0.252263
-0.527654
-0.667623
-0.550517
-0.783449
-1.130148
-1.333736
-1.466140
-1.640075
-1.562832
-1.266569
-0.799531
-0.207630
0.484530
1.072296
1.733304
1.822628
1.500186
1.196010
1.009709
0.512964
0.508143
0.483487
0.377738
0.220345
0.085881
-0.144149
-0.149860
-0.222669
-0.040673
-0.327779
-0.143092
0.092311
0.335487
0.045575
0.430254
0.426131
-0.060338
-0.714164
-0.611702
-0.699588
-1.147639
-0.952239
-0.332655
-0.267489
-0.105665
0.390347
0.756056
0.945532
0.515099
0.163415
-0.091119
-0.922068
-1.132914
-0.658231
-0.322171
-0.122681
0.210695
0.001826
-0.177193
-0.100530
-0.236957
-0.118468
0.070989
-0.404041
-0.733443
-0.652311
-0.594330
-0.557791
0.065873
0.507001
0.738966
1.173985
1.016292
0.858482
0.914498
0.204641
-0.619405
-0.822411
-0.795246
-1.147667
-0.442877
0.289661
0.587647
0.604817
0.507992
0.007379
-0.183270
-0.298764
-0.257959
-0.080564
0.220916
0.329266
0.386688
0.604468
0.360306
0.134289
-0.272785
-0.375134
-0.398414
-0.230621
-0.045042
0.200040
0.496530
0.657669
0.472712
0.113697
-0.159714
-0.443839
-0.615432
-0.386752
-0.053196
-0.118955
0.029303
-0.011022
-0.154321
-0.299904
-0.151393
-0.465056
-0.542550
-0.279812
-0.130940
-0.051526
0.271183
-0.036960
-0.196657
-0.381030
-0.219911
-0.281507
-0.151630
-0.103441
0.408588
0.132982
-0.252010
-0.475731
-0.826606
-1.714216
-1.578806
-1.147755
-0.475845
0.298305
1.226399
1.449995
1.591590
1.317742
0.908996
0.536272
0.643579
0.714356
1.021403
1.090384
1.120138
0.877008
0.509261
0.126014
-0.163352
-0.356648
-0.632481
-0.740544
-0.743681
-0.647789
-0.643071
-0.558180
-0.571347
-0.658885
-0.892850
-0.815979
-1.050183
-1.061511
-0.782988
-0.409165
-0.077487
0.162728
0.775713
1.130026
1.414931
1.467138
1.689320
1.402053
0.816211
0.581227
0.338335
0.156046
0.156472
-0.070424
-0.147884
-0.713993
-0.807252
-0.889652
-0.567837
-0.568852
-0.336834
-0.099441
-0.198458
-0.177084
-0.385712
0.024570
0.167764
0.319767
0.346112
0.625761
0.503785
0.179712
-0.373126
-0.343458
-0.522864
-0.694944
-0.666438
-0.512592
-0.683967
-0.520814
-0.105468
0.407204
0.918117
0.945441
0.524002
0.125565
-0.426131
-0.634925
-0.642098
-0.569903
-0.256487
-0.533324
-0.731936
-0.890427
-0.791958
-0.829792
-0.563979
-0.012587
0.538140
0.915991
0.961506
1.025835
0.790075
0.525412
0.622879
0.774219
0.701470
0.669599
0.485411
0.153675
-0.282889
-0.181656
-0.373360
-0.328628
-0.180505
-0.255496
-0.117975
0.158840
0.296364
0.217757
0.541115
0.586834
0.232834
-0.116788
-0.213844
-0.521732
-0.427448
-0.161875
0.029736
0.034146
-0.056612
-0.411810
-0.681248
-0.425482
-0.500980
-0.450830
-0.499682
-0.430470
-0.504749
-0.542985
-0.069664
0.524632
0.574270
0.787689
1.199960
1.077393
0.662078
0.786799
0.792557
0.599449
0.507759
0.339049
0.308142
-0.034830
-0.450077
-0.459300
-0.328904
-0.376977
-0.505500
-0.327331
-0.367132
-0.309526
-0.202191
-0.189716
-0.163424
-0.242722
-0.265072
-0.405344
-0.140590
0.209799
-0.016707
-0.227058
-0.369664
-0.749380
-1.119495
-1.092330
-0.839503
-0.678460
-0.211019
0.309207
0.898769
1.084780
1.358407
1.278888
1.012073
0.729335
0.677562
0.545930
0.555537
0.564431
0.499220
0.394946
0.318478
0.220935
-0.100886
-0.385016
-0.473362
-0.361426
-0.409902
-0.235161
0.068373
0.190851
-0.130015
-0.446854
-0.600605
-1.258255
-1.540436
-1.601765
-1.376225
-1.095793
-0.198123
-0.397284
-0.162944
-0.064546
0.138647
0.145731
0.500657
0.898279
0.995088
0.717474
0.700594
0.452753
0.249893
0.237498
0.605573
0.904224
1.305478
1.195217
1.087034
0.685242
0.039850
-0.203295
-0.227706
-0.337950
-0.331928
-0.193839
-0.186986
-0.235998
-0.758212
-0.758345
-0.990124
-1.097747
-1.407512
-1.218041
-0.827082
-0.119988
0.636172
1.076711
1.455316
1.177963
0.319986
-0.449247
-0.659039
-0.189731
-0.350446
-0.257070
0.068522
0.039427
-0.481023
-0.346235
-0.148282
-0.381639
-0.587265
-0.767463
-0.751330
-0.458691
0.017143
0.397945
0.943990
0.420547
0.155917
-0.284901
-0.275255
-0.473808
-0.151720
-0.044878
0.213921
0.674004
0.756885
0.813134
0.429851
0.458271
-0.070692
-0.008592
0.215052
0.663315
0.475954
0.609811
0.293182
0.067296
-0.166693
-0.298338
-0.320480
-0.278957
-0.277084
-0.252318
-0.330624
-0.664731
-0.574766
-0.713124
-0.610308
-0.613851
-0.267842
-0.098704
0.187069
0.373083
0.716455
0.747845
0.883673
0.975974
0.431507
0.292474
-0.032281
-0.285246
-0.294350
0.100504
0.232881
0.218032
0.242159
0.220724
0.015030
-0.215869
-0.404171
-0.544463
-0.708616
-0.460769
-0.430759
-0.327216
-0.633432
-0.973885
-1.336774
-1.487777
-1.263088
-0.637462
-0.356822
-0.059904
0.260534
0.579995
0.469175
0.478906
0.281691
0.285688
0.421614
0.599878
0.731728
1.108249
1.212323
0.751804
0.561782
0.718610
0.494960
0.221940
0.293774
0.565925
0.264006
0.130984
0.069288
-0.208963
-0.874251
-1.066600
-1.302867
-1.073382
-0.820387
-0.633607
-0.209586
0.075741
0.272321
0.221976
0.394443
0.268155
0.400545
0.279374
0.521085
0.729792
0.935526
1.128839
1.159892
1.010857
0.748950
0.461750
0.090337
-0.175545
-0.296083
-0.473149
-0.624619
-0.786549
-1.046541
-1.257751
-1.372698
-1.323268
-1.138858
-0.949943
-0.679508
-0.584701
-0.391625
-0.113119
0.090303
0.356168
0.654885
0.792916
0.854719
0.952662
0.818978
0.649549
0.715479
0.657181
0.652490
0.619825
0.676206
0.584123
0.320158
0.170306
0.313509
0.379807
0.628050
0.724623
0.757466
0.566150
0.427795
0.050294
0.047876
-0.070513
-0.396535
-0.645132
-1.037125
-1.547924
-1.775778
-1.645456
-1.264490
-0.698919
-0.638539
-0.631848
-0.724756
-0.749883
-0.847815
-0.452121
-0.082136
0.096810
0.412969
0.802866
1.361035
1.693509
1.619321
1.231617
0.567055
0.135696
-0.171305
0.085397
0.370574
0.582569
0.586077
0.173255
-0.117046
-0.531318
-0.674949
-0.932432
-0.670640
-0.585969
-0.701935
-0.805506
-0.736453
-0.790162
-0.822392
-0.730743
-0.556001
-0.328852
-0.254560
-0.049633
0.285634
0.741119
0.580705
0.242040
0.349198
0.017865
-0.167016
-0.169030
0.340268
0.288335
0.385126
0.162245
0.261666
0.201258
0.217453
0.548480
0.905559
0.925096
1.093601
0.924656
0.478144
-0.045099
-0.553877
-1.107005
-1.176596
-0.963676
-0.903608
-0.562230
-0.597072
-1.038545
-1.329444
-1.378381
-1.184445
-0.643375
-0.036128
0.431063
0.919746
0.885864
0.731403
0.606427
0.666381
0.336757
0.401508
0.324367
0.555911
0.408824
0.271735
0.196984
0.268721
0.145816
0.011120
0.120942
0.162478
0.355441
0.493723
0.448913
0.386744
0.009452
-0.587333
-1.073345
-1.442758
-1.370068
-1.033022
-0.617461
-0.077548
0.179231
0.365963
0.483497
0.650695
0.635161
1.011378
0.983224
0.788404
0.720584
0.427581
0.038761
-0.275627
-0.433274
-0.514113
-0.626780
-0.410616
-0.064380
-0.026342
0.005632
0.043295
0.101262
-0.110922
0.021991
-0.151229
0.029559
0.028540
0.288438
0.392779
0.555025
0.755577
0.888794
0.693462
0.449405
0.074015
-0.340221
-0.689797
-0.758819
-0.654542
-0.465805
-0.282610
-0.121823
-0.214571
0.054786
0.039757
0.005860
0.137133
0.403014
0.314339
0.246720
0.116450
-0.342998
-0.669985
-1.006314
-1.094039
-0.876708
-0.531704
-0.461996
-0.205771
0.175854
0.291525
0.198536
0.613162
0.431380
0.602682
0.708272
0.997365
0.982105
1.237809
0.964300
0.485561
0.021090
-0.020935
-0.083514
0.006954
0.075578
0.348592
0.179930
0.141678
0.136394
0.183231
-0.198509
-0.473411
-0.762881
-0.833204
-1.173388
-0.910212
-0.511766
-0.332110
-0.345792
0.041239
0.127668
-0.331958
-0.369442
-0.554500
-0.526957
-0.242368
0.059582
0.441401
0.668333
0.894377
0.838455
0.838696
0.862197
0.881515
0.547782
0.552967
0.697950
0.517508
0.331472
0.121955
-0.033573
-0.357633
-0.713160
-0.988841
-0.968618
-1.326078
-1.404223
-1.297238
-1.092102
-0.712277
-0.661519
-0.306438
0.316066
0.602946
0.880715
1.181785
1.195486
0.660163
0.551622
0.108384
-0.129523
-0.295980
-0.133180
-0.085169
-0.162864
-0.182637
-0.167762
-0.333209
-0.292322
-0.393809
-0.387396
-0.198687
-0.096311
-0.396118
-0.496141
-0.560087
-0.185342
-0.220701
0.105409
0.447943
0.847342
0.555972
0.530552
0.178380
-0.035742
-0.396444
-0.348735
-0.548822
-0.480749
-0.290969
-0.237489
-0.502335
-0.370547
-0.374497
-0.279064
-0.062094
0.029040
0.164650
0.203621
0.171390
0.010138
0.153793
0.472316
0.448581
0.594042
0.608599
0.267826
-0.257506
-0.427378
-0.654905
-0.712690
-0.719090
-0.798807
-0.559988
-0.579756
-0.847715
-1.050971
-0.894719
-0.624560
-0.260169
0.265364
0.967921
0.974213
0.999408
0.713512
0.723788
0.414525
0.397369
0.309314
0.589722
0.574125
0.366345
0.303390
0.365309
0.247717
0.222326
0.378949
0.351111
0.022771
-0.251710
-0.415654
-0.633182
-0.470425
-0.352110
-0.216008
-0.153826
-0.210430
-0.495592
-0.544537
-0.752334
-0.879088
-0.913125
-0.775870
-0.689534
-0.408345
-0.138009
0.285778
0.525936
0.664988
0.713170
0.536009
0.591538
0.713472
0.746486
0.818356
0.979244
0.991781
0.890503
0.776049
0.664248
0.398201
0.325833
0.157473
0.126010
0.055733
0.083243
-0.150487
-0.182843
-0.186864
-0.450785
-0.587380
-0.664660
-0.836421
-1.051170
-1.038004
-0.942645
-1.019300
-0.831384
-0.752632
-0.351953
-0.006111
0.552583
0.831679
1.128483
1.104442
1.029129
0.891101
0.762732
0.630860
0.498941
0.572652
0.524688
0.719160
0.612986
0.609869
0.472270
0.185329
0.016998
-0.160488
-0.369894
-0.553203
-0.384417
-0.657622
-0.392888
-0.316998
-0.458556
-0.834980
-0.873092
-1.547808
-1.603825
-1.533597
-1.301181
-1.124323
-0.572088
-0.554557
-0.506559
-0.311393
-0.116637
0.074120
0.777324
0.928511
0.865594
0.597737
0.643576
0.345303
0.659645
1.154624
1.366586
1.442297
1.165694
0.807750
0.396881
0.219224
-0.048724
-0.204305
-0.187332
-0.174815
-0.137081
-0.193380
-0.154268
-0.260127
-0.781108
-1.067620
-1.046771
-1.112870
-1.116549
-0.720837
-0.390567
-0.337884
-0.528784
-0.750338
-0.856777
-0.680643
-0.506172
-0.033184
0.725656
1.215071
1.165062
1.231391
1.487668
1.383208
1.283967
1.216171
1.349102
1.149208
0.819583
0.384469
0.182002
-0.194610
-0.571247
-0.907143
-0.838790
-0.753949
-0.741072
-0.475022
-0.349595
-0.395038
-0.450573
-0.487019
-0.562927
-0.224467
0.038937
-0.048361
-0.038329
-0.024156
-0.117303
-0.132579
0.031390
-0.073228
-0.328863
-0.580112
-0.741160
-0.420518
0.254036
0.805148
1.298063
1.512736
1.379044
1.021889
0.682737
0.327073
-0.015098
-0.307177
-0.542459
-0.607739
-0.586662
-0.684243
-0.793265
-0.960500
-0.988159
-1.048305
-0.855451
-0.571941
-0.314974
-0.201991
0.176557
0.482582
0.768379
0.912209
1.362686
1.537442
1.421387
1.206157
1.088100
0.667587
0.263012
0.159977
0.143475
-0.030172
0.064866
-0.006557
-0.061246
-0.286123
-0.257938
-0.424091
-0.630618
-0.854637
-1.073643
-1.349033
-1.488784
-1.434390
-1.318314
-1.210669
-0.977629
-0.726028
-0.564620
-0.329029
0.128129
0.378442
0.581654
0.836695
1.013254
0.964687
1.004897
1.007038
1.093148
1.009167
0.978539
0.865607
0.556116
0.242221
0.131593
0.073546
-0.073535
-0.259149
-0.211341
-0.242555
-0.448652
-0.462175
-0.449914
-0.612489
-0.956760
-0.956092
-0.853615
-0.534612
0.176435
0.463593
0.728979
0.938439
1.078745
0.633381
0.395667
0.582918
0.532264
0.632214
0.571371
0.936793
0.728884
0.501333
0.352148
-0.051387
-0.278607
-0.485667
-0.281351
-0.428576
-0.327772
-0.424281
-0.514760
-0.829623
-0.747781
-0.460856
-0.179501
0.129354
0.426502
0.630684
0.602349
0.463358
0.155424
-0.130852
-0.770827
-1.108922
-0.976595
-0.867196
-0.530594
-0.311972
0.004060
-0.033902
0.070508
-0.026395
-0.020247
0.029717
0.284539
0.541942
0.714252
0.921757
0.879190
0.397452
0.159289
-0.051237
-0.256487
-0.635172
-0.335701
-0.334017
-0.622418
-0.675686
-0.493353
-0.436928
-0.457292
-0.146287
0.177536
0.467373
0.163918
0.310562
0.309371
0.226326
0.310402
0.639845
0.741948
0.752514
0.918971
0.925819
0.781187
0.562887
0.242616
0.197514
0.194343
0.291116
-0.058779
-0.022665
-0.307643
-0.567481
-0.746006
-0.726251
-0.700680
-0.725480
-0.841104
-1.153109
-0.925740
-0.840781
-0.817273
-0.531947
-0.134274
0.140986
0.346535
0.388502
0.414487
0.640460
0.458762
0.587685
0.867708
0.892760
0.596705
0.397666
0.206241
0.006358
0.011639
-0.260289
-0.171426
-0.260028
-0.306845
-0.387086
-0.067670
-0.105063
-0.224748
-0.413938
-0.513856
-0.759848
-0.798345
-0.563446
-0.199484
-0.022014
0.150212
0.147784
-0.114956
-0.351833
-0.638221
-0.706279
-0.508981
-0.168026
0.183707
0.575923
0.876736
1.030583
0.838985
0.759693
0.379397
0.050118
-0.193106
-0.169564
-0.286742
0.148467
0.468223
0.288714
0.198311
0.049339
-0.611854
-1.058379
-0.968206
-0.724061
-0.480076
-0.028587
0.202477
0.369763
0.209562
0.191115
0.237974
0.437753
0.573162
0.695495
0.647339
0.681790
0.312913
-0.060948
-0.285356
-0.405132
-0.410697
-0.318454
-0.166557
0.051316
0.007544
0.016562
0.446669
0.677757
0.521416
0.565494
0.296208
-0.126908
-0.464952
-0.518124
-0.624637
-0.692277
-0.614160
-0.586984
-0.554791
-0.550972
-0.640611
-0.873300
-0.698732
-0.397816
0.038627
0.404310
0.899339
1.129350
0.934775
0.751019
0.623908
0.462669
-0.014492
-0.219303
-0.242735
-0.324006
-0.319824
-0.124681
0.059567
-0.092628
0.038892
0.139563
-0.121283
-0.602380
-1.031253
-1.344183
-1.576402
-1.271577
-0.714989
-0.147321
0.450946
0.900541
0.806822
1.220404
1.201471
1.326524
0.804695
0.497901
0.088612
0.140863
-0.067265
0.032698
0.572860
0.609070
0.558909
0.587464
0.276238
0.298548
0.222968
0.278997
0.067262
0.216176
-0.106716
-0.563624
-0.803228
-0.961703
-1.092319
-1.243238
-1.122722
-1.101208
-1.222070
-1.079139
-0.872549
-0.422125
-0.184088
0.348177
0.690834
0.885538
0.865707
1.012075
1.109767
1.436417
1.339860
1.182874
0.810905
0.494771
-0.038035
-0.134966
-0.088040
0.004865
-0.142171
-0.024297
0.009093
-0.167388
-0.396510
-0.622369
-0.804490
-0.704891
-0.692687
-0.505382
0.075610
0.268191
0.093763
0.455434
0.690182
0.347884
0.233243
0.203166
0.319437
0.375968
0.611244
0.823071
1.147469
1.099564
0.944965
0.801923
0.558967
0.397735
-0.146738
-0.438537
-0.636084
-0.923787
-1.214368
-1.375358
-1.290614
-1.268044
-1.270216
-1.136436
-0.627807
-0.458035
-0.363837
-0.101828
0.157484
0.094914
0.237263
0.442417
0.751186
0.732444
0.689368
0.598722
0.570486
0.820807
0.772382
0.840138
1.008115
0.995155
0.696552
0.762626
0.651960
0.088423
-0.344762
-0.831709
-1.095144
-1.261855
-1.116145
-0.965634
-0.781729
-0.756530
-0.380296
-0.348592
-0.107518
0.144605
0.187662
-0.138942
-0.277858
-0.623318
-0.692831
-0.635415
-0.385705
-0.109804
0.298084
0.312045
0.475036
0.678724
0.726747
0.887604
1.000935
0.922196
0.693795
0.661646
0.474125
0.138981
0.087114
-0.096501
-0.174353
-0.392459
-0.412961
-0.661286
-0.664601
-0.717075
-0.907738
-0.998449
-0.801718
-0.649523
-0.468431
-0.322425
0.076914
0.217675
0.480234
0.687427
0.990062
1.045718
1.000349
0.844139
0.718051
0.642356
0.720139
0.651460
0.460440
0.203982
-0.246318
-0.704486
-0.845833
-0.971475
-1.046218
-0.934013
-1.012217
-1.229131
-1.292745
-1.543117
-1.350528
-1.046078
-0.387419
-0.078618
0.210556
0.484906
0.559619
0.259090
0.105851
0.164646
0.104100
-0.086002
-0.102386
0.020890
0.194832
0.406513
0.629282
0.931781
1.023313
0.921615
0.711862
0.578431
0.583744
0.664061
0.721523
0.638938
0.358208
-0.128901
-0.781211
-1.061932
-1.301167
-1.143235
-0.790648
-0.415414
-0.254728
-0.090026
0.094486
0.054885
0.266843
0.531532
0.783752
1.095885
1.103909
1.032394
0.736977
0.386562
0.147570
-0.138140
-0.344256
-0.334658
-0.496882
-0.845818
-0.916225
-0.947291
-0.961835
-0.804838
-0.521248
-0.375684
-0.232718
-0.160788
-0.041234
-0.111292
0.202104
0.421918
0.773196
1.012765
1.224283
1.152926
1.123545
0.803194
0.506508
0.186188
-0.118458
-0.459651
-0.618353
-0.762790
-0.829721
-0.893816
-0.871730
-0.835321
-0.791967
-0.514202
-0.312321
-0.091867
0.053835
0.207495
0.447044
0.828446
1.046086
1.205435
1.386398
1.093107
0.636714
0.240402
0.079982
-0.353624
-0.239658
0.003585
0.043436
-0.061734
-0.094217
-0.378725
-0.595400
-0.622681
-0.709317
-0.710819
-0.678413
-0.486312
-0.243210
0.049307
0.210919
0.314477
0.103088
0.249121
0.079444
0.137567
0.473854
0.770985
0.883404
0.914617
1.083176
0.868392
0.543751
0.276328
0.133041
-0.191199
-0.546771
-0.613072
-0.873124
-0.922648
-0.651465
-0.230623
-0.106584
-0.045069
0.379403
0.142514
-0.128147
-0.263382
-0.023473
-0.205445
0.068299
-0.185524
0.251736
0.052907
0.027962
-0.135089
0.134222
-0.159816
-0.198305
-0.052973
-0.024671
-0.097372
-0.047887
-0.250411
-0.740102
-0.858503
-0.847408
-0.894911
-0.462378
0.202464
0.521362
0.921113
1.021646
1.048922
0.803627
0.748101
0.633610
0.575730
0.467253
0.488789
0.283198
0.134314
-0.121562
-0.350506
-0.540589
-0.586201
-0.521120
-0.721098
-0.395175
-0.531400
-0.380136
-0.351019
0.237422
0.234673
0.622830
0.767955
0.848494
0.862042
0.569676
0.126254
-0.247157
-0.377700
-0.404422
-0.113584
0.174266
0.407086
0.129932
-0.182545
-0.572785
-0.773596
-0.888651
-0.919038
-1.135167
-0.506422
-0.237856
-0.024045
0.389124
0.779560
0.439171
0.389026
0.175637
-0.019855
-0.127257
-0.088545
-0.250085
-0.384263
-0.373944
-0.148941
-0.163276
-0.140756
0.221187
0.286636
-0.167604
-0.588559
-0.604119
-0.620282
-0.977467
-0.756662
-0.711411
-0.802699
-0.890035
-1.091570
-1.030356
-0.707008
-0.849107
-1.249395
-0.873168
-0.817041
-0.863437
-0.604252
0.019717
0.365012
0.625582
0.650439
0.457243
0.238250
0.057789
-0.131103
0.003369
0.526500
0.614629
0.724615
0.836672
0.879422
0.983525
1.203195
1.183376
1.092793
0.761131
0.197431
-0.344848
-0.535972
-0.658756
-0.680548
-0.539161
-0.436014
-0.486917
-0.586344
-0.614490
-0.770543
-0.902732
-0.964507
-0.781481
-0.838683
-0.714015
-0.403643
-0.012038
0.071593
0.598435
1.035482
1.026588
1.139354
0.902350
0.478196
0.220682
0.061343
-0.291636
-0.224322
0.116343
0.292130
0.634674
0.691958
0.673054
0.605507
0.258768
-0.127144
-0.231071
-0.404569
-0.799181
-0.885301
-0.848471
-0.977698
-1.159424
-0.896385
-0.720532
-0.575112
-0.062641
0.614271
0.903805
1.194278
1.251465
0.925461
0.838459
0.738238
0.432679
0.466192
0.581339
0.365478
0.058570
-0.133072
-0.437118
-0.797492
-0.878039
-1.008555
-0.714756
-0.434942
-0.064106
0.018351
0.267242
0.018889
-0.508109
-1.056260
-1.064278
-1.035448
-0.778646
-0.444310
0.020688
0.282865
0.301772
0.270382
0.503300
0.792631
0.721279
0.917847
1.132626
0.837293
0.667607
0.706224
0.674373
0.552577
0.568840
0.408022
0.043251
-0.017200
-0.499694
-0.799077
-0.714394
-0.724364
-0.991796
-0.623236
-0.433207
-0.464849
-0.198102
0.202450
0.107839
0.464821
0.505223
0.534606
0.529348
0.664750
0.656402
0.641453
0.786036
0.664461
0.371242
-0.061763
-0.577925
-0.700289
-0.824353
-0.647539
-0.364774
-0.093671
-0.397954
-0.373008
-0.445896
-0.528372
-0.547084
-0.273742
-0.432323
-0.225152
-0.147949
-0.128324
-0.136434
0.156260
0.243710
0.516659
1.306108
1.764841
1.682529
1.713809
1.381144
0.756492
-0.112320
-0.350656
-1.081518
-1.169631
-1.353958
-1.137695
-1.049417
-0.427438
-0.290843
-0.156458
-0.121199
-0.168533
-0.018119
0.168892
0.649909
0.725851
0.895047
0.786237
0.527494
0.581562
0.541926
0.748528
0.479715
0.786502
0.449354
0.277170
0.060532
0.002293
-0.292963
-0.629289
-0.665875
-0.700008
-0.619952
-0.397571
-0.131378
0.072364
0.067804
0.155876
-0.097759
-0.447462
-0.839950
-1.117299
-1.496925
-1.606943
-1.323525
-0.580594
-0.515880
-0.170164
0.168491
0.516842
0.367197
0.802366
1.059142
1.032867
0.910070
0.956495
0.830331
0.838551
0.720281
0.530665
0.277342
0.181461
0.087502
0.048177
-0.102888
-0.293609
-0.459297
-0.486961
-0.490147
-0.177564
-0.156012
-0.043162
-0.404576
-0.616493
-0.702942
-0.949477
-1.036392
-0.889286
-0.460749
-0.422129
0.051582
0.274844
0.070353
-0.071031
-0.150746
0.012333
0.163054
0.248911
0.444927
0.426194
0.388985
0.289323
0.436726
0.355049
0.054361
-0.123046
-0.443283
-0.582427
-0.604667
-0.641370
-0.503582
-0.198568
0.148522
0.259118
0.265246
0.146450
0.028612
-0.082991
-0.444007
-0.288217
-0.046433
-0.023128
0.134441
0.165727
0.313972
0.184265
0.096783
-0.116123
0.080913
0.347481
0.455323
0.648789
0.803388
0.685318
0.442899
0.420035
0.329225
0.253443
0.172452
0.041771
-0.511247
-0.628101
-1.209817
-1.645045
-1.767954
-1.277506
-1.067233
-0.532859
0.325347
0.746137
0.924759
1.049410
1.302278
1.187520
1.098557
0.862574
0.318752
-0.266638
-0.428247
-0.695038
-0.729069
-0.357643
0.051024
0.142497
0.191416
0.179755
-0.094733
-0.386643
-0.465141
-0.486057
-0.548304
-0.563869
-0.469547
-0.477588
-0.940159
-1.286944
-1.306360
-1.263641
-1.238192
-0.737665
-0.004584
0.446064
0.939121
0.897361
1.219813
0.996345
0.708918
0.446089
0.355540
0.387059
0.333649
0.108128
-0.108848
-0.022235
0.056909
0.226781
0.748752
1.134766
0.702475
0.307016
0.082109
-0.189469
-0.470841
-0.022603
-0.038275
-0.265087
-0.233062
-0.376074
-0.327817
-0.125677
0.115717
0.362054
0.517547
0.613651
0.359410
0.134920
-0.260658
-0.102287
0.209110
0.358113
0.819097
1.106372
0.704093
0.075098
-0.071120
-0.501973
-0.824087
-0.844267
-0.778890
-0.764162
-0.629114
-0.642650
-0.415784
-0.285120
-0.217868
-0.164145
-0.222595
-0.412587
-0.326045
-0.077546
0.383346
0.754886
1.277547
1.268497
1.217646
0.908573
1.105799
0.931381
1.018976
0.969760
0.801190
0.483096
0.367942
0.142225
0.079282
-0.029547
-0.169149
-0.320524
-0.343556
-0.512820
-0.583937
-0.522096
-0.738017
-1.042945
-1.182155
-1.070378
-1.205070
-0.811662
-0.622877
-0.534706
-0.644589
-0.657816
-1.099440
-1.047909
-0.626642
-0.325631
-0.076517
0.418900
0.779601
0.503603
0.497621
0.626194
0.571379
0.393703
0.430221
0.446498
0.462844
0.421393
0.594201
0.536960
0.673596
0.190702
0.224143
0.075996
-0.093298
-0.132136
0.118846
0.023712
-0.061901
0.206593
-0.029231
-0.314589
-0.566300
-1.075515
-1.403825
-1.682371
-1.050729
-0.649267
-0.177602
0.128277
0.435139
0.168947
0.244333
0.731506
1.043557
1.249396
1.304930
1.064532
0.475170
0.104356
-0.241848
-0.449530
-0.367882
-0.124285
-0.005600
0.111718
0.240779
0.123742
0.008539
-0.063173
-0.239326
-0.506405
-0.731055
-0.982460
-1.234330
-1.314523
-1.171692
-0.740402
-0.261487
0.161803
0.672953
1.049380
0.899061
0.706284
0.661754
0.608111
0.497883
0.568991
0.725824
0.612624
0.508577
0.316499
0.370058
0.293084
0.454947
0.580933
0.498132
0.078272
-0.253057
-0.568815
-0.931374
-1.117939
-1.144779
-1.147931
-1.110125
-0.950835
-0.749838
-0.376314
-0.024477
0.276298
0.312387
0.492282
0.842464
0.752876
0.665545
0.699255
0.998398
0.960792
0.833221
0.571212
0.292279
-0.237988
-0.646951
-0.669305
-0.677318
-0.662077
-0.631369
-0.769717
-0.515214
-0.235195
-0.307148
0.009930
0.091847
0.158191
-0.007003
0.207179
-0.001189
0.201889
0.132902
0.126748
0.113569
0.119872
-0.091680
-0.209204
-0.124805
-0.009705
0.136648
0.308694
0.388814
0.469487
0.658194
0.823645
0.938857
1.020974
0.695034
0.303067
-0.236384
-0.564253
-0.897688
-0.872049
-0.947982
-0.737751
-0.768198
-0.832082
-0.830183
-0.769578
-0.912869
-0.738800
-0.481986
-0.243932
0.036325
0.310363
0.515426
0.592641
0.719813
0.627595
0.793595
0.865312
1.005754
0.915977
1.000515
0.825537
0.317419
-0.192611
-0.449332
-0.721753
-0.812639
-0.804280
-0.561859
-0.335345
-0.431658
-0.470175
-0.304723
-0.212201
-0.242606
-0.064148
-0.084670
-0.336526
-0.436417
-0.059071
0.229294
0.527526
1.058187
1.213359
0.599748
0.442296
0.352035
0.111968
0.066514
0.288948
0.601311
0.210775
0.135467
-0.035467
0.122040
-0.098163
0.045011
0.077018
0.138584
-0.144415
-0.196125
-0.140204
0.074866
-0.108141
0.413383
0.879593
0.289436
-0.085808
-0.118493
-0.662855
-1.644176
-1.271613
-1.124924
-1.027578
-0.892444
-0.099093
0.613142
1.304305
1.697938
1.764347
1.232982
0.905692
0.315753
-0.060777
-0.161033
-0.146243
-0.324589
-0.434978
-0.506531
-0.649026
-0.460657
-0.368988
-0.401499
-0.155411
0.149422
0.181810
0.132600
0.347228
0.196991
-0.055599
-0.549189
-0.860120
-1.238150
-1.358403
-0.849675
-0.636010
-0.613437
-0.600848
-0.471139
-0.917220
-0.587945
0.004013
0.686898
1.075924
1.242815
1.189608
1.408621
0.875940
0.286359
-0.197053
-0.366576
-0.938521
-0.580167
-0.290081
0.216355
0.385368
0.576711
0.481414
0.392586
0.320039
0.104926
-0.151488
0.001429
0.066882
0.144165
0.274124
0.329254
-0.116890
-0.129385
-0.188836
-0.014368
0.695266
1.055958
1.244908
1.138507
1.119604
0.451350
0.287775
0.326064
0.584065
0.295942
0.295268
0.207771
0.131131
-0.269910
-0.400801
-0.282755
-0.670634
-0.679000
-0.720564
-0.363985
-0.491742
0.270035
0.253325
0.450672
0.269058
0.110680
-0.403920
-0.599864
-0.453690
-0.254190
0.118114
0.437905
0.671184
0.172687
-0.099739
-0.321472
-0.497624
-0.684485
-0.476075
-0.200582
-0.434838
-0.510901
-0.489355
-0.357448
-0.527335
-0.068015
0.325890
0.685086
0.965123
1.259999
1.227487
1.419872
1.148472
0.994134
0.900159
0.687490
0.259592
0.215880
0.004817
-0.507560
-0.620508
-1.133643
-1.418612
-1.790864
-1.669601
-1.426947
-0.959214
-0.675844
-0.172269
0.121499
0.203705
0.343577
0.591469
0.645722
0.613518
0.595347
0.627888
0.634265
0.940363
1.274500
1.515279
1.241991
1.160812
0.869587
0.506265
-0.107912
-0.246142
-0.656218
-1.036917
-1.137372
-1.077651
-1.070370
-1.034623
-0.809252
-0.793012
-0.595758
-0.292700
-0.342632
-0.499648
-0.268299
-0.386802
-0.441849
-0.212562
-0.144387
-0.286793
-0.355598
-0.367154
0.025416
0.516166
0.658598
0.861723
1.099872
0.722020
0.451612
0.451612
0.542680
0.267258
-0.071934
-0.221571
-0.454801
-0.633528
-0.869881
-0.780768
-0.968331
-1.174257
-1.013396
-0.634624
-0.359806
-0.184223
-0.262554
-0.281090
-0.237021
0.136673
0.764514
1.397266
1.472078
1.378544
0.942384
0.628178
0.361499
0.146545
0.184834
0.231855
0.013810
0.053253
-0.011155
-0.414425
-0.789838
-1.058448
-1.379841
-1.464359
-1.495052
-1.447503
-1.434570
-1.324089
-1.067201
-0.789654
-0.323105
0.093785
0.629937
0.700472
1.265493
1.457726
1.697832
1.684371
1.601015
1.141732
0.811666
0.492209
0.003558
-0.116636
-0.436983
-0.653432
-0.867862
-0.806580
-0.836118
-0.520688
-0.323658
0.082310
0.049879
-0.072808
-0.095100
-0.006617
-0.249748
-0.219590
0.383021
0.897160
0.930242
0.815302
0.807104
0.331887
-0.269972
-0.289972
0.111442
0.585981
1.016554
1.595306
1.778138
0.843319
0.198909
-0.414928
-1.080420
-1.226627
-0.568034
-0.081847
0.186900
0.281045
0.169536
-0.018460
-0.150143
-0.193995
-0.116123
-0.058517
-0.058517
-0.150643
-0.122349
-0.172183
-0.465423
-0.628945
-1.006584
-1.161467
-1.306641
-1.130344
-0.924948
-0.671774
-0.209153
0.337201
0.740720
1.198074
1.688967
1.722602
1.701553
1.540052
1.339522
0.858895
0.472666
0.098623
-0.109587
-0.354167
-0.472292
-0.512802
-0.459365
-0.528167
-0.471647
-0.402149
-0.306312
-0.519993
-0.667893
-0.825592
-0.368843
-0.222573
-0.160727
0.251425
0.380431
0.120086
0.964118
1.176737
1.018904
0.949214
0.818298
-0.240098
-0.156859
-0.219920
0.342905
0.532240
0.504600
0.280362
0.291032
-0.384896
-0.641591
-0.730457
-0.653758
-0.479489
-0.483696
-0.292659
-0.539226
-0.408021
-0.559480
-0.320783
-0.268833
0.467847
0.589860
0.548020
0.890802
1.399843
0.868097
0.430869
0.556212
0.169819
-0.626953
-0.594869
-0.381036
-0.627852
-0.382444
-0.034311
0.129425
0.162284
0.149604
-0.010516
-0.536012
-0.582076
-0.585331
-0.275739
-0.221957
0.172143
0.395740
0.212027
0.019522
-0.153345
-0.011262
-0.166553
-0.289706
-0.617328
-0.669813
-0.962718
-0.937314
-0.230753
0.319573
0.312145
0.506026
0.658953
0.021566
-0.171979
-0.208346
0.163566
0.376542
0.877810
1.004622
1.156934
0.577216
0.310349
-0.325354
-0.778870
-1.013937
-0.882773
-1.296860
-0.791887
-0.267731
0.012121
0.402470
0.874029
0.860939
1.099123
1.211651
0.807412
0.766301
0.590107
0.046926
0.224819
0.286953
0.093590
0.118503
0.338750
-0.068247
-0.137292
-0.104874
-0.172072
-0.859140
-0.841834
-0.766050
-0.956025
-1.077556
-0.713323
-0.678273
-0.574743
-0.425661
-0.420787
-0.133700
0.089241
0.162148
0.629097
0.667091
0.471806
0.178655
-0.163506
-0.365860
-0.240248
-0.197191
-0.449388
-0.357885
-0.689032
-0.915100
-0.815727
-0.516762
-0.287309
-0.245603
-0.226755
-0.052567
0.331642
0.460338
0.769707
1.243159
1.421667
1.170559
0.936433
0.900685
0.646632
0.151117
-0.097053
-0.202720
-0.437718
-0.444835
-0.132218
0.083281
0.067576
-0.097064
-0.245557
-0.568153
-0.527752
-0.598661
-0.430091
-0.361827
-0.247171
-0.278146
-0.229970
-0.132831
-0.028795
0.181443
0.318302
0.548281
0.716164
0.825122
0.786137
0.881861
0.847598
0.876508
0.578823
0.589284
0.487462
0.129695
-0.173195
-0.300955
-0.717151
-1.345062
-1.645686
-1.796002
-1.608654
-1.185437
-0.691699
-0.196453
0.107084
0.210548
0.193065
0.062722
0.201313
0.238865
0.275867
0.523435
0.908539
0.960500
1.021483
0.910623
0.467584
-0.022493
-0.284161
-0.523388
-0.549758
-0.624735
-0.788002
-0.550962
-0.544233
-0.273650
-0.028617
0.509211
0.697348
0.876164
1.286573
1.047233
0.811585
0.198956
-0.143572
-0.870298
-1.012337
-0.917090
-0.764501
-0.568694
-0.590501
-0.426100
-0.510321
-0.226923
0.008435
0.081790
0.226507
0.522468
0.298247
-0.154485
-0.374889
-0.254380
-0.328302
-0.270064
0.098762
0.177225
0.053224
-0.314201
-0.399620
-0.632980
-0.620810
-0.834092
-0.723831
-0.573870
-0.292047
0.043548
0.231112
0.426130
0.838491
0.690439
0.527215
0.925033
1.268334
1.507729
1.632518
1.747629
1.374625
0.807514
0.428496
0.263052
-0.019089
-0.388145
-0.765801
-1.185176
-1.537102
-1.409986
-1.203612
-0.739837
-0.808632
-0.724957
-0.727713
-0.535746
-0.461211
-0.342599
-0.117318
0.155970
0.272875
0.251887
0.639260
1.054414
1.069481
1.239115
1.376253
0.960644
0.855346
0.669111
0.098280
-0.258592
-0.527160
-0.609446
-0.794133
-0.498144
-0.228697
0.202062
0.091737
0.197666
0.095313
0.109455
0.126604
0.292478
0.476443
0.774172
0.568614
0.387241
0.156465
-0.299782
-0.768501
-0.946560
-1.080135
-1.173933
-1.249701
-1.408365
-1.231355
-0.978073
-0.772937
-0.117004
0.428675
0.693006
0.795571
0.880035
0.711728
0.512090
0.293076
0.300475
-0.018208
-0.051098
-0.126939
0.011589
-0.058124
-0.007288
-0.165241
-0.298172
-0.508069
-1.045811
-1.336410
-1.288789
-0.935514
-0.596335
-0.062285
0.673850
1.288306
1.518246
1.744068
1.889184
1.874382
1.433728
1.034838
0.564210
0.546459
0.085282
-0.014873
0.156630
0.269249
0.163764
0.299289
0.228249
-0.052295
-0.452575
-0.744099
-0.784013
-0.950202
-1.066805
-0.798394
-0.809142
-0.951138
-0.921238
-0.758494
-0.595245
-0.298580
-0.288469
-0.239696
0.024315
0.263058
0.407634
0.525948
0.751118
0.709361
0.262058
0.174613
0.361393
0.426039
-0.114024
-0.320285
-0.226823
-0.309634
-0.480906
0.148833
0.642417
0.501705
0.356351
0.591622
0.212736
-0.027703
-0.198507
-0.203889
-0.527250
-0.154595
-0.501697
-0.389785
-0.448432
-0.235753
-0.421022
-0.113218
-0.205061
0.269577
0.247374
0.343860
0.599966
1.139118
1.140656
1.161535
0.920604
0.806801
0.416229
0.309927
0.051785
0.134378
-0.062068
-0.359718
-0.750733
-0.660791
-0.968688
-1.272506
-0.928723
-0.720598
-1.047912
-0.707393
-0.401372
-0.438747
-0.177812
0.475453
0.924830
1.206450
0.840808
0.519163
0.245206
-0.192565
-0.292282
-0.222362
-0.077392
-0.278245
-0.312104
-0.523877
-0.329090
-0.621554
-0.364003
-0.513139
-0.344256
-0.323199
0.061606
-0.081044
-0.087128
-0.111983
-0.308063
-0.676154
-0.673116
-0.437451
-0.112703
0.470010
0.882503
1.171783
1.061231
0.958699
0.553782
0.248638
-0.028286
-0.123280
-0.214918
-0.078335
0.129278
0.399151
0.669586
0.706751
0.525661
0.778457
0.609736
0.501482
0.309177
0.309787
-0.192789
-0.430445
-0.595782
-0.946647
-1.107046
-1.189990
-1.291254
-1.074367
-0.736047
-0.377517
-0.021521
0.311674
-0.008517
-0.096093
-0.204755
-0.189010
-0.092215
0.318255
0.938191
1.259319
1.062319
1.036774
1.110171
0.786238
0.753817
0.938299
0.949272
0.599107
0.339958
-0.082361
-0.353207
-0.627225
-0.872334
-0.930549
-0.987590
-1.092469
-1.031982
-0.935997
-1.095407
-1.154139
-1.097498
-1.094503
-0.884796
-0.413189
-0.210160
0.126178
0.361494
0.560020
0.379294
0.466175
0.288587
0.243852
0.419013
0.847542
0.729023
0.892227
0.812761
0.442256
0.252479
0.421993
0.258263
0.172920
0.390937
0.159636
0.026014
0.126943
0.054175
-0.424998
-0.713491
-0.980560
-1.184228
-1.147619
-0.619933
-0.516657
-0.190837
0.035665
0.335581
0.407353
0.857870
1.139916
0.975047
0.843469
0.350522
0.000674
0.023756
0.154696
0.197556
0.388399
0.612939
0.273602
0.086862
-0.179871
-0.396815
-0.529820
-0.465688
-0.440154
-0.561540
-0.676969
-1.030928
-1.211137
-1.358371
-1.299156
-1.010441
-0.688552
-0.365673
-0.101604
0.302759
0.523224
0.857722
0.968859
1.100481
0.990664
1.199122
1.303960
1.308734
1.215463
1.082992
0.858332
0.367065
-0.072626
-0.231304
-0.494544
-0.825305
-1.085253
-1.136919
-1.072307
-0.806639
-0.604893
-0.102731
0.045060
0.167346
0.160118
0.303929
0.409729
0.424987
0.021760
0.063573
-0.154768
-0.712179
-0.890596
-0.696362
-0.581386
-0.471387
-0.203046
-0.004280
0.039276
0.281629
0.538512
1.074901
1.463523
1.749585
1.682228
1.422530
1.142257
0.556111
0.208950
-0.276088
-0.417434
-0.721708
-0.727819
-0.678718
-0.425629
-0.620746
-0.774523
-0.967206
-0.894248
-1.220378
-1.167277
-0.887578
-0.456268
-0.560742
-0.271182
0.153262
0.331275
0.297072
0.542561
0.680159
0.746549
0.773119
0.972235
0.946460
1.046900
0.997744
0.662077
0.603477
0.515217
0.488971
0.338860
0.334740
0.229241
-0.013315
-0.370299
-0.558719
-0.506112
-0.682752
-0.575558
-0.527347
-0.470222
-0.513478
-0.551098
-0.751770
-0.772436
-0.733725
-0.746643
-0.559177
-0.339097
-0.103494
0.254716
0.636896
0.823825
0.874852
1.065748
0.620429
0.355645
0.267272
0.399415
0.231178
0.304382
0.414833
0.392708
0.423049
0.500670
0.498317
0.245093
0.234296
-0.036522
-0.458287
-0.579918
-0.704751
-1.049878
-1.063874
-1.032770
-1.038317
-0.889525
-1.171253
-1.052838
-0.780352
-0.265501
0.138732
0.868854
1.136167
0.933620
0.490187
0.097000
-0.157274
-0.434308
-0.175468
0.110974
0.324130
0.625679
0.802333
0.809284
0.868285
0.788813
0.764484
0.500723
0.331979
0.130393
0.029604
-0.271607
-0.113298
-0.225376
-0.431572
-0.635270
-0.752771
-1.145739
-1.148387
-0.969416
-0.487579
-0.071374
0.319337
0.395315
0.589129
0.420717
0.112471
-0.034538
0.013180
-0.214010
-0.136720
-0.167412
-0.173321
-0.133883
0.048068
0.172458
0.470288
0.506763
0.784871
0.830195
0.908571
0.589155
0.776550
0.663422
0.367118
-0.215032
-0.450231
-0.755949
-1.061797
-1.121273
-1.049375
-0.981622
-0.878429
-0.914281
-0.659267
-0.405008
-0.187383
-0.185492
-0.123756
-0.017558
-0.004491
0.285111
0.614737
0.935458
1.051553
1.092266
1.201839
1.113912
1.007119
0.774991
0.761218
0.461205
0.263065
0.040256
-0.314047
-0.716111
-0.947875
-1.194280
-1.229388
-1.501115
-1.260647
-1.177627
-0.857593
-0.593984
-0.072251
0.114013
0.331616
0.324917
0.318274
0.506131
0.573966
0.638122
0.763588
0.834262
0.399608
0.122511
0.074469
0.103720
-0.262490
-0.184729
-0.025122
-0.092374
-0.401349
-0.579274
-0.604162
-0.816787
-1.101479
-1.128328
-0.767069
-0.431680
-0.396375
-0.165330
0.032724
-0.022373
-0.003967
0.158272
0.327968
0.515994
0.767178
0.907363
1.083935
1.243965
1.101094
0.983666
0.884964
0.689159
0.497079
0.508196
0.460658
0.521545
0.504899
0.315959
0.123972
-0.046970
-0.509165
-0.786264
-0.857097
-0.979843
-0.770486
-0.291171
0.320841
0.703742
0.837701
0.872059
0.516023
0.369635
0.133898
0.118281
-0.027790
0.211228
0.085352
-0.057503
-0.077824
-0.228696
-0.717500
-0.840603
-0.661147
-0.371031
-0.202182
-0.121371
-0.019361
0.037661
0.010537
0.216945
0.595525
0.709804
0.043868
-0.666600
-1.353488
-1.794272
-2.164839
-1.569888
-0.663033
-0.044532
0.483037
0.903677
1.019858
0.744456
0.744713
0.672946
0.549088
0.594141
0.573593
0.402936
0.467818
0.309754
0.163768
-0.034286
-0.121845
-0.414845
-0.435726
-0.257906
-0.139914
-0.039790
-0.304049
-0.839052
-1.000434
-1.043134
-0.869603
-0.043287
1.163452
1.844912
1.967805
1.693955
1.182470
1.046233
0.177247
0.002817
0.053115
0.026306
-0.236064
-0.247855
-0.015498
0.200734
0.426247
0.195469
0.031003
-0.289531
-0.297104
-0.319918
-0.298525
-0.277958
-0.095629
-0.680557
-1.424750
-1.895041
-2.060608
-2.400373
-2.019088
-1.230713
-0.710931
-0.395834
0.364459
0.882275
1.109519
1.022782
1.034750
0.737516
0.380063
0.146614
-0.001460
0.081667
-0.217428
-0.450085
-0.684543
-0.662769
-0.577291
-0.277128
-0.045187
0.224821
0.250036
0.051561
-0.143653
-0.097511
-0.018570
0.452659
0.729686
1.027255
1.155761
1.013900
0.919569
0.893842
0.802996
0.681054
0.358447
0.342049
0.107640
0.046170
0.130403
0.417442
0.348675
0.350185
0.246390
-0.047631
-0.415221
-0.667678
-0.468160
-0.422241
-0.421379
-0.429038
-0.300297
-0.742153
-0.978699
-0.764274
-0.350727
-0.317759
0.075055
0.264641
-0.071445
0.055847
0.345538
0.641953
1.176376
1.703501
1.670315
1.432016
0.995477
0.376444
0.017730
-0.285783
-0.499990
-0.486204
-0.635120
-0.882010
-1.199980
-1.027343
-1.113610
-0.947883
-0.769973
-0.398327
-0.601473
-0.492037
-0.292647
-0.031405
0.103123
0.389181
0.657288
0.853185
0.906426
1.193826
1.293946
1.348917
1.074873
1.004005
0.615044
0.380784
0.027113
0.016533
-0.032533
-0.140078
-0.342420
-0.289747
-0.299947
-0.430994
-0.524803
-0.566350
-0.642606
-0.664252
-0.895957
-1.000292
-1.026289
-1.061417
-1.244886
-0.832200
-0.344172
0.003525
0.235289
0.604698
0.629013
0.811295
1.179739
1.518945
1.668445
1.456708
1.021022
0.435486
-0.014180
-0.344808
-0.433159
-0.459947
-0.329348
-0.256923
-0.279873
-0.192782
0.203156
-0.061339
0.002688
-0.341292
-0.521338
-1.004906
-1.015211
-1.333211
-0.850276
-0.332312
-0.226783
-0.136113
0.559422
0.719068
0.528858
0.806258
1.030992
0.696325
0.442910
0.289762
0.232260
0.061056
-0.187665
-0.505656
-0.397477
-0.231744
0.011856
-0.066176
0.291132
0.290033
-0.100442
-0.111603
-0.337888
-0.745131
-0.805413
-0.825310
-0.526001
-0.694258
-0.298656
-0.236158
-0.238399
-0.678050
0.071199
0.489414
0.828715
1.416499
1.106651
0.601748
0.253075
-0.522606
-1.007097
-0.574787
-0.241597
-0.131517
0.309140
0.531936
0.563688
0.657732
0.557022
0.471558
0.180962
-0.577927
-1.208514
-1.717259
-1.846087
-1.929176
-1.165554
-0.697593
0.188385
0.567622
0.994009
1.149429
1.482308
1.209502
1.295353
0.995642
0.853936
0.738681
0.603389
0.780586
0.868319
0.662881
0.485872
0.338085
-0.230726
-0.287298
-0.253285
-0.281069
-0.278078
-0.108163
-0.420544
-0.456351
-0.749445
-1.087641
-1.387039
-1.240313
-1.033080
-0.398289
0.214330
0.453785
0.614810
0.435955
0.312048
0.264121
0.209167
0.427572
0.651729
0.597258
0.751675
1.093781
1.089608
0.932968
0.957223
0.803333
0.400079
0.288746
0.230454
0.090040
-0.374908
-0.535122
-0.810815
-1.097315
-1.311654
-1.148739
-1.024525
-0.926980
-0.980902
-0.990735
-0.856272
-0.428288
-0.224917
0.332984
0.819203
0.910105
0.754565
0.711648
0.638559
0.396873
0.467327
0.283134
0.397243
0.582238
0.468854
0.124899
0.186734
-0.011965
-0.248739
-0.172130
-0.369005
-0.737206
-1.101247
-1.283295
-1.458738
-1.292613
-0.909482
-0.444891
-0.234785
-0.025603
0.274794
0.346448
0.483624
0.700736
0.616960
0.501674
0.326067
0.085779
-0.418054
-0.534434
-0.207300
-0.028926
-0.080342
0.122982
0.581477
0.692370
0.771154
0.879063
0.692940
0.168517
-0.297583
-0.732910
-0.774328
-1.032723
-0.949125
-1.086429
-0.855000
-0.991098
-0.344742
0.051283
0.388186
0.592422
0.608643
0.307786
-0.011862
-0.237136
-0.408579
-0.325283
-0.225614
-0.024493
0.188575
0.367959
0.320896
0.593404
0.609557
0.519970
0.352062
0.277522
0.152279
-0.206070
-0.500707
-0.768562
-0.800592
-1.014510
-0.838045
-0.494961
-0.191477
0.071662
0.342813
0.562258
0.688971
0.777186
0.812328
0.794441
0.751578
0.761471
0.801173
0.873920
0.669660
0.542752
0.546342
0.043903
-0.139825
-0.271123
-0.424160
-0.894152
-0.789701
-0.943764
-1.117554
-1.080690
-0.822548
-0.662628
-0.351307
-0.040208
0.208393
0.220248
0.405485
0.362341
0.292792
0.337095
0.328812
0.311300
0.205842
0.317383
0.181218
0.096347
0.046759
-0.076279
-0.083063
0.168155
0.100108
-0.189333
-0.506518
-0.834384
-1.427447
-1.560574
-1.376849
-1.025150
-0.830213
-0.375511
0.339325
0.847926
1.207020
1.593262
1.598601
1.308694
0.934866
0.891782
0.844286
0.641814
0.471277
0.103500
-0.327737
-0.819779
-0.668435
-0.520202
-0.398051
-0.309607
-0.202134
-0.355542
-0.471646
-0.142185
-0.021438
0.055886
-0.007029
-0.291781
-0.667752
-0.845437
-0.995628
-0.751545
-0.458791
-0.026843
0.614633
1.245924
1.478366
1.477128
1.223866
0.700459
0.162752
-0.072082
0.241570
0.145387
-0.146438
-0.460988
-0.544316
-0.812461
-0.697712
-0.527125
-0.085349
0.026654
0.193656
0.445432
0.756121
0.651507
0.396781
0.027292
-0.188952
-0.996102
-0.901759
-1.169762
-1.137787
-1.136808
-0.493887
0.003966
0.355167
0.285815
0.051138
-0.054235
-0.603090
-0.430335
-0.360281
-0.205264
-0.053814
0.146405
0.112642
0.259152
0.246257
0.135728
0.352452
0.516262
0.811249
0.942736
1.018245
0.739761
0.755705
0.733187
0.457494
0.284793
0.079887
-0.215578
-0.193129
0.357355
0.778870
1.140454
1.238939
0.781774
0.378804
0.226453
-0.161818
-0.399511
-0.649776
-0.650338
-0.892271
-0.950027
-0.970639
-0.654784
-0.725703
-0.808766
-0.605698
-0.507424
-0.545849
-0.713492
-0.733603
-0.763450
-0.704422
-0.604772
-0.257100
0.069840
0.291307
0.173330
0.283045
0.399060
0.386440
0.481164
0.901020
1.051819
1.017891
1.081931
1.153215
1.145626
1.031677
0.721296
0.430340
0.064916
-0.396309
-0.639148
-0.488224
-0.286937
-0.518897
-0.548098
-0.640768
-0.633954
-0.534579
-0.336266
-0.044390
0.209228
-0.039497
-0.245016
-0.078944
0.031361
-0.181490
-0.114086
0.043444
-0.260945
-0.510401
-0.201751
-0.082742
-0.218220
-0.263768
-0.181070
-0.282355
-0.358488
-0.542415
-0.647904
-0.625664
-0.775648
-0.618668
-0.625988
-0.148936
-0.065310
0.281015
0.431923
0.692572
0.820053
0.611696
0.368601
0.676689
0.961280
0.939832
1.198422
1.482787
1.277858
1.001447
0.733998
0.430264
0.145955
-0.228798
-0.366400
-0.441857
-0.555924
-0.807278
-0.930565
-1.084949
-1.157422
-0.983770
-0.729993
-0.653851
-0.497618
-0.241688
-0.148328
0.048883
0.093008
0.241099
0.156052
0.327496
0.314631
0.569849
0.667126
0.837338
0.810216
0.679476
0.547313
0.267050
0.108710
-0.088164
-0.341556
-0.331402
0.081184
0.376551
0.526334
0.742849
0.780635
0.579902
0.435375
0.344341
0.218114
-0.106608
-0.365493
-0.769046
-1.078360
-1.469780
-1.505755
-1.603299
-1.453514
-1.115044
-0.369394
-0.037904
0.065404
0.207080
0.153470
0.245517
0.459946
0.922570
1.318088
1.614898
1.428676
1.172354
0.856580
0.530842
0.198777
0.084659
0.217287
0.357215
0.425854
0.084858
-0.475844
-0.870742
-0.967067
-1.531748
-1.509704
-0.837831
-0.687152
-1.179504
-0.782730
-0.550264
-0.585796
-0.326329
0.188354
0.385694
0.973198
0.602891
0.379772
0.331485
0.196821
-0.265941
-0.100043
0.108706
0.646299
0.626611
0.637487
0.623722
0.426507
-0.214166
-0.325722
-0.469844
-0.112510
0.159645
-0.241272
-0.600486
-0.901165
-1.416461
-1.781720
-1.516635
-1.280924
-0.618105
-0.013742
0.742058
0.936924
0.986444
0.735661
0.608350
0.165627
0.197769
0.350592
0.514104
0.294971
0.286505
0.320156
0.239425
-0.059596
-0.113586
-0.701684
-0.851556
-0.846100
-0.755708
-0.587021
-0.560468
-0.666686
-0.673091
-0.519209
-0.721500
-0.415460
-0.308629
-0.419213
-0.380583
-0.204733
-0.062303
0.394929
0.799278
0.733236
0.948326
1.279376
1.128820
1.088855
1.227329
1.024339
0.604169
0.313955
-0.171606
-0.389365
-0.335620
-0.410518
-0.628299
-0.638202
-0.901637
-1.145953
-0.982621
-0.482728
-0.002855
0.431340
0.459954
0.410153
0.421264
0.354587
0.239399
0.368130
0.583795
0.392982
0.411970
0.580935
0.701273
0.493905
0.363883
0.232949
-0.010606
-0.271913
-0.309367
-0.218995
-0.277073
-0.387174
-0.465116
-0.639749
-1.084815
-1.526320
-1.606580
-1.311205
-1.125375
-0.392727
0.310701
0.653786
0.787252
1.055541
1.133732
0.832890
0.979422
0.846217
0.643084
0.311761
0.189227
-0.046071
-0.244646
-0.395848
-0.479035
-0.212362
-0.352458
-0.363889
-0.342610
-0.283549
-0.509806
-0.543768
-0.404509
-0.094014
0.258235
0.809416
1.121299
1.195475
1.108125
0.901120
0.858910
0.992343
0.975748
1.089396
0.736434
0.246470
-0.225920
-0.389993
-0.377810
0.316759
0.591506
0.355620
0.302019
0.007263
-0.866614
-1.189897
-0.880120
-0.885521
-0.974893
-0.583395
-0.246342
-0.234722
0.100166
0.038147
0.151739
0.097551
0.046145
-0.061559
0.364712
0.756185
0.639130
0.657700
0.287508
0.008706
-0.437710
-0.297069
0.041909
0.524092
0.212889
0.280288
0.253433
-0.111147
-0.388275
-0.056169
-0.101022
-0.174507
0.198562
0.397566
0.308248
0.096798
-0.083349
-0.646547
-1.284335
-1.221367
-1.136047
-1.142027
-0.581410
-0.145719
0.010085
0.081012
0.236803
0.044611
-0.296136
-0.678631
-0.539821
-0.257842
0.029089
0.700393
1.387581
1.486161
1.363306
0.981623
0.828351
0.524929
0.241153
-0.031508
-0.023040
-0.270719
-0.388639
-0.326352
-0.403891
-0.872198
-0.885157
-1.190764
-1.268090
-1.002840
-0.342140
-0.143759
0.038759
-0.056504
-0.201877
-0.741918
-0.711702
-0.322629
0.058765
0.369982
0.863493
0.939433
0.803742
0.723786
0.695066
0.723600
0.532795
0.382249
0.334182
0.180084
-0.092347
-0.316453
-0.409470
-0.676665
-1.009295
-0.939467
-0.857565
-0.718798
-0.616129
-0.536665
-0.360376
-0.001898
0.174738
0.141892
0.553441
0.695400
0.466135
0.512996
0.535837
0.504596
0.336194
0.423252
0.329987
0.485749
0.449557
0.390631
0.465266
0.548165
0.136122
-0.194421
-0.648985
-0.743227
-1.139386
-0.878914
-0.848597
-0.769722
-0.868900
-0.801462
-0.555957
-0.290696
0.382794
0.698146
0.946031
0.825284
0.752403
0.394214
0.111262
0.247138
0.394329
0.517826
0.602726
0.605738
0.444102
0.316711
0.297496
0.471019
0.465635
0.262291
0.273262
0.082184
-0.276608
-0.657353
-0.779393
-0.981270
-1.355176
-1.386357
-1.163686
-1.127402
-1.058020
-0.723533
-0.422492
-0.033406
0.425596
0.574731
0.768076
0.803768
0.558393
0.373559
0.361794
0.545440
0.684607
0.921771
1.024579
0.985901
0.907048
0.621252
0.199930
-0.199937
-0.583898
-0.946261
-1.224954
-0.819002
-0.673623
-0.417125
-0.367943
-0.269491
-0.428083
-0.505338
-0.359518
-0.249801
-0.052934
0.042487
0.140594
0.147095
0.295260
0.390499
0.407834
0.450953
0.796523
0.934858
0.907437
0.953897
0.762531
0.310987
-0.194627
-0.558557
-1.102041
-1.292625
-1.288242
-0.932806
-0.719403
-0.463790
-0.247381
-0.299637
-0.754618
-0.770977
-0.646743
-0.417056
-0.552412
-0.346444
0.058939
0.060164
0.239683
0.769421
1.077925
0.865045
0.916297
0.755335
0.617847
0.491308
0.298864
0.114953
0.264737
-0.059005
0.063919
0.255257
0.589115
0.488866
0.649069
0.526363
0.472255
0.283695
-0.103686
-0.291536
-0.323713
-0.200433
-0.139578
0.227737
0.705517
0.965043
0.260541
0.019485
-0.553139
-0.888648
-1.253958
-0.934575
-0.953777
-0.821911
-0.644017
-0.567751
-0.368913
0.112564
0.340096
0.579301
0.660984
0.706391
0.648928
0.983033
0.637916
0.497729
0.602213
0.554773
0.275001
0.231407
0.108383
-0.141271
-0.486298
-0.548637
-0.872444
-0.964324
-1.009247
-1.023292
-0.961636
-0.541207
-0.353465
-0.177457
0.217615
0.525860
1.100905
1.561152
1.649899
1.500451
1.096458
0.304636
0.186837
0.329778
0.174453
0.173952
0.270246
0.009977
-0.125259
-0.183545
-0.108475
-0.118110
-0.182602
-0.540724
-0.095782
0.054982
0.146022
0.212089
0.284863
-0.120483
-0.397193
-0.569984
-0.440089
-0.473526
-0.422963
-0.425591
-0.580422
-0.617365
-0.559906
-0.642429
-0.909764
-0.811752
-1.170073
-1.216269
-1.043697
-0.525529
0.153805
0.568327
1.296417
1.293941
1.578194
1.517624
1.523450
1.033148
1.187584
0.924675
0.263810
-0.231422
-0.326126
-0.401488
-0.354355
-0.050441
0.311239
0.396669
0.393062
0.434941
0.368157
0.319000
0.239480
0.174005
-0.139796
-0.309117
0.106472
-0.449207
-0.650484
-0.414965
-0.736920
-0.920943
-0.423132
-0.000252
0.012858
0.595357
0.743712
0.905355
0.730032
0.720635
0.552055
0.241071
-0.064426
-0.129887
0.054624
0.242383
0.059790
-0.026878
0.000857
-0.537566
-0.746098
-0.833311
-0.676677
-0.871420
-0.889336
-0.911485
-1.037349
-1.149303
-1.153613
-1.127517
-1.201926
-0.995540
-0.635090
-0.392208
0.003513
0.324745
0.655638
0.799556
0.920633
0.830275
0.844806
0.667742
0.449705
0.271525
0.275404
0.286495
0.497896
0.697177
0.529269
0.411380
0.223548
0.024840
-0.321099
-0.324218
-0.028887
0.170304
0.223388
0.295272
0.601823
0.640836
0.489474
0.510496
0.447865
-0.040208
-0.824661
-1.358699
-1.691119
-1.779749
-1.335609
-0.682463
-0.209237
0.132214
0.361555
0.380776
0.314064
0.604109
0.691670
0.852566
0.983255
0.752351
0.338558
-0.037759
-0.323365
-0.642926
-0.534813
-0.301665
-0.079843
0.018953
0.017285
-0.082577
-0.378862
-0.821801
-0.947524
-0.912584
-0.951190
-0.838349
-0.493523
-0.370241
-0.386428
-0.176774
0.072462
0.291796
0.747417
0.962552
1.122728
1.037957
1.123571
0.887052
0.785168
0.499202
0.275932
-0.057187
-0.453186
-0.773003
-0.458625
-0.212541
0.096687
-0.000877
0.155994
0.020054
-0.063120
-0.169749
0.321466
0.755462
0.629928
0.411939
0.023125
-0.278124
-0.797122
-0.852859
-0.794152
-0.745493
-0.075329
0.902383
0.680076
0.984490
0.585500
0.000817
-1.405946
