0
0.03333333333333333
0.06666666666666667
0.1
0.13333333333333333
0.16666666666666666
0.19999999999999998
0.2333333333333333
0.26666666666666666
0.3
0.3333333333333333
0.36666666666666664
0.39999999999999997
0.4333333333333333
0.4666666666666666
0.49999999999999994
0.5333333333333333
0.5666666666666667
0.6
0.6333333333333333
0.6666666666666666
0.7
0.7333333333333333
0.7666666666666666
0.7999999999999999
0.8333333333333333
0.8666666666666666
0.8999999999999999
0.9333333333333332
0.9666666666666666
0.9999999999999999
1.0333333333333332
1.0666666666666667
1.1
1.1333333333333335
1.166666666666667
1.2000000000000004
1.2333333333333338
1.2666666666666673
1.3000000000000007
1.3333333333333341
1.3666666666666676
1.400000000000001
1.4333333333333345
1.466666666666668
1.5000000000000013
1.5333333333333348
1.5666666666666682
1.6000000000000016
1.633333333333335
1.6666666666666685
1.700000000000002
1.7333333333333354
1.7666666666666688
1.8000000000000023
1.8333333333333357
1.8666666666666691
1.9000000000000026
1.933333333333336
1.9666666666666694
2.0000000000000027
2.033333333333336
2.066666666666669
2.1000000000000023
2.1333333333333355
2.1666666666666687
2.200000000000002
2.233333333333335
2.2666666666666684
2.3000000000000016
2.333333333333335
2.366666666666668
2.4000000000000012
2.4333333333333345
2.4666666666666677
2.500000000000001
2.533333333333334
2.5666666666666673
2.6000000000000005
2.6333333333333337
2.666666666666667
2.7
2.7333333333333334
2.7666666666666666
2.8
2.833333333333333
2.8666666666666663
2.8999999999999995
2.9333333333333327
2.966666666666666
2.999999999999999
3.0333333333333323
3.0666666666666655
3.0999999999999988
3.133333333333332
3.166666666666665
3.1999999999999984
3.2333333333333316
3.266666666666665
3.299999999999998
3.3333333333333313
3.3666666666666645
