7.073032
7.073032
5.426256
4.390537
3.575936
2.425464
1.180453
1.249086
0.569709
-0.660768
-1.809188
-2.880492
-3.620939
-4.224434
-4.494206
-4.275891
-3.850346
-3.311646
-2.396262
-1.447404
-0.891603
-0.572159
-0.335852
-0.436953
-0.536828
-0.401748
-0.278788
-0.181618
-0.100335
-0.138833
-0.235705
-0.285231
-0.363617
-0.491889
-0.532203
-0.427271
-0.435701
-0.016836
0.476920
0.583988
0.559786
0.631969
0.737997
0.920503
0.931459
1.119611
1.405231
0.853839
0.157492
0.420358
0.316031
0.203628
0.502287
0.745160
0.635992
0.011589
-0.239749
-0.496726
-0.673365
-0.771250
-0.571340
-0.729606
-0.900830
-0.994222
-1.215009
-0.740549
-0.275954
-0.152636
-0.035937
-0.054884
-0.410878
-0.747210
-0.855904
-0.893461
-0.976954
-0.090909
0.532298
0.647217
0.728288
0.889214
0.211645
-0.448931
-0.422158
-0.294714
-0.232369
-0.181961
-0.122164
-0.089085
-0.291806
-0.379861
-0.467580
-0.611373
-0.792289
-0.943010
-1.077084
-1.259762
-1.098784
-0.752480
-0.466963
-0.051949
0.387692
0.710633
1.089175
1.128106
1.153908
0.920448
0.694110
0.335874
0.349180
0.281621
0.333184
0.287071
0.147374
-0.672530
-1.202064
-1.467188
-1.521464
-1.615370
-0.936320
-0.145800
0.244069
0.650601
0.894343
1.152242
0.888172
0.720578
0.801035
0.727235
0.617775
0.501225
0.483042
0.221347
0.148193
-0.291758
-0.531158
-0.775844
-1.074437
-1.325734
-0.927598
-0.991929
-0.463236
-0.233053
0.176703
0.357564
0.827813
0.930942
1.016870
1.084278
1.040738
0.926435
0.656901
0.529330
0.437460
0.318764
0.304342
0.313624
0.242151
-0.102256
-0.328444
-0.533802
-0.851280
-1.118488
-0.966142
-1.061063
-1.014914
-0.915539
-0.686636
-0.360352
0.109055
0.627221
0.838839
1.248233
1.263065
1.251535
1.138524
1.196520
0.964966
0.683031
0.357432
0.113234
-0.078340
-0.354125
-0.919758
-0.912862
-1.018853
-1.307615
-1.238960
-0.645894
-0.516902
-0.439895
-0.166254
0.086097
0.191157
0.280488
0.276115
0.570764
0.763816
0.895440
1.124870
0.964539
0.645810
0.143155
-0.184591
-0.539341
-0.509755
-0.604940
-0.564420
-0.727801
-1.030199
-1.178656
-1.128037
-1.261267
-0.953428
-0.697377
-0.347852
0.043619
0.466636
0.712752
0.989615
1.077835
0.982565
0.937541
0.958136
0.820215
0.851355
0.748769
0.647220
0.427700
0.293901
0.014783
-0.305074
-0.648971
-1.063771
-1.297401
-1.293663
-1.234437
-0.992248
-0.772826
-0.589995
-0.552962
-0.466443
-0.227026
-0.016711
0.256727
0.534314
0.767999
0.756635
0.799593
0.826513
0.781037
0.815416
0.829569
0.803845
0.697433
0.507166
0.212637
-0.135402
-0.674728
-0.983842
-1.258592
-1.313773
-1.177507
-0.828726
-0.580880
-0.219640
0.013952
0.086461
0.330715
0.541079
0.660940
0.805450
0.863359
0.821116
0.679778
0.529428
0.342722
0.235687
0.134855
-0.116135
-0.485177
-0.816738
-1.291860
-1.727355
-1.996775
-1.719636
-1.580725
-1.171911
-0.769759
-0.424703
-0.338426
-0.187558
0.153065
0.396984
0.729726
0.952444
1.127364
0.990674
0.758097
0.556431
0.350007
0.177089
0.022625
-0.047765
-0.191584
-0.377285
-0.478268
-0.680662
-0.868736
-0.986956
-1.026888
-1.110400
-1.011634
-0.899642
-0.841150
-0.711794
-0.547796
-0.450440
-0.311898
-0.099493
0.107036
0.384605
0.636307
0.813797
0.948444
1.068618
1.084332
0.950877
1.600396
2.309850
1.889473
1.471475
1.134961
-0.121718
-1.350840
-1.700333
-1.917928
-1.888123
-1.597672
-1.307775
-0.810781
-0.434708
-0.190090
-0.013594
0.058522
0.126738
0.252453
0.354137
0.397649
0.426175
0.458486
0.351289
0.215155
0.071514
-0.009899
-0.117611
-0.110068
0.038567
0.279324
0.534261
0.909407
1.244563
1.571874
1.806866
2.003196
2.030997
2.053941
1.932289
1.734968
1.536054
1.220845
0.948278
0.671122
0.117688
-0.431480
-0.802644
-1.186241
-1.536001
-1.506647
-1.195628
-1.166291
-0.946660
-0.871101
-0.802496
-0.854349
-0.652932
-0.634165
-0.658971
-0.432327
-0.389959
-0.296929
-0.185726
0.179960
0.352485
0.504309
0.618395
0.753008
0.820759
0.931687
1.018207
1.130675
1.212986
1.217264
1.127299
0.984461
0.822912
0.435271
0.164048
-0.058727
-0.307729
-0.531290
-0.635465
-0.700471
-0.808676
-0.807036
-0.841378
-0.756312
-0.717231
-0.669254
-0.581841
-0.448119
-0.351265
-0.249303
-0.163872
-0.111142
-0.097675
-0.117939
-0.117233
-0.175707
-0.241561
-0.353192
-0.431802
-0.562407
-0.683351
-0.793535
-0.919237
-1.027207
-1.176137
-1.271555
-1.219546
-1.045911
-0.747556
-0.313666
0.084189
0.474531
0.831893
1.111915
1.269918
1.509665
1.615972
1.650274
1.632681
1.548196
1.422500
1.235530
1.058642
0.827480
0.580314
0.331853
0.126482
-0.124207
-0.322697
-0.415144
-0.524200
-0.600218
-0.625620
-0.654012
-0.661852
-0.595583
-0.582309
-0.466007
-0.362915
-0.218344
-0.112094
0.048478
0.193872
0.418612
0.577918
0.719203
0.851646
0.942376
0.961659
1.015838
1.007733
0.943662
0.872305
0.768476
0.576486
0.287323
0.036662
-0.284753
-0.550381
-0.724266
-0.791482
-0.834674
-0.848664
-0.834856
-0.835310
-0.814236
-0.976406
-1.199448
-1.019554
-0.892871
-0.771870
-0.708675
-0.606943
-0.618534
-0.605079
-0.523579
-0.214692
0.088651
0.100453
0.034894
-0.094875
-0.164460
-0.198067
-0.319802
-0.292867
-0.175340
-0.209840
0.071582
0.367862
0.442300
0.731423
1.109032
1.373426
1.552647
1.906622
1.922071
1.875863
1.661346
1.516421
1.275339
1.091258
0.893762
0.644295
0.351483
0.160856
-0.114572
-0.292865
-0.347060
-0.411195
-0.499295
-0.509287
-0.506472
-0.594315
-0.675228
-0.677073
-0.642906
-0.680389
-0.742306
-0.726347
-0.767686
-0.831590
-0.889555
-0.881983
-0.824089
-0.762779
-0.756600
-0.661234
-0.571086
-0.457698
-0.312531
-0.145494
0.130618
0.439381
0.722433
0.903656
1.148797
1.269040
1.291473
1.300975
1.218024
1.069599
0.810215
0.557640
0.347602
0.175643
0.022830
-0.127748
-0.203107
-0.294009
0.182999
-0.031526
-0.072911
-0.094135
-0.180298
-0.715999
-0.597538
-0.570921
-0.602675
-0.627828
-0.685339
-0.712864
-0.740298
-0.695289
-0.634145
-0.469574
-0.202816
0.090729
0.323118
0.605110
0.883558
1.039287
1.191216
1.309715
1.401842
1.440840
1.482853
1.570587
1.222425
0.882904
0.727661
0.534470
0.233615
0.185272
0.070388
-0.231632
-0.521399
-0.794938
-0.897661
-0.923914
-0.939718
-0.880497
-0.766176
-0.712530
-0.666650
-0.673549
-0.677594
-0.685766
-0.680860
-0.630941
-0.628688
-0.637879
-0.674543
-0.642211
-0.661725
-0.594450
-0.481380
-0.358042
-0.223493
-0.104205
0.013484
0.152955
0.331565
0.562478
0.680817
0.799395
0.837059
0.855082
0.887550
0.621380
0.409164
0.184042
-0.123155
-0.505463
-0.515677
-0.601019
-0.761079
-0.864047
-0.922816
-1.023980
-1.082961
-1.080852
-1.039560
-1.051704
-1.011603
-0.618538
-0.210054
0.143052
0.218257
0.284000
-0.029496
-0.346897
-0.293687
-0.035803
0.235901
0.485167
0.672728
0.509036
0.394695
0.298726
0.216062
0.195609
0.159287
0.141856
0.218235
0.238359
0.237227
0.199767
0.055305
-0.119188
-0.195301
0.086912
0.392179
0.784836
1.172220
1.570563
1.720283
1.719173
1.717170
1.648397
1.359501
1.024572
0.792192
0.470811
0.102797
-0.124200
-0.346954
-0.588992
-0.615911
-0.664192
-0.650108
-0.656344
-0.609589
-0.710280
-0.711447
-0.717807
-0.792968
-0.889447
-0.968588
-1.091369
-1.114724
-1.072726
-0.821413
-0.554490
-0.328779
-0.218582
-0.052096
-0.040743
0.098123
0.262646
0.616875
0.885466
1.251617
1.349749
1.554618
1.602571
1.486570
1.367296
1.226078
1.016703
0.646655
0.452693
0.389484
0.225204
0.067404
-0.024832
0.070372
-0.043662
-0.014725
0.061825
-0.318809
-0.654662
-0.938817
-0.992999
-1.317839
-0.970856
-0.996043
-1.116799
-1.002422
-0.673705
0.737379
1.023986
0.936016
1.052544
0.997113
-0.263870
0.133527
0.870521
0.870178
0.891110
0.811263
0.341735
-0.046534
-0.140944
-0.408271
-0.578776
-0.800004
-1.011812
-1.097567
-0.948340
-0.825940
-0.616429
-0.317726
-0.137560
0.122396
0.464819
0.587826
0.642213
0.454594
0.209174
0.083286
0.049565
0.024875
0.144152
0.421985
0.461200
0.697055
1.025548
1.366131
1.742996
2.073012
2.290122
2.490361
2.629583
2.215931
1.712028
1.050374
0.870566
0.138168
-0.253022
-0.661672
-0.958574
-1.978767
-2.339447
-2.441219
-2.441415
-2.054144
-1.618022
-1.136285
-0.806695
-0.426407
-0.314039
-0.219793
-0.219241
-0.211258
-0.164029
-0.517273
-0.473635
-0.412931
-0.437264
-0.434141
-0.088277
-0.106789
-0.128021
-0.021506
0.075420
-0.204630
-0.486814
-0.258318
-0.737840
-1.245880
-1.283576
-1.249447
-1.762610
-1.559179
-1.325772
-0.936126
-0.687251
-0.217764
0.160190
0.562953
0.709468
0.985383
1.010296
0.999232
0.921754
0.806404
0.694068
0.539227
0.422791
0.289986
0.191548
0.024358
-0.057420
-0.171827
-0.310182
-0.444696
-0.511569
-0.596157
-0.904101
-0.885163
-0.777694
-0.728918
-0.676790
-0.261158
-0.367786
-0.533680
-0.171349
0.267093
0.593915
1.222208
1.958047
2.043588
2.099478
1.994245
1.795437
0.833343
0.503141
0.153449
-0.097498
-0.358627
0.022614
-0.193848
-0.440204
-0.718317
-0.906796
-1.071543
-1.098109
-1.043360
-0.962463
-0.882670
-0.819808
-0.550506
-0.426724
-0.270505
-0.126544
0.078370
0.090186
0.309467
0.516675
0.758158
1.019548
1.115846
1.033165
1.147170
1.177828
1.070815
1.102903
0.953934
0.533654
0.153094
-0.235321
-0.428765
-0.547393
-0.612466
-0.680853
-0.504154
-0.460241
-0.424072
-0.172866
0.032840
0.092210
0.065353
0.151310
0.107650
0.173225
0.088219
0.132797
0.230915
0.363755
0.424497
0.667039
0.703379
0.849975
0.971598
1.130356
1.206505
1.378368
1.427043
1.476343
1.488798
1.509409
1.384446
1.224029
0.834374
0.413174
-0.111591
-0.448697
-0.732946
-0.817829
-0.876838
-0.860118
-0.827257
-0.776808
-0.742855
-0.655748
-0.615131
-0.597111
-0.618409
-0.597104
-0.576604
-0.535911
-0.558504
-0.537460
-0.484288
-0.491827
-0.549205
-0.604591
-0.730637
-0.876561
-1.024108
-1.102222
-1.005346
-0.879302
-0.667371
-0.506780
-0.294987
-0.245068
-0.061991
0.099567
0.295450
0.580602
0.886300
1.066602
1.103544
1.097276
1.219752
1.141763
1.004817
0.866985
0.913265
0.733254
0.621805
0.690996
0.482375
0.094626
-0.296932
-0.621416
-1.022081
-1.059760
-0.829895
-0.649581
-0.384184
-0.229177
-0.048959
0.042186
0.098892
0.105401
0.521166
0.510606
0.638997
0.808465
0.934793
0.646660
0.562660
0.318729
0.105627
0.124911
0.202689
0.297296
0.472787
0.755516
0.890720
0.521272
0.385311
0.159619
-0.077265
-0.332038
-0.162864
0.001517
0.118902
0.136747
0.511369
0.906835
1.159774
1.189938
1.333449
1.109280
0.984432
1.106911
1.138028
1.158310
1.040603
0.931283
0.860818
0.966106
1.065067
1.210807
1.458481
1.376231
1.108946
0.767742
0.317464
-0.079333
-0.488020
-0.508665
-0.407669
-0.309797
-0.457675
-0.458696
-0.547874
-0.747675
-0.720073
-0.476607
-0.183474
-0.066924
-0.065687
-0.119696
-0.137408
-0.362153
-0.295672
-0.278535
-0.195433
-0.161237
-0.026197
-0.036091
0.258029
0.471851
0.544842
0.638584
0.916183
0.879025
0.879185
0.879025
1.077552
1.124093
1.075051
1.098342
0.977446
0.646435
0.128347
-0.119916
-0.407911
-0.609437
-0.742364
-0.774841
-0.856068
-0.915122
-0.940280
-0.928143
-0.873247
-0.840425
-0.803725
-0.729489
-0.767352
-0.819938
-0.810862
-0.856021
-0.836758
-0.796302
-0.806905
-0.774093
-0.758919
-0.822631
-0.912114
-0.915421
-0.865010
-0.776984
-0.594900
-0.355897
-0.103440
0.008712
0.140098
0.237294
0.306422
0.406164
0.502394
0.548267
0.646982
0.701351
0.799011
0.828273
1.031937
1.081820
1.003015
0.948626
0.846180
0.579003
0.192795
-0.075720
-0.487663
-0.717683
-0.930342
-0.926547
-0.788104
-0.660698
-0.679346
-0.655609
-0.590221
-0.314309
-0.142391
0.064195
0.290596
0.455156
0.398412
0.474479
0.806851
1.024245
1.033317
1.000239
0.883588
0.737299
0.597538
0.636199
0.747034
0.832353
0.857256
0.684769
0.485325
0.116192
-0.010805
-0.150847
-0.110036
0.036739
0.209482
0.307254
0.380280
0.432118
0.496484
0.621870
0.739789
0.817316
0.970775
1.131542
1.251463
1.239304
1.263490
1.253527
1.178539
1.103557
1.301313
1.115994
0.982836
0.718792
0.283635
-0.209099
-0.343819
-0.549639
-0.684207
-0.563315
-0.512887
-0.444920
-0.308270
-0.239330
-0.051449
0.139489
0.101447
0.097066
0.049991
0.070989
-0.024617
0.037458
0.060663
0.476226
0.856213
1.128939
1.446440
1.758797
1.775953
1.587432
1.411647
1.229175
0.970381
0.764580
0.563798
0.408015
0.292505
0.268871
0.275768
0.301771
0.258366
0.339759
0.281943
0.251318
-0.024428
-0.095764
-0.357867
-0.572286
-0.815481
-1.073813
-1.298240
-1.491249
-1.610918
-1.642621
-1.472561
-1.197206
-1.048396
-0.878284
-0.732019
-0.650864
-0.711639
-0.702777
-0.645457
-0.721886
-0.771440
-0.784399
-0.747716
-0.733568
-0.650234
-0.509541
-0.293381
-0.117082
0.121018
0.297588
0.559328
0.681315
0.793466
0.815812
0.842754
0.848565
0.851942
0.886887
0.907721
0.926910
0.814283
0.755302
0.703941
0.675382
0.577451
0.514218
0.376016
0.292054
0.099621
-0.056748
-0.138418
-0.264144
-0.436781
-0.537271
-0.559577
-0.048281
0.051179
0.144848
0.225534
0.358516
-0.042550
0.050290
0.069863
-0.024097
-0.212892
-0.352863
-0.041072
0.337697
0.871811
1.401118
1.201631
0.639404
0.030831
-0.554301
-1.070588
-0.914234
-0.356810
0.136748
0.663613
1.137031
1.220062
1.154044
1.234886
0.947637
0.608862
0.643019
0.359202
0.046948
0.001473
-0.026197
-0.091393
-0.165697
-0.317012
-0.443987
-0.560080
-0.687090
-0.799868
-0.849877
-0.876516
-0.851737
-0.797302
-0.805972
-0.791426
-0.760322
-0.794180
-0.537766
-0.497054
-0.469765
-0.225755
0.057466
0.105591
0.135861
0.282371
0.332979
0.168724
-0.053083
-0.005500
-0.092722
-0.377730
-0.218524
-0.307527
-0.158013
-0.263383
-0.331298
-0.635815
-0.675737
-0.515952
-0.100221
-0.064238
-0.036926
-0.020369
-0.378699
-0.244276
0.268407
0.772159
1.235812
1.646623
1.657467
1.595039
1.192416
1.174085
1.041765
0.556092
0.179059
0.155814
-0.211381
-0.478716
-0.510836
-0.446105
-0.516872
-0.479432
-0.402824
-0.225670
-0.095814
0.033352
0.032871
0.142130
0.221932
0.386778
0.684344
0.985387
1.114141
1.213281
1.163880
0.903120
0.731900
0.582149
0.472560
0.210448
0.194781
0.168796
0.140822
0.157461
0.230950
0.290566
0.300639
0.209144
0.101136
0.417141
0.022738
0.292006
0.661001
0.858827
0.234189
0.396564
-0.219208
-0.738646
-1.125116
-0.990507
-0.940925
-0.803675
-0.736172
-0.749272
-0.799718
-0.829927
-0.846759
-0.844678
-0.798072
-0.670278
-0.551639
-0.378661
-0.206429
-0.036078
0.068865
0.226259
0.323541
0.418293
0.501698
0.646386
0.729690
0.838792
0.955219
0.960647
0.969061
0.889983
0.832935
0.638208
0.568729
0.411403
0.218006
-0.040183
-0.246056
-0.403002
-0.517186
-0.556717
-0.618356
-0.614652
-0.686680
-0.798962
-0.897210
-0.854479
-0.889695
-0.890088
-0.828879
-0.627975
-0.523502
-0.383508
-0.213276
-0.046231
0.115891
0.304738
0.554322
0.893870
1.150798
1.327986
1.399710
1.450234
1.388969
1.213061
0.992406
0.709741
0.408134
0.053350
-0.148011
-0.325322
-0.430263
-0.534678
-0.704182
-0.844281
-0.977365
-1.088936
-1.082422
-0.959873
-0.877850
-0.817231
-0.703011
-0.562927
-0.462263
-0.303199
-0.139653
0.078538
0.161839
0.350336
0.631265
0.836181
1.062206
1.124367
1.089663
0.967259
0.856443
0.683072
0.618171
0.628021
0.598990
0.609027
0.473251
0.299979
0.016176
-0.275921
-0.551316
-0.789765
-1.084935
-1.192788
-1.420721
-1.518170
-1.513023
-1.548749
-1.480367
-1.393019
-1.229681
-1.040800
-0.636102
-0.399978
-0.170635
0.040812
0.229590
0.390970
0.466845
0.681130
0.664614
0.723638
0.731161
0.802350
0.776224
0.851144
0.799488
0.766230
0.719768
0.683449
0.508135
0.296381
0.282772
-0.110677
-0.283842
-0.182502
-0.040785
0.000634
0.113634
0.212334
0.125747
0.245870
0.297175
0.390604
0.504920
0.674329
0.483399
0.288958
0.253946
0.187953
0.042389
0.188121
0.450527
0.888344
1.240634
1.699667
2.274792
2.400294
2.309529
2.126055
1.888314
1.408411
1.184607
1.020982
0.803999
0.563393
0.365260
0.155941
-0.001832
-0.116434
-0.217315
-0.389654
-0.432242
-0.502636
-0.550786
-0.584533
-0.638209
-0.731897
-0.782442
-0.829626
-0.881164
-0.894921
-0.903256
-0.937359
-0.976732
-0.987881
-0.983577
-0.940975
-0.887842
-0.778209
-0.719738
-0.642312
-0.566098
-0.552684
-0.523306
-0.484850
-0.463278
-0.405791
-0.210430
-0.042018
0.158298
0.419298
0.573882
0.685670
0.770970
0.806274
0.853199
0.874816
0.862858
0.848294
0.806282
0.699934
0.606882
0.480944
0.352132
0.193525
0.024306
-0.095019
0.161841
0.030997
-0.032510
0.273526
0.128107
-0.384421
-0.498265
-0.261063
-0.390274
-0.159469
-0.212119
-0.257084
-0.597567
-0.909088
-1.165083
-0.684394
-0.052676
0.154412
0.774837
1.448553
1.692602
1.361166
1.804111
1.460717
1.119059
0.803606
0.930333
0.629119
0.659114
0.618455
0.415903
0.197697
-0.016969
-0.223507
-0.437421
-0.579866
-0.760273
-1.035779
-1.287470
-1.464657
-1.558779
-1.507935
-1.527369
-1.346824
-1.088854
-0.832682
-0.594996
-0.238742
-0.084208
0.092604
0.278712
0.241310
0.350380
0.455092
0.353632
0.305350
0.439126
0.352657
0.323614
0.273677
0.290770
0.109825
0.115327
0.225884
0.371522
0.308648
0.203155
-0.003260
-0.312839
-0.637406
-0.889042
-0.996394
-0.961158
-1.044159
-1.038012
-0.981341
-0.917710
-0.891113
-0.829217
-0.800172
-0.800339
-0.794507
-0.822287
-0.828943
-0.775096
-0.812372
-0.807553
-0.739790
-0.740254
-0.652068
-0.489981
-0.292193
-0.183926
-0.055541
0.097015
0.220048
0.497830
0.717154
0.955541
1.035666
1.136045
1.002507
0.962819
0.999799
0.974968
0.789379
0.684865
0.508444
0.416337
0.354971
0.447913
0.397386
0.407881
0.317893
0.154640
0.093224
0.154647
0.063748
1.418708
2.869152
2.879301
2.970247
3.205315
1.990752
0.530643
0.160966
-0.339100
-0.908104
-1.495020
-1.823875
-1.708264
-1.729427
-1.379072
-1.135137
-0.867864
-0.690953
-0.322075
-0.195179
0.031475
0.222635
0.368680
0.454775
0.487617
0.393601
0.403425
0.330182
0.243111
0.255503
0.367809
0.457880
0.640757
0.858277
1.020765
1.147767
1.253810
1.171049
1.059483
0.868332
0.806277
0.681831
0.555047
0.441838
0.253600
0.027791
-0.160307
-0.271810
-0.427305
-0.512945
-0.643298
-0.860549
-1.000843
-1.079509
-1.086571
-1.088100
-1.052967
-1.013203
-0.953329
-0.975013
-0.929175
-0.884764
-0.863625
-0.866464
-0.855087
-0.816430
-0.739699
-0.636666
-0.540078
-0.314867
-0.212411
-0.131762
-0.189694
-0.210927
-0.203318
0.035095
0.268885
0.695186
0.990045
1.180330
1.201542
1.265719
1.202300
1.176062
1.091379
0.903024
0.692252
0.484071
0.325990
0.223568
0.153118
0.086263
-0.022930
-0.105208
-0.234860
-0.309235
-0.347838
-0.312739
-0.582127
-0.585027
-0.626320
-0.960884
-1.123943
-0.491537
-0.086736
0.421680
1.199881
1.797830
1.827709
2.357200
2.213784
1.952820
1.720440
1.527507
0.637037
0.315926
0.141399
-0.238854
-0.589550
-0.707116
-0.836527
-0.759755
-0.483281
-0.269154
-0.095059
0.170693
0.173215
0.222966
0.315287
0.138072
-0.065329
-0.260906
-0.593576
-0.888924
-0.864099
-0.986379
-1.106599
-0.977312
-0.575074
-0.106187
0.022591
0.683156
1.232344
1.352141
1.356488
1.236547
0.985784
0.545121
0.245363
-0.010251
0.241172
0.116735
0.033640
-0.032216
-0.151819
-0.582629
-0.699764
-0.671482
-0.586248
-0.948611
-0.480580
-0.275286
-0.138827
-0.063493
0.373284
0.511918
0.622143
0.742568
0.850777
0.972824
1.043091
1.015335
0.994114
1.026421
1.020273
0.935187
0.765682
0.612795
0.417638
0.219335
0.103475
-0.285588
-0.680413
-1.145988
-1.492757
-1.520758
-1.463860
-1.388837
-1.258313
-0.750382
-0.638796
-0.549376
-0.380176
-0.265801
-0.471285
-0.702556
-0.588942
-0.595341
-0.569162
-0.583690
-0.646005
-0.710765
-0.798965
-0.883600
-0.920682
-0.888723
-0.787574
-0.695999
-0.639593
-0.633687
-0.618800
-0.620284
-0.614839
-0.496229
-0.447090
-0.400814
-0.373829
-0.037526
0.442362
0.951281
1.399109
1.533558
1.347291
0.931469
0.697091
0.488231
0.574954
0.715033
0.859217
0.827399
0.811391
0.780709
0.730465
0.704796
0.671114
0.648209
0.599426
0.555185
0.509596
0.461575
0.403680
0.170969
-0.061853
-0.320835
-0.573978
-0.800206
-0.827549
-0.818582
-0.825658
-0.772595
-0.749689
-0.738035
-0.720032
-0.698335
-0.686860
-0.669151
-0.647149
-0.611300
-0.542403
-0.290578
-0.236731
0.087688
0.340322
0.568882
0.616203
0.845290
0.807000
0.802096
0.796944
0.770609
0.744533
0.733650
0.695677
0.692929
0.672564
0.670981
0.712762
0.528671
0.621428
0.477140
0.350014
0.256671
0.411561
0.283391
0.389353
0.438387
0.451430
0.334727
0.114090
-0.186111
-0.495540
-0.909042
-1.183493
-1.144615
-1.094067
-0.979530
-0.827527
-0.687583
-0.761927
-0.747950
-0.663096
-0.616616
-0.499665
-0.332653
-0.185197
-0.353276
-0.487977
-0.636292
-0.823120
-0.970575
-0.898162
-0.732771
-0.311175
0.077117
0.106875
0.504645
0.821775
0.847707
0.896398
0.802290
0.368752
-0.014501
-0.458653
-0.857292
-0.754538
-0.646732
-0.516377
-0.368128
-0.296668
-0.075272
0.203966
0.602399
0.956994
1.158915
1.174387
1.077820
0.942357
0.734395
0.594288
0.453061
0.280876
0.180827
0.128375
0.100722
0.123412
0.138012
-0.067646
-0.261987
-0.414106
-0.443553
-0.452964
-0.390980
-0.243752
-0.182620
-0.297512
0.511905
1.198328
1.838903
1.706558
1.560660
0.569508
-0.437473
-1.462120
-1.515274
-1.594886
-1.678183
-1.646637
-1.403076
-1.233175
-1.092576
-0.946713
-0.715219
-0.512316
-0.234560
0.078320
0.335657
0.445161
0.572393
0.468325
0.575491
0.571412
0.526693
0.338827
0.243884
0.006759
-0.201453
-0.182823
-0.237544
-0.262713
-0.390592
-0.417826
-0.536331
-0.662487
-0.716971
-0.701319
-0.608300
-0.436666
-0.119749
0.275684
0.676248
1.036082
1.238885
1.424616
1.495747
1.511806
1.518210
1.527692
1.411037
1.291925
1.143057
0.943170
0.681451
0.517822
0.360043
0.177668
-0.038291
-0.243307
-0.465308
-0.674477
-0.824452
-0.942243
-1.002712
-1.076553
-1.181871
-1.260379
-1.269162
-1.323232
-1.236286
-1.156381
-0.967084
-0.789011
-0.528426
-0.376174
-0.206936
-0.066931
0.057860
0.134877
0.251450
0.418101
0.549650
0.655084
0.851946
1.000918
1.055566
0.972657
0.765631
0.467013
0.139995
-0.191811
-0.463255
-0.645972
-0.853565
-1.126031
-1.374805
-1.581494
-1.588668
-1.443176
-1.241873
-0.813544
-0.541401
-0.395698
-0.163559
0.073956
0.229351
0.327005
0.600068
0.617284
0.591049
0.400302
0.252876
0.105960
-0.052520
-0.262480
-0.362274
-0.474475
-0.828741
-1.252207
-1.481061
-1.823011
-1.919896
-1.660912
-1.317694
-0.917553
-0.381256
0.037887
0.109625
0.269948
0.654645
0.785628
0.951916
1.103401
1.155271
0.798764
0.590142
0.341886
0.082961
-0.158229
-0.401186
-0.167781
0.103343
0.354655
0.682623
1.040742
0.876273
0.705694
0.637081
0.583076
-0.172339
-0.124234
-0.030174
0.047570
0.015382
0.740336
0.744531
0.698597
0.685966
0.794192
0.795894
0.726213
0.702923
0.674952
0.569623
0.529723
0.430524
0.349277
0.104738
-0.060731
-0.303862
-0.412682
-0.596921
-0.692551
-0.808320
-0.878072
-0.960375
-0.976542
-0.919602
-0.907203
-0.800069
-0.673058
-0.542563
-0.451605
-0.340961
-0.285596
-0.216297
-0.183251
-0.062135
0.119275
0.317048
0.538464
0.723848
0.801309
0.895211
0.930261
0.902916
0.891862
0.933559
0.895199
0.987437
1.022758
1.118677
1.141930
1.025595
0.818335
0.657904
0.484747
0.351284
0.404136
0.420098
0.500887
0.564563
0.633211
0.560207
0.480817
0.394641
0.389395
0.348813
0.375874
0.372544
0.307280
0.088064
-0.006505
-0.142486
-0.296334
-0.825864
-1.175199
-1.648097
-2.017518
-2.294322
-2.077917
-1.983788
-1.800760
-1.680933
-1.557120
-1.446846
-1.298338
-1.156292
-0.965041
-0.707039
-0.520345
-0.319109
-0.116580
0.093777
0.202874
0.255683
0.254233
0.149100
-0.046961
-0.279648
-0.563838
-0.794691
-0.955026
-1.059164
-1.027430
-0.914689
-0.784420
-0.608582
-0.380913
-0.166556
0.057324
0.393839
0.571366
0.685617
0.729172
0.795155
0.744431
0.739447
0.817298
0.926330
1.000885
1.027114
1.134404
1.127592
1.020734
0.963494
0.889965
1.023802
0.954971
0.796029
0.482782
0.157938
-0.400630
-0.670599
-0.780646
-0.746078
-0.665386
-0.505353
-0.392977
-0.709217
-0.964697
-1.025801
-1.143831
-1.301194
-0.985288
-0.736377
-0.710852
-0.628570
-0.471862
-0.317328
-0.145268
-0.035373
0.070240
0.111519
0.171845
0.141789
0.172415
0.158174
0.228104
0.288124
0.386990
0.584030
0.685815
0.684140
0.091606
0.279017
0.591234
0.127795
-0.440651
-0.335779
-1.180037
-1.230477
-1.336306
-1.187321
-1.201287
-1.056578
-1.615180
-1.225228
-0.843471
-0.492143
-0.099036
0.103255
0.236330
0.339049
0.388204
0.440129
0.399558
0.271752
0.232118
0.207582
0.204627
0.151802
0.144075
-0.114147
-0.220726
-0.385479
-0.564160
-0.742965
0.053485
-0.090217
-0.175302
-0.220507
0.663843
-0.141339
-0.125841
0.094224
0.857385
0.910876
1.736634
2.679790
3.347276
3.172659
2.734259
2.257665
1.600973
0.794873
0.334796
-0.002551
-0.370655
-0.323409
-0.257923
-0.200308
-0.187529
-0.179583
-0.290255
-0.473580
-0.500700
-0.495962
-0.411092
-0.347293
-0.140886
-0.041292
0.125685
0.363389
0.464000
0.682638
0.845025
0.944857
0.810497
0.741168
0.688867
0.605457
0.472220
0.428741
0.245908
0.030077
-0.272557
-0.672839
-1.017596
-1.337638
-1.623053
-1.740837
-1.745095
-1.651632
-1.537382
-1.319759
-1.106381
-0.651460
-0.268003
0.097762
0.473551
0.620110
0.657532
0.719835
0.800058
0.707892
0.682205
0.641797
0.490793
0.352704
0.219949
0.112670
-0.022412
-0.150442
-0.180335
-0.357766
-0.424626
-0.531597
-0.529460
-0.522066
-0.285321
0.061700
0.383129
0.700888
0.944186
1.123251
1.179884
1.202228
1.198553
1.283153
1.272446
1.225104
1.132147
1.006447
0.797130
0.615348
0.467948
0.210552
0.041328
-0.238322
-0.441114
-0.662495
-0.759819
-0.865563
-0.926480
-0.935699
-0.926379
-1.005197
-1.121377
-1.262925
-1.347079
-1.448227
-1.403363
-1.217717
-0.991166
-0.875254
-0.766963
-0.500698
-0.331849
-0.260720
-0.095847
-0.000714
0.174995
0.236352
0.416922
0.532927
0.665954
0.731399
0.752958
0.749780
0.666383
0.465769
0.350651
0.155221
0.051200
-0.245202
-0.396591
-0.726842
-0.886058
-0.954202
-0.884078
-0.529008
-0.309347
-0.151271
0.147401
0.501266
0.518498
0.595992
0.811424
0.736418
0.572642
0.685149
0.641444
0.659485
0.601094
0.488048
0.257613
0.065297
-0.149903
-0.318200
-0.387926
-0.501080
-0.616574
-0.831629
-1.010587
-0.996868
-1.039483
-1.019100
-0.777101
-0.631106
-0.511827
-0.301253
-0.087410
0.108009
0.368869
0.570819
0.750555
1.090905
1.241921
1.352682
1.311003
1.194589
0.968059
0.737808
0.604422
0.679053
0.730055
0.695781
0.725328
0.778022
0.764588
0.846211
1.029870
1.163606
1.107359
1.049605
0.993066
0.544759
0.057113
-0.174635
-0.508610
-0.776304
-0.634010
-0.394831
-0.157077
0.049093
0.155809
0.074694
0.050406
-0.016229
-0.027971
-0.086037
0.027555
-0.074701
-0.231376
-0.297175
-0.440950
-0.546209
-0.623470
-0.650891
-0.714570
-0.734658
-0.796062
-0.762337
-0.784987
-0.726327
-0.610867
-0.635777
-0.764329
-0.863563
-0.976223
-1.151266
-1.117961
-0.968030
-0.842111
-0.659055
-0.347433
-0.037336
0.282022
0.491091
0.655549
0.747605
0.804844
0.854710
0.995747
1.071472
1.053835
0.928795
0.771324
0.651645
0.553221
0.391724
0.254591
0.004839
-0.177355
-0.470121
-0.602264
-0.724551
-0.838243
-0.845583
-0.874160
-0.856239
-0.764070
-0.730489
-0.829853
-0.850867
-0.744877
-0.638805
-0.326843
-0.021677
0.195491
0.320195
0.455258
0.587403
0.671683
0.788053
0.872815
0.863709
0.829939
0.745659
0.779608
0.713686
0.589205
0.536645
0.364095
0.177050
0.171585
0.066300
-0.062323
-0.135910
-0.204515
-0.464554
-0.508649
-0.619693
-0.826759
-0.991644
-1.185200
-1.204288
-1.211990
-1.103622
-1.037255
-0.827447
-0.782865
-0.697889
-0.563061
-0.454073
-0.328354
-0.276810
-0.153318
-0.124011
-0.114544
-0.227229
-0.236567
-0.422822
-0.519132
-0.595480
-0.627044
-0.737055
-0.869886
-0.912056
-0.893170
-0.871104
-0.849756
-0.761357
-0.716076
-0.635816
-0.379409
-0.093279
0.159422
0.479565
0.710005
0.883574
1.041523
1.306749
1.461987
1.495952
1.473280
1.376479
1.221038
1.026741
0.928562
0.815332
0.832583
0.936376
1.040147
1.042771
1.018542
0.866583
0.564277
0.389749
0.334710
0.198576
0.203725
0.361870
0.317859
0.189216
0.123590
0.074783
-0.026295
0.001388
0.192910
0.356064
0.446100
0.543321
0.655980
0.580543
0.475644
0.267800
-0.051184
-0.252494
-0.305672
-0.456707
-0.494807
-0.464163
-0.664433
-0.918112
-0.940221
-1.133729
-1.168059
-1.248237
-1.207025
-1.183026
-0.994723
-0.986635
-0.815506
-0.838793
-0.839199
-0.790162
-0.697915
-0.680968
-0.495704
-0.467643
-0.416611
-0.328282
-0.198500
-0.056844
0.152906
0.235739
0.381724
0.496714
0.556335
0.714809
0.895941
1.045871
1.105154
1.079827
1.035567
1.062718
0.987018
0.952959
0.777936
0.528713
0.270915
0.015128
-0.285423
-0.523322
-0.788764
-1.062356
-1.341679
-1.463402
-1.404342
-1.366089
-1.201820
-1.115757
-0.978314
-0.795568
-0.586126
-0.491197
-0.294390
-0.082928
0.044339
0.211013
0.353676
0.422313
0.469202
0.426491
0.452257
0.451467
0.533902
0.644355
0.817069
0.885534
1.001004
0.965827
0.860452
0.706229
0.640039
0.314527
0.133089
-0.103993
-0.301522
-0.592147
-0.700902
-0.743080
-0.727965
-0.739078
-0.336164
-0.222209
-0.213494
-0.215820
-0.183057
-0.278505
-0.020514
0.293977
0.315810
0.294354
0.337308
0.050578
-0.305238
-0.673281
-0.689653
-1.292471
-1.319012
-1.352350
-1.086620
-1.054116
-1.046422
-1.032955
-0.673950
-0.610127
-0.482850
-0.006096
0.313641
0.407964
0.761251
1.108970
1.335288
1.483673
1.468846
1.522192
1.448790
1.332138
1.129950
0.965464
0.708033
0.410907
0.205142
0.033029
-0.098827
-0.198553
-0.279960
-0.362088
-0.426915
-0.508795
-0.581607
-0.619935
-0.523795
-0.490424
-0.408905
-0.237612
-0.095031
0.029568
0.114706
0.297650
0.405343
0.551441
0.630384
0.781052
0.809616
0.840587
0.853493
0.995849
1.102223
1.128197
1.099506
1.304047
1.332898
1.249576
1.177650
1.025088
0.245137
-0.542891
-1.159458
-1.414120
-1.790844
-1.488016
-1.196481
-0.924082
-0.915986
-0.633519
-0.621044
-0.479302
-0.316134
-0.168149
-0.033948
-0.048056
-0.053242
0.041810
0.141969
0.259763
0.530682
0.711739
0.891732
0.961110
0.960336
0.953215
0.986707
0.916155
0.713315
0.460749
0.115180
-0.225986
-0.571748
-0.820142
-0.862017
-1.055936
-1.191143
-1.379216
-1.418732
-1.417364
-1.271444
-1.119374
-0.900433
-0.719725
-0.668585
-0.496140
-0.274804
-0.174383
0.082089
0.304863
0.501074
0.534408
0.638851
0.659969
0.663931
0.753474
0.839891
0.809311
0.705870
0.594474
0.413178
0.113490
-0.034134
-0.165466
-0.300094
-0.484658
-0.714357
-0.855810
-0.947312
-1.103248
-1.275470
-1.343388
-1.490874
-1.190702
-0.811208
-0.295943
0.359614
1.104919
1.328079
1.511900
1.616496
1.581940
1.434372
1.156767
0.863702
0.547810
0.256503
0.014535
-0.094766
-0.158273
-0.264355
-0.289644
-0.334391
-0.401653
-0.290731
-0.135245
0.078320
0.269998
0.506677
0.820963
1.220517
1.754674
2.266933
2.015512
1.563710
0.843277
-0.126080
-1.127112
-1.275420
-1.395182
-1.340788
-1.128354
-0.931074
-0.778062
-0.738857
-0.627176
-0.691394
-0.626044
-0.540086
-0.467687
-0.248725
-0.108333
-0.028286
0.136126
0.360306
0.294124
0.239358
0.429885
0.425547
0.318752
0.233248
0.317132
0.140112
-0.148034
-0.378595
-0.570133
-0.789882
-0.871737
-0.880964
-0.876190
-0.854181
-0.925241
-0.950342
-0.961310
-0.934874
-0.956709
-0.961216
-1.030246
-1.062665
-0.944048
-0.802013
-0.627038
-0.539631
-0.324936
-0.178846
-0.015991
0.340453
0.673593
0.943197
1.280462
1.540959
1.617154
1.671908
1.714784
1.649590
1.608216
1.592937
1.419839
1.260203
0.995933
0.745215
0.469919
0.312527
0.058747
-0.205435
-0.328989
-0.484667
-0.555892
-0.591868
-0.543549
-0.362262
-0.261547
-0.219243
-0.079777
0.194841
0.312491
0.532396
0.891854
1.252072
1.580817
1.745366
1.900330
1.959317
1.632424
1.266279
0.984856
0.528650
0.119938
-0.048130
-0.230158
-0.332987
-0.412258
-0.500598
-0.484374
-0.570558
-0.759209
-0.791861
-0.791141
-0.878424
-0.821730
-0.686915
-0.471837
-0.267294
0.015286
0.184529
0.327326
0.400640
0.470712
0.540417
0.661514
0.744851
0.843669
0.897043
0.911774
0.936437
0.972378
0.973553
0.917806
0.817242
0.589584
0.413672
0.083019
-0.370225
-0.919908
-1.420236
-1.855444
-1.971932
-2.042725
-1.808422
-1.575976
-1.436423
-1.395291
-1.200486
-1.036525
-0.856767
-0.673909
-0.553366
-0.356953
-0.244050
-0.158152
-0.113088
-0.045194
-0.020430
-0.003944
-0.014774
-0.066762
-0.125982
-0.315009
-0.610607
-0.833510
-1.010774
-1.169771
-1.293658
-1.380312
-0.971275
-0.657120
-0.402808
0.054057
0.494474
0.716506
0.898579
1.130819
1.162802
1.075065
0.786762
0.649365
0.571934
0.437287
0.498420
0.483421
0.433653
0.296392
0.165692
0.109116
0.034643
-0.102620
-0.274072
-0.382336
-0.588963
-0.813143
-0.956691
-0.952256
-0.991874
-1.019907
-1.137605
-1.127458
-1.249684
-1.241619
-1.196832
-0.914561
-0.586585
-0.270407
-0.040472
0.165579
0.362234
0.425177
0.600158
0.884147
1.128194
1.246905
1.403351
1.428034
1.426269
1.375405
1.314153
1.087161
0.846355
0.570465
0.367513
0.134004
0.018659
-0.099414
-0.117498
-0.271198
-0.328117
-0.390945
-0.365711
-0.382283
-0.210680
0.107796
0.453652
0.895745
1.311920
1.586698
1.829556
1.812581
1.771109
1.441896
1.305660
1.183004
0.957763
0.707234
0.516054
0.252143
-0.075350
-0.453197
-0.861969
-1.199028
-1.236652
-1.507245
-1.303944
-1.030699
-0.589478
-0.512127
-0.298710
-0.103629
-0.034008
-0.037003
0.089112
0.055410
-0.004276
0.125237
0.228746
0.372103
0.678293
0.872030
0.908683
0.952555
0.884635
0.850919
0.885303
0.907121
0.986450
0.986132
0.941639
0.900735
0.789236
0.550893
0.346762
0.101485
-0.109668
-0.354772
-0.425835
-0.528069
-0.499667
-0.644927
-0.620176
-0.643759
-0.614290
-0.603033
-0.552547
-0.526475
-0.522813
-0.604937
-0.698237
-0.703114
-0.725532
-0.795538
-0.796509
-0.774639
-0.827527
-0.873142
-0.898168
-0.869502
-0.922347
-0.916201
-0.917815
-0.916961
-0.837333
-0.655041
-0.444049
-0.170515
0.036199
0.198722
0.285749
0.467815
0.576841
0.676526
0.731831
0.711325
0.684245
0.613557
0.643092
0.677064
0.708217
0.605308
0.463723
0.374988
0.274146
0.165295
0.064373
-0.129452
-0.357245
-0.646539
-0.906188
-1.058592
-1.075314
-1.139077
-1.137613
-1.020452
-0.980041
-0.950730
-0.881178
-0.814346
-0.735531
-0.721457
-0.745168
-0.608080
-0.522415
-0.422547
-0.324345
-0.149178
-0.177287
-0.156992
-0.183221
-0.088661
0.009851
0.168148
0.258167
0.305247
0.553248
0.781266
0.952919
1.077406
1.181717
1.067956
0.933273
0.768870
0.757114
0.726035
0.645332
0.629937
0.658861
0.625469
0.686925
0.770017
0.814889
0.882682
0.972063
0.954586
0.957670
0.919161
0.885415
0.794989
0.696057
0.508884
0.276143
-0.014078
-0.232427
-0.497239
-0.686568
-0.795760
-0.856894
-0.996060
-1.005870
-1.034667
-1.034751
-1.015492
-0.913893
-0.826915
-0.715726
-0.620140
-0.502940
-0.391666
-0.294478
-0.173374
-0.016885
0.137956
0.255242
0.369049
0.397853
0.452309
0.476763
0.482689
0.576347
0.689610
0.761703
0.534203
0.354019
0.341844
0.050789
-0.265563
-0.332254
-0.438237
-0.805168
-0.895133
-0.944358
-1.001353
-1.004090
-1.014172
-0.997895
-0.950082
-0.879173
-0.854360
-0.803919
-0.495162
-0.245060
-0.209708
0.100505
0.379609
0.460516
0.494630
0.757463
0.758761
0.778875
0.778416
0.770631
0.781818
0.793055
0.771544
0.702848
0.634078
0.515031
0.382464
0.252934
0.128833
-0.006319
-0.145015
-0.258839
-0.336396
-0.466958
-0.629294
-0.722572
-1.510017
-1.637194
-1.718102
-1.675130
-1.655353
-0.828471
-0.669576
-0.548615
-0.416529
-0.283565
-0.190388
0.027656
0.248228
0.407439
0.634398
0.768050
0.867236
0.976611
1.150460
1.046696
1.031359
0.906599
0.585437
0.267993
0.047584
-0.051915
-0.109672
0.103776
0.488812
0.826136
1.037000
0.043158
0.058100
-0.195883
-1.298637
-1.630988
-1.630988
-1.553414
-1.674223
-0.811786
-0.846139
-0.846139
-1.144320
-1.107726
-0.989252
-0.896930
0.035394
0.113798
0.117877
0.153874
0.235098
0.233014
0.346062
0.313313
0.408179
0.505513
0.686069
0.773421
0.940727
0.891420
0.884068
0.990034
0.971963
0.985243
1.156665
1.158119
1.114253
1.135537
1.157898
1.018913
1.024650
0.950164
0.764334
0.558320
0.416630
0.314124
0.036234
-0.168702
-0.280730
-0.587462
-0.713727
-0.691478
-0.688412
-0.641670
-0.428189
-0.671621
-0.810997
-0.691201
-0.735315
-0.813549
-0.577671
-0.431787
-0.505164
-0.497186
-0.571955
-0.702247
-0.912020
-0.921985
-0.817212
-0.685302
-0.475169
-0.404238
-0.355401
-0.368851
-0.334245
-0.379955
-0.111752
0.012995
0.208070
0.408755
0.618574
0.715168
0.824930
0.805683
0.729596
0.670077
0.656856
0.708401
0.715539
0.758140
0.710917
0.698255
0.623656
0.628266
0.670880
0.703561
0.654833
0.239602
0.272026
0.306427
-0.076305
-0.040967
-0.002868
-0.026813
-0.525202
-0.521539
-0.491820
-0.507365
-0.909953
-0.881910
-0.541158
-0.626027
-0.543742
-0.146931
-0.034198
0.003671
-0.236495
-0.192836
-0.152754
-0.101960
-0.292932
-0.196776
-0.094441
-0.331055
-0.324081
-0.332901
-0.362984
-0.377862
-0.412507
-0.398644
0.087899
0.075254
0.500506
0.442282
0.813876
0.744386
0.666215
0.525509
0.354742
0.359638
-0.299225
-0.456711
-1.158292
-1.357825
-1.553173
-1.202869
-0.853607
-0.355264
0.139928
0.076837
0.034391
-0.097996
-0.217301
-0.310600
-0.221523
-0.079790
0.236160
0.307669
0.429076
0.257546
0.003376
-0.175484
-0.370834
-0.687620
-0.844194
-0.997204
-1.121788
-1.070059
-0.923461
-0.950712
-0.716608
-0.718658
-0.506495
-0.302005
-0.035386
0.222054
0.589422
0.766277
0.946027
1.190128
1.269314
1.282756
1.212668
1.140154
1.059464
0.865149
0.759936
0.740371
0.703162
0.643581
0.658053
0.621706
0.543140
0.386160
0.340538
0.381844
0.257266
0.309556
0.450593
0.501788
0.585553
0.835066
0.975897
1.058804
0.961635
0.760280
0.546935
0.356052
0.042730
-0.038971
-0.197722
-0.694171
-0.893551
-0.931264
-1.462745
-1.998953
-2.160925
-2.670858
-3.132173
-3.141335
-3.030869
-2.851371
-2.048024
-1.420575
-0.750980
-0.108182
0.362221
0.518841
0.607292
0.654627
0.919836
1.180118
0.985500
0.920417
0.910374
0.675639
0.483657
0.407834
0.505640
0.492527
0.671249
-0.027373
0.161597
0.261427
0.277856
0.298539
0.873631
0.845166
0.684177
0.571455
0.278505
0.260067
0.154108
-0.010416
0.020871
0.059429
0.210713
0.154231
0.406201
0.584567
0.650173
0.596990
0.730993
0.793990
0.683007
0.731314
0.924250
1.007802
1.046414
1.027197
1.048489
0.872972
0.189402
-0.487083
-1.046978
-1.679717
-2.185598
-2.135507
-1.703066
-1.216579
-0.672855
-0.105935
0.487315
0.187627
-0.014110
-0.249054
-0.019580
0.259413
0.559323
0.675011
0.886816
0.618272
0.244217
0.414258
0.590909
0.645855
0.596340
0.558857
0.389262
0.185688
0.068617
-0.051019
-0.248926
-0.368257
-0.431505
-0.586535
-0.688108
-0.753999
-0.940220
-1.104703
-1.213329
-1.286199
-1.270976
-1.169024
-1.003357
-0.888616
-0.706272
-0.532268
-0.262669
0.086969
0.352955
0.562991
0.735859
0.803535
0.744729
0.777309
0.874919
0.928001
0.917309
0.908155
0.842351
0.744740
0.634354
0.601354
0.510538
0.386785
0.210382
0.012129
-0.127009
-0.208417
-0.327724
-0.461267
-0.598136
-0.792926
-1.115243
-1.340500
-1.460727
-1.488620
-1.327672
-1.099749
-0.777763
-0.531267
-0.311142
-0.096843
0.081751
0.243410
0.439883
0.630523
0.724056
0.827735
0.925676
0.905657
0.953081
0.945979
0.921505
0.841234
0.830628
0.788261
0.633873
0.591360
0.614380
0.561515
0.375980
0.197457
0.027941
-0.208841
-0.633209
-0.908316
-1.261224
-1.520688
-1.830480
-1.925197
-1.801233
-1.783117
-1.704419
-1.514009
-1.126428
-1.122193
-0.822123
-0.687730
-0.576848
-0.399900
-0.188832
-0.101865
0.135625
0.265815
0.191131
0.060786
0.036929
-0.157852
-0.260554
-0.281116
-0.239147
-0.100235
0.081227
0.162680
0.325424
0.494984
0.675699
0.852114
1.183876
1.321461
1.487907
1.508255
1.464020
1.703059
1.467043
1.283509
1.532351
1.229413
0.872478
0.530051
0.605586
0.293296
0.537586
0.358847
0.668026
0.461383
-0.059450
-0.527898
-0.878243
-1.247827
-1.503713
-1.454749
-1.371430
-1.285468
-1.199659
-1.081988
-1.015804
-0.980086
-0.817210
-0.615915
-0.388605
-0.129923
0.136523
0.242711
0.440097
0.553920
0.654138
0.650135
0.724670
0.699193
0.578272
0.478065
0.419833
0.200024
0.048519
-0.171810
-0.403649
-0.640183
-0.808316
-0.932356
-1.025287
-1.056769
-1.135831
-1.144963
-1.304066
-1.254369
-1.211046
-1.094863
-0.948671
-0.769486
-0.576692
-0.375295
-0.196825
0.050635
0.265304
0.336717
0.383415
0.476217
0.489840
0.572018
0.707525
0.750584
0.770929
0.827717
0.891866
0.945841
1.023600
1.071555
0.937907
0.702005
0.476801
0.240947
-0.067359
-0.309357
-0.404601
-0.444260
-0.497551
-0.337173
-0.062061
0.096249
0.251578
0.512127
0.699937
0.868770
1.253075
1.556200
1.744067
1.800282
1.674440
1.341081
0.940015
0.605896
0.284646
0.007858
-0.247034
-0.511054
-0.778517
-0.969378
-0.996947
-1.053052
-0.963621
-0.878118
-0.699149
-0.599570
-0.397558
-0.274684
-0.063873
0.118426
0.312964
0.460144
0.690231
0.791959
0.946546
1.019147
1.103512
1.126946
1.062741
0.881768
0.739926
0.606602
0.398233
0.337204
0.228576
0.026092
-0.154742
-0.317287
-0.570432
-0.742316
-0.832693
-0.974125
-1.263960
-1.236717
-1.195883
-1.120752
-1.036692
-0.915667
-0.878775
-0.947955
-0.983025
-0.998522
-0.809102
-0.752977
-0.571446
-0.406979
-0.260109
-0.180791
-0.041748
0.077332
0.130366
0.272877
0.553164
0.879560
1.058283
1.049075
0.752139
0.247658
-0.168073
-0.383045
-0.853278
-1.011613
-1.195958
-1.384595
-1.631601
-1.377673
-0.930957
-0.481982
-0.178481
0.015279
0.305602
0.274851
0.219762
0.168627
0.036448
-0.079596
-0.301398
-0.448032
-0.456453
-0.553560
-0.736422
-0.882451
-0.846888
-1.009555
-0.996295
-0.897117
-0.775850
-0.742390
-0.773991
-0.722846
-0.722489
-0.718555
-0.515455
-0.352253
-0.104294
0.077660
0.288255
0.367654
0.594371
0.918766
1.160732
1.362240
1.492379
1.624212
1.559616
1.398632
1.532232
1.633715
1.365239
1.136963
1.053530
0.507826
0.138229
0.112295
-0.069431
-0.186426
-0.187331
-0.549388
-0.823076
-0.946242
-1.053275
-0.896439
-0.602438
-0.233129
-0.072423
0.059113
0.078069
0.223435
0.201469
0.291483
0.550019
0.649716
0.565696
0.414837
0.306741
0.011022
-0.226031
-0.363162
-0.027078
-0.103955
-0.205084
-0.268878
0.022399
-0.134568
-0.229313
-0.311580
-0.431934
-0.465105
-0.847142
-0.871305
-0.878050
-0.410906
-0.357245
-0.307824
0.096738
0.503631
0.506492
0.459628
0.816179
0.842320
0.832288
0.787344
0.762599
0.687073
0.591677
0.475690
0.376439
0.293770
0.196760
0.104335
0.031008
-0.014357
-0.099555
-0.138335
-0.276351
-0.369875
-0.420199
-0.466950
-0.477071
-0.353889
-0.293524
-0.185261
0.046245
0.257918
0.519921
0.841738
1.037051
1.163400
1.304055
1.258743
1.224579
1.198764
1.119333
0.974844
0.969807
0.835037
0.703102
0.613484
0.572517
0.427219
0.258104
0.060764
-0.187322
-0.438013
-0.721194
-0.992648
-1.308044
-1.631036
-1.975806
-2.145883
-2.144726
-2.087815
-1.755323
-1.397978
-1.095557
-0.778377
-0.386389
-0.191917
0.003609
0.245151
0.379514
0.457893
0.562740
0.620175
0.632319
0.597116
0.544648
0.504098
0.369762
0.159826
0.065125
0.025565
-0.091613
-0.099371
0.100715
0.174394
0.231545
0.353367
0.504955
0.504955
0.142353
0.248895
-0.097303
-0.001296
-0.319071
-0.197701
-0.107788
-0.080226
-0.110966
-0.092824
-0.045547
-0.450999
-0.404355
-0.749310
-0.726159
-0.693796
-0.735951
-0.781321
-0.501633
-0.197056
0.077791
0.018902
0.288616
0.242869
-0.193079
-0.239420
-0.321142
-0.351907
-0.424005
-0.152003
-0.203000
0.209624
0.334667
0.533277
0.703068
0.851158
1.068875
1.052981
0.987307
0.948074
0.881213
0.677697
0.666433
0.532769
0.400878
0.231294
0.042898
-0.214577
-0.368957
-0.458267
-0.570000
-0.618639
-0.630096
-0.638676
-0.715906
-0.767423
-0.782305
-0.836144
-0.882298
-0.996437
-1.027710
-1.003354
-0.844905
-0.516871
0.056830
0.555026
0.694555
0.981023
0.934106
0.597733
0.325887
0.239155
0.002457
0.011966
0.134631
0.261793
0.442279
0.489348
0.481635
0.404454
0.382121
0.358184
0.363360
0.416395
0.550865
0.757967
0.724758
0.791528
0.804428
0.825068
0.842685
1.097565
1.196479
1.306147
1.424735
1.369260
1.268445
1.216084
1.259917
1.121268
1.091562
1.163285
1.161038
1.055901
0.902859
0.662372
0.325763
0.142840
0.031558
0.048429
0.018905
-0.038201
-0.183764
-0.394964
-0.606034
-0.716915
-0.908312
-0.929904
-0.956348
-0.850642
-0.852467
-0.783639
-0.796839
-0.830640
-0.846892
-0.776569
-0.591510
-0.452828
-0.286288
-0.223594
-0.207883
-0.189160
-0.014936
0.042491
0.170269
0.313366
0.630557
0.791317
0.992755
0.618560
0.304119
-0.214124
-0.108090
0.060529
0.165329
0.214987
0.287202
-0.313598
-0.889112
-0.842011
-0.807554
-0.762655
-0.614887
-0.553170
-0.473806
-0.390107
-0.372014
-0.462411
-0.497578
-0.557760
-0.608715
-0.654146
-0.692871
-0.717617
-0.726208
-0.795037
-0.764317
-0.717368
-0.672901
-0.634879
-0.569392
0.015058
0.042709
-0.011076
0.031386
0.036057
-0.476070
-0.390222
-0.222682
-0.218526
-0.215176
0.258043
0.123893
-0.014822
-0.154305
-0.281852
-0.353900
0.160447
0.617744
1.112432
1.558801
1.388654
1.263623
1.152580
1.082956
0.947186
0.939882
0.860540
0.830696
0.729298
0.715451
0.632412
0.576849
0.519808
0.513762
0.647189
0.705820
0.716967
0.658140
0.626947
0.516700
0.406390
0.319571
0.212094
0.189955
0.194239
0.079536
-0.115059
-0.432529
-0.751686
-1.099401
-1.275014
-1.477747
-1.443724
-1.410837
-1.463706
-1.471150
-1.398972
-1.296924
-1.249629
-1.032646
-0.844656
-0.654842
-0.549054
-0.415707
-0.232826
-0.146767
0.013984
0.035328
0.008134
0.058457
-0.007641
-0.185098
-0.282652
-0.434388
-0.636719
-0.940054
-1.237178
-1.142765
-0.872402
-0.921025
-0.585322
-0.454983
-0.155328
0.032410
0.530089
0.558362
0.902475
0.738799
0.463457
-0.090325
-0.180068
-0.173504
-0.159756
0.086926
0.262599
0.553212
0.427932
0.268279
-0.137435
-0.248142
-0.592346
-0.605006
-0.538155
-0.443006
-0.478963
-0.391918
-0.480156
-0.603885
-0.710182
-0.813387
-1.043040
-0.898398
-0.705034
-0.358228
0.034021
0.644651
1.015735
1.196098
1.280962
1.331253
1.202038
1.054236
1.004794
1.065434
1.017478
0.889596
0.762324
0.653144
0.403881
0.316149
0.354292
0.345382
0.329769
0.305033
0.265795
0.249684
0.297645
0.400716
0.585039
0.762237
0.897339
0.986329
1.006323
0.963744
0.850774
0.426603
0.071710
0.053683
-0.281907
-0.255425
-0.267568
-0.035065
-0.079375
-0.113085
-0.149246
-0.174444
-0.477285
-0.783615
-0.774109
-1.044052
-1.031589
-1.029922
-1.011606
-0.994488
-0.994299
-0.981843
-0.899284
-0.827181
-0.761411
-0.705522
-0.665737
-0.324130
-0.016190
0.410191
0.709408
0.990425
0.917366
0.860481
0.748798
0.677267
0.647037
0.675206
0.724849
0.687471
0.764552
0.801709
0.683699
0.617631
0.537853
0.297878
0.039312
-0.135814
-0.311470
-0.447724
-0.449561
-0.318064
-0.142348
-0.173774
-0.040191
0.038997
0.063909
0.092184
0.232799
0.294293
0.355993
0.297340
0.265846
0.343981
0.446233
0.575673
0.704787
0.927688
1.099824
1.163342
1.209729
1.338651
1.354179
1.078243
0.822746
0.654049
0.506116
-0.089590
0.055929
-0.353084
-0.766114
-1.201795
-0.782510
-1.252661
-0.820211
-0.407224
0.002758
-0.365283
-0.410297
-0.833105
-1.202963
-1.553579
-1.584397
-1.487378
-1.342277
-1.223416
-1.128510
-0.798908
-0.542177
-0.327330
-0.164718
0.067353
-0.025751
-0.016415
-0.032135
-0.081894
-0.049785
0.027335
-0.076524
-0.177478
-0.041252
0.073882
0.188440
0.533141
0.934767
1.182359
1.337255
1.500305
1.479818
1.393677
1.338727
1.229393
1.157667
1.098909
1.047386
0.955170
0.489011
0.048247
-0.331487
-0.686310
-1.019091
-0.978680
-0.893060
-0.779399
-0.670166
-0.553393
-0.424801
-0.288284
-0.153553
0.019021
0.164108
0.308960
0.443933
0.479366
0.473066
0.402091
0.366911
0.180959
0.032214
-0.110171
-0.204476
-0.341701
-0.409357
-0.494438
-0.608645
-0.780076
-0.885528
-1.069942
-1.231119
-1.329452
-1.287724
-1.246485
-1.113820
-0.930529
-0.758199
-0.724260
0.086138
0.799303
1.087317
1.382834
1.712384
1.280158
0.972035
1.058452
1.038541
0.957291
0.845920
0.618559
0.425237
0.194051
0.062489
-0.193725
-0.335553
-0.519739
-0.695904
-0.697312
-0.785165
-0.791684
-0.768398
-0.788605
-0.879023
-0.752345
-0.682729
-0.659966
-0.474999
-0.319160
-0.202131
-0.211632
-0.203867
-0.229892
-0.385389
-0.553041
-0.584484
-0.739498
-0.869118
-0.939870
-1.024292
-1.072658
-1.024433
-0.967832
-0.907526
-0.722123
-0.650640
-0.542926
-0.368649
-0.210870
-0.046426
0.188280
0.396695
0.607922
0.802735
0.966288
0.994824
1.102250
1.090631
1.029172
0.972260
0.960687
0.930960
0.915082
0.899917
0.891216
0.925112
0.859453
0.841219
0.907767
0.871760
0.810531
0.744822
0.686917
0.659495
0.464508
0.279996
0.183174
0.092791
-0.025516
-0.123635
-0.157749
-0.200258
-0.211866
-0.180794
-0.076685
0.052157
0.081145
0.111727
0.100103
0.264712
0.288995
0.282158
-0.078765
-0.448417
-0.750249
-1.034258
-1.234033
-1.122014
-0.979689
-0.956835
-0.887601
-0.970652
-0.967782
-1.099449
-1.035328
-1.007018
-0.837668
-0.664968
-0.392305
-0.187957
0.005052
0.270263
0.388305
0.523431
0.540734
0.641867
0.772955
0.929651
1.052386
1.214939
1.246874
1.150394
0.998836
0.817036
0.524694
0.283467
0.113855
-0.170825
-0.406130
-0.528386
-0.710333
-0.971137
-1.091003
-1.257700
-1.448758
-1.523518
-1.415041
-1.379474
-1.220329
-1.100285
-0.911964
-0.806707
-0.640794
-0.556391
-0.473862
-0.209380
0.027400
0.286222
0.572859
0.986456
1.086079
0.893405
0.802453
0.617823
0.379023
0.182360
0.179216
0.203136
0.108571
-0.215173
-0.251138
-0.215716
-0.465959
-0.861751
-0.880105
-1.148210
-1.575354
-1.514267
-1.495627
-1.364579
-1.310181
-1.019246
-1.044225
-1.012854
-0.866265
-0.718585
-0.823502
-0.924035
-0.727366
-0.680690
-0.609465
-0.448018
-0.196925
0.001226
-0.026061
-0.127071
-0.122305
0.030084
0.210153
0.237999
0.346445
0.608574
0.434786
0.682342
0.890932
1.146205
1.285831
1.587542
1.338184
1.233829
1.156162
1.090366
0.988418
0.997701
0.962865
0.753173
0.530549
0.391679
0.396420
0.327026
0.441659
0.531997
0.579555
0.454692
0.614618
0.775174
0.752270
0.633373
0.719362
0.630001
0.693706
0.847876
1.149068
1.151794
1.155258
0.991621
0.896086
0.740637
0.829200
0.787941
0.654669
0.601225
0.475766
0.256360
0.058724
-0.122160
-0.255050
-0.188559
-0.380187
-0.511482
-0.539154
-0.812608
-1.196017
-1.262839
-1.184469
-1.294518
-1.191060
-1.001894
-0.794282
-0.642446
-0.334567
-0.025321
0.201929
0.476770
0.613291
0.756261
0.885864
0.940219
0.880513
0.840807
0.730084
0.567515
0.392047
0.197100
-0.018270
-0.304518
-0.629852
-0.819856
-0.946280
-1.127220
-1.211504
-1.311228
-1.364199
-1.465447
-1.466157
-1.340167
-1.221840
-1.126673
-1.036796
-0.910373
-0.847277
-0.763334
-0.701800
-0.623749
-0.376670
-0.217319
0.039075
0.438720
0.698695
0.922305
0.958828
0.878137
0.690364
0.633108
0.588542
0.635872
0.742449
0.754258
0.860879
0.721689
0.741991
0.704021
0.726232
0.619211
0.621638
0.436337
0.386151
0.314634
0.165265
0.010416
-0.000807
-0.110275
-0.258723
-0.321487
-0.419076
-0.543701
-0.628357
-0.595762
-0.252215
0.021166
0.608692
1.157732
1.534762
1.614684
1.676792
1.493820
1.275986
1.156576
1.036427
0.774074
0.460874
0.095974
-0.282255
-0.672969
-0.890806
-1.074777
-1.135897
-1.152637
-1.184630
-1.156314
-1.090578
-0.961094
-0.900942
-0.810639
-0.638625
-0.551106
-0.536290
-0.523422
-0.478023
-0.439651
-0.481360
-0.568662
-0.470881
-0.436955
-0.472974
-0.299864
-0.140293
-0.177858
-0.252929
-0.167278
-0.149057
-0.198148
-0.198151
-0.148779
-0.180941
-0.370570
0.251722
0.169765
0.725353
1.186290
1.167911
0.402770
0.860695
0.629589
-0.019751
-0.102490
0.276523
-0.333137
-0.485673
-0.062066
0.330650
0.293156
0.364155
0.383816
-0.038237
-0.046579
-0.097548
0.179167
0.154059
0.403670
0.390200
0.410573
0.499248
0.564408
0.592644
0.629144
0.274123
0.242160
0.205650
0.268368
0.237789
0.636384
0.760635
0.388676
0.046364
-0.275526
-0.630903
-0.497177
0.094724
0.699144
0.664523
0.677202
0.231282
-0.185562
-0.642819
-0.444074
-0.215953
-0.067101
0.128478
0.300264
0.432073
0.481775
0.413626
0.337461
0.286646
0.116264
0.000769
-0.115962
-0.287249
-0.473699
-0.626440
-0.788828
-0.880958
-0.911611
-0.967710
-0.949427
-0.949464
-0.967190
-1.022012
-1.024000
-0.981927
-0.938822
-0.815049
-0.655045
-0.520138
-0.341442
-0.175759
-0.045591
0.143876
0.302041
0.395259
0.451558
0.265436
-0.007934
-0.037410
-0.273081
-0.492298
-0.456364
-0.450814
-0.675339
-0.662262
-0.646555
-0.239559
-0.264204
0.132265
0.452704
0.766902
0.668511
0.949097
0.545091
0.183149
-0.151095
-0.424261
-0.673517
-0.617886
-0.579797
-0.517563
-0.541390
-0.549788
-0.545648
-0.555761
-0.549588
-0.544914
-0.533635
-0.556325
-0.637994
-0.704520
-0.783458
-0.766166
-0.796660
-0.786943
-0.307972
-0.301180
0.134811
0.211631
0.267637
0.233853
0.247119
0.227058
0.533829
0.961865
0.916467
1.230533
1.064950
0.968480
0.838259
0.684854
0.604739
0.617307
0.605889
0.605251
0.663676
0.737556
0.739240
0.751328
0.674913
0.627301
0.595572
0.561555
0.564241
0.616858
0.575172
0.536655
0.526208
0.547183
0.579371
0.667588
0.816452
0.949606
0.850940
0.642522
0.497990
0.418432
0.229603
0.324769
0.527464
0.474940
0.303869
0.098028
-0.191018
-0.596423
-0.837070
-1.105040
-1.145739
-1.129329
-1.032332
-0.859268
-0.767043
-0.602710
-0.483808
-0.425378
-0.291388
-0.144663
-0.122843
-0.127983
-0.563489
-0.517862
-0.456445
-0.346790
-0.299398
0.237635
0.232620
-0.249975
-0.266753
-0.854936
-1.339447
-1.805768
-1.635947
-2.066375
-1.818470
-1.091625
-1.061205
-1.035252
-0.335278
0.098005
0.002109
0.475118
0.881272
0.658219
0.636480
0.592733
0.599302
0.491917
0.385828
0.295266
0.184173
0.045499
-0.230250
-0.292722
-0.397830
-0.470563
-0.507985
-0.294030
-0.538882
-0.724612
-0.850445
-0.550249
-0.344327
0.075987
0.551000
0.932467
0.967085
1.055196
1.181811
1.217634
0.996762
0.922933
0.584057
0.179055
-0.202706
-0.307728
-0.374852
-0.467661
-0.245267
-0.296584
-0.339834
-0.668973
-0.472252
-0.555399
-0.683900
-0.494848
-0.273937
-0.680693
-0.657445
-0.273372
-0.229188
-0.704062
-0.825914
-0.797977
-0.791915
-0.759477
-0.219411
0.462938
0.525041
0.676350
0.965470
1.151863
1.395462
1.617608
1.696518
1.553476
1.517092
1.384171
1.150874
0.910056
0.693775
0.451857
0.095826
-0.027927
-0.194313
-0.329408
-0.467669
-0.418230
-0.458631
-0.281744
-0.147326
-0.029503
-0.046852
-0.029185
-0.073141
0.042114
0.217731
0.486264
0.806390
1.140384
1.241047
1.507389
1.623902
1.945430
2.208183
2.549756
2.634424
2.815512
2.637718
1.589447
0.608648
0.316293
-0.245455
-0.770613
-0.492336
-0.055402
-0.192524
-0.192368
-0.114937
0.003597
-0.083892
-0.301966
-0.374471
-0.398396
-0.426635
-0.277314
-0.215861
-0.211199
-0.210095
-0.235743
-0.442704
-0.571535
-0.587012
-0.799732
-0.983945
-1.114771
-1.267110
-1.448785
-1.509790
-1.581910
-1.633811
-1.470254
-1.356407
-1.373970
-1.248913
-1.155871
-1.162561
-0.916538
-0.601818
-0.283397
-0.027495
0.297420
0.387202
0.564128
0.650218
0.732240
0.762277
0.720678
0.680835
0.706162
0.701298
0.630398
0.540702
0.452358
0.287195
0.229060
0.112742
-0.088245
-0.277584
-0.501326
-0.724088
-0.793035
-0.745460
-0.636438
-0.535607
-0.408030
-0.338251
-0.158725
-0.081527
0.022899
0.186740
0.385509
0.488864
0.732612
0.968745
0.612332
0.232971
-0.060979
-0.464282
-0.933845
-0.826119
-0.311993
-0.444919
-0.561824
-0.604882
-0.213766
-0.636766
-0.081151
0.386935
0.844034
0.790202
1.025666
0.877179
0.717482
0.416979
0.099831
-0.092371
-0.244852
-0.298334
-0.293070
-0.212310
-0.072296
-0.007099
0.039959
0.234064
0.296108
0.298561
0.337300
0.432917
0.447914
0.533102
0.649509
0.740894
0.292385
-0.116176
-0.174467
-0.564506
-0.957709
-0.516069
-0.500261
-0.570836
-0.572405
-0.315924
-0.699214
-0.641567
-0.831101
-0.798035
-1.004323
-0.590855
-0.503113
-0.439604
-0.358029
-0.331966
-0.565304
-0.257617
0.077991
0.406540
0.762443
1.064826
1.047181
1.023559
0.957439
0.882617
0.798922
0.742468
0.685375
0.648986
0.569686
0.478391
0.405478
0.310312
0.202606
0.163194
0.109474
0.056305
0.039074
0.058827
0.160623
0.303980
0.539435
0.401364
0.564382
0.660242
0.674168
0.647880
0.937540
0.928069
0.477313
0.456385
0.422109
-0.062089
-0.219600
0.020173
-0.129648
-0.284333
-0.031514
-0.092887
-0.463067
-0.807907
-1.152522
-1.424169
-1.442945
-1.445935
-1.167403
-1.202187
-0.906623
-0.856139
-0.765305
-0.622901
-0.132460
0.055083
0.198836
0.633409
0.767721
0.873931
1.029840
1.123573
0.893944
1.049638
0.728275
0.296519
-0.058030
-0.119353
-0.675910
-0.789267
-0.923230
-1.006862
-0.823241
-0.537653
-0.256603
0.067788
0.342908
0.128641
-0.136904
-0.322643
-0.485054
-0.656667
-0.508339
-0.398955
-0.376817
-0.421643
-0.510644
-0.226201
-0.296569
-0.367149
-0.320966
0.151836
-0.211013
-0.207148
0.231158
0.501531
0.365030
0.575206
0.848699
0.694723
0.598978
0.614628
0.607405
0.608336
0.184760
-0.216213
-0.228081
-0.572902
-0.556743
-0.098904
0.373850
0.389407
0.750967
0.711662
0.689650
0.280920
-0.223344
-0.667640
-0.657316
-0.745966
-0.417802
-0.031422
0.286718
0.165385
0.092116
-0.059774
-0.134890
-0.206851
-0.681569
-1.131884
-1.115290
-1.204335
-1.273378
-0.946863
-0.497315
-0.458135
-0.396163
-0.158094
0.095163
0.333149
0.539906
0.766882
0.874587
0.956224
0.955367
0.970724
1.007431
1.024977
1.004933
0.968186
0.916662
0.834667
0.760540
0.754509
0.730380
0.693455
0.716524
0.671246
0.557428
0.467501
0.303380
0.056398
-0.258770
-0.518911
-0.791727
-0.955523
-1.057579
-1.077210
-0.992010
-0.971498
-0.907246
-0.847850
-0.829092
-0.862807
-0.817130
-0.709876
-0.679479
-0.557565
-0.466348
-0.409636
-0.407187
-0.370825
-0.269465
-0.161054
-0.240149
-0.265243
-0.341389
-0.457868
-0.621211
-0.614945
-0.495366
-0.410446
-0.356478
-0.289616
0.135834
0.413172
0.912179
1.494660
1.927059
2.416106
3.071013
3.572966
4.414643
5.455954
5.879841
6.197030
