6.228891
6.228891
4.784388
3.535678
2.940827
2.496877
1.393280
1.535523
1.243264
0.280892
-0.862833
-1.649224
-2.236952
-2.585970
-2.918736
-3.221047
-3.221047
-3.060923
-2.791860
-2.465024
-2.105983
-1.742287
-1.510457
-1.356865
-1.096145
-0.818870
-0.519721
-0.224961
0.113566
0.250095
0.294614
0.432476
0.453810
0.319140
0.295594
0.461357
0.398271
0.310701
0.402356
0.201286
-0.117589
0.052898
0.302287
0.637013
0.900743
1.014884
0.821420
0.463125
-0.071310
-0.697028
-1.063854
-1.600133
-1.878618
-2.145402
-1.988843
-1.772956
-1.595172
-1.337174
-1.034733
-0.839128
-0.617444
-0.335376
-0.160381
-0.060443
0.083658
0.243826
0.272166
0.427776
0.287543
0.541415
0.569416
0.447173
0.288133
0.309116
-0.043408
-0.625096
-0.868187
-1.188231
-1.696375
-1.955237
-2.191220
-2.214598
-2.117387
-1.694227
-1.271095
-0.774832
-0.415502
-0.384156
-0.311130
-0.322926
-0.403273
-0.509822
-0.513540
-0.491149
-0.688129
-0.728469
-0.505097
-0.222148
0.086506
0.430267
0.760526
1.066730
1.473637
1.409143
1.147709
1.089748
0.758818
0.262926
0.267925
0.214902
0.079893
-0.500335
-0.918450
-1.412038
-1.601532
-1.652553
-1.248960
-0.884695
-0.470072
0.158595
0.604807
1.044555
1.533466
1.701992
1.490360
1.118201
0.915211
0.559243
0.202840
0.036318
0.124673
-0.113329
-0.192197
-0.422499
-0.425757
-0.779426
-0.844474
-1.136167
-0.844356
-0.923172
-0.802544
-0.560220
-0.019688
0.179188
0.361196
0.623219
0.781344
0.819922
0.882086
0.984527
0.905762
0.819839
0.897669
0.836963
0.794016
0.558334
0.441814
-0.124427
-0.550783
-1.056625
-1.202438
-1.361707
-1.286844
-1.011261
-0.600727
-0.183251
0.004172
0.258165
0.414576
0.429367
0.565817
0.690768
0.812032
0.980598
1.173563
1.191968
1.151412
0.806239
0.342662
0.017755
-0.218489
-0.559527
-0.803845
-0.983041
-1.131818
-1.287819
-1.494515
-1.320548
-1.016892
-0.657267
-0.450811
-0.165471
0.072627
0.261430
0.310873
0.431167
0.655883
0.844622
0.788627
0.718514
0.433609
0.397431
0.320022
-0.005488
-0.174855
-0.078984
-0.151264
-0.398906
-0.357946
-0.454818
-0.551696
-0.868025
-1.133866
-0.967817
-0.633855
-0.241252
0.210563
0.884114
1.229766
1.298949
1.168118
1.116738
0.914213
0.671384
0.605818
0.633478
0.665391
0.411391
0.111005
-0.341935
-0.804850
-1.275266
-1.473499
-1.374781
-1.132349
-0.945080
-0.745223
-0.564929
-0.537473
-0.536644
-0.553619
-0.501480
-0.075495
0.098368
0.313674
0.709013
1.008366
1.056370
1.232741
1.288435
1.208821
1.112555
0.865887
0.571598
0.433295
-0.198989
-0.853427
-1.336611
-1.633605
-1.973879
-1.741250
-1.238520
-0.918524
-0.673793
-0.350379
-0.053827
0.085207
0.392498
0.766008
1.049157
1.071484
1.266894
1.199240
1.003902
0.665215
0.470713
0.147173
-0.094859
-0.222687
-0.448722
-0.560100
-0.941298
-1.147635
-1.566633
-1.489674
-1.408101
-1.097814
-0.821532
-0.379901
-0.200856
-0.014396
0.310412
0.544100
0.787982
1.145633
1.291157
1.155726
0.872071
0.683443
0.165051
-0.014334
-0.203459
-0.251045
-0.444437
-0.482294
-0.561048
-0.695713
-0.871573
-1.047165
-1.038573
-1.194313
-1.171778
-0.978808
-0.876940
-0.693503
-0.510186
-0.292411
-0.074731
0.274418
0.580786
1.013213
1.475135
1.790585
2.020665
2.070043
1.862323
1.544166
0.992233
0.639388
0.133983
-0.296591
-0.704206
-0.858828
-0.954666
-1.039237
-1.069879
-0.888195
-0.866128
-0.856884
-0.689100
-0.474195
-0.344878
-0.134903
0.098100
0.290526
0.505473
0.567584
0.634890
0.623142
0.470358
0.172858
-0.031299
-0.179510
-0.421968
-0.422718
-0.256786
0.122610
0.526473
0.900705
1.149267
1.421074
1.462903
1.458178
1.488794
1.508237
1.392698
1.115496
0.890314
0.535794
0.277760
0.148614
-0.048866
-0.227955
-0.274729
-0.387357
-0.567972
-0.566229
-0.646623
-0.735182
-0.758195
-0.863597
-0.868853
-0.840974
-0.849438
-0.836598
-0.746338
-0.756217
-0.679018
-0.599248
-0.466530
-0.257092
0.095238
0.258514
0.520098
0.667612
0.726938
0.728657
0.894728
1.001042
1.061716
1.159769
1.237280
1.208217
1.062956
0.822805
0.479646
0.114710
-0.267741
-0.582805
-0.827148
-1.032655
-1.243034
-1.376870
-1.388480
-1.358559
-1.154971
-0.984175
-0.757220
-0.549088
-0.410056
-0.321361
-0.174483
-0.096517
-0.102117
-0.018861
-0.036682
-0.092568
-0.184522
-0.240839
-0.314652
-0.347516
-0.447227
-0.552855
-0.702979
-0.907346
-1.147028
-1.389091
-1.577444
-1.636707
-1.397883
-1.055230
-0.421627
0.205282
0.686575
1.165094
1.511180
1.784626
1.991383
2.251214
2.359230
2.355857
2.205384
1.906085
1.667952
1.329589
1.038152
0.695853
0.407978
0.213099
-0.035657
-0.161854
-0.278069
-0.276290
-0.409491
-0.437516
-0.443591
-0.408336
-0.393206
-0.418232
-0.439907
-0.429242
-0.431846
-0.307388
-0.029424
0.220270
0.536554
0.793749
1.078288
1.206070
1.303491
1.282946
1.230705
1.121448
0.922915
0.765111
0.624574
0.381250
0.059453
-0.300083
-0.616429
-0.922807
-1.080362
-1.177483
-1.203546
-1.225212
-1.233203
-1.249983
-1.216009
-1.096539
-1.128055
-1.132288
-0.891836
-0.736460
-0.560843
-0.290927
-0.120434
-0.144933
-0.156517
-0.176634
-0.213020
-0.245212
-0.330577
-0.462190
-0.492408
-0.519805
-0.647657
-0.588486
-0.607352
-0.555655
-0.451202
-0.282076
-0.061439
0.611624
1.258151
1.913027
2.609500
2.993032
2.937699
2.732438
2.251294
1.910194
1.534875
1.270451
0.914269
0.656623
0.274800
0.016623
-0.279616
-0.456183
-0.501343
-0.642461
-0.705499
-0.732975
-0.780295
-0.808548
-0.782933
-0.699052
-0.589757
-0.649007
-0.641906
-0.572945
-0.635487
-0.785900
-0.842674
-0.957146
-0.972610
-0.952602
-0.889385
-0.837727
-0.646998
-0.587385
-0.456545
-0.337316
-0.131381
0.093655
0.270383
0.539264
0.913037
1.331237
1.474450
1.734979
1.756420
1.673563
1.474531
1.306316
1.001256
0.740707
0.382799
0.044345
-0.238709
-0.401324
-0.579814
-0.677539
-0.717515
-0.725925
-0.731250
-0.678088
-0.667030
-0.653496
-0.615316
-0.643718
-0.696662
-0.650454
-0.547134
-0.499383
-0.380639
-0.184517
0.169395
0.445108
0.678031
0.951380
1.149057
1.240481
1.300903
1.390884
1.422971
1.464963
1.414769
1.367233
1.196034
1.046459
0.835824
0.634473
0.349410
0.071624
-0.305264
-0.581111
-0.795974
-0.936811
-1.006232
-0.983332
-0.973425
-0.972868
-0.961223
-0.874761
-0.838944
-0.842167
-0.859140
-0.820162
-0.853736
-0.841692
-0.768310
-0.749115
-0.759436
-0.724371
-0.709935
-0.739528
-0.704192
-0.645437
-0.535446
-0.434565
-0.310894
-0.114745
0.260390
0.435837
0.565969
0.706806
0.781657
0.679448
0.636431
0.690025
0.655535
0.556104
0.391865
0.209580
-0.038490
-0.280599
-0.583528
-0.790958
-0.950406
-1.039356
-1.104256
-1.149192
-1.173250
-1.073553
-1.034468
-0.831143
-0.491152
-0.216220
0.078652
0.321639
0.544330
0.615637
0.714724
0.754437
0.822259
0.730316
0.572807
0.266056
-0.049908
-0.376375
-0.575114
-0.611580
-0.616967
-0.573346
-0.391876
-0.335851
-0.270012
-0.146888
-0.138913
-0.152300
0.095215
0.417024
0.793767
1.193887
1.562384
1.773314
1.853137
1.903405
1.788241
1.644891
1.282766
0.926157
0.577684
0.329008
0.010434
-0.145706
-0.320654
-0.541949
-0.672382
-0.708956
-0.778907
-0.788670
-0.671617
-0.619153
-0.551636
-0.536235
-0.538795
-0.694485
-0.709739
-0.872590
-0.879399
-0.879515
-0.636167
-0.527039
-0.320283
-0.331903
-0.294262
-0.411115
-0.288989
-0.238578
-0.072252
0.276025
0.644188
0.877837
1.217418
1.482138
1.636441
1.669956
1.820345
1.651485
1.711687
1.606136
1.338390
1.034073
0.914545
0.730322
0.474427
0.442374
0.205008
0.041681
-0.153164
-0.102293
-0.074377
0.179590
0.101003
-0.004319
-0.306531
-0.513670
-0.657754
-0.540153
-0.504307
-0.398060
-0.436307
-0.486105
-0.234769
0.004613
0.408111
0.887062
0.918191
0.694628
0.601137
0.248609
-0.140468
-0.443021
-0.622509
-0.825839
-0.917530
-0.950002
-0.834989
-0.678419
-0.636869
-0.645923
-0.544514
-0.356285
-0.143102
0.104222
0.380658
0.260380
0.321319
0.204147
0.322009
0.329471
0.491237
0.550780
0.634484
0.489210
0.662858
1.047557
1.376529
1.671959
1.971553
1.984089
1.868184
1.744865
1.561676
1.384339
1.116225
0.926734
0.646429
0.389779
0.073363
-0.147759
-0.493462
-0.745625
-0.934213
-0.956134
-0.996753
-0.995769
-1.012338
-0.982657
-1.044876
-1.075459
-1.041060
-1.047099
-1.038871
-0.971009
-0.901010
-0.868112
-0.782243
-0.803281
-0.928057
-0.950067
-0.877430
-0.940888
-0.851358
-0.640469
-0.524901
-0.522902
-0.330650
-0.330646
-0.319748
-0.111412
0.097156
0.158497
0.283477
0.269116
0.149109
0.205981
0.346482
0.512604
0.737021
0.924586
0.954506
0.927625
0.638337
0.299725
0.259879
0.148624
0.007965
0.140240
0.433312
0.386043
0.290541
0.193145
-0.007211
-0.323037
-0.641662
-0.858038
-0.897737
-0.932440
-0.896000
-0.901685
-0.819397
-0.886797
-0.869538
-0.610235
-0.321838
0.148965
0.607801
1.133302
1.457908
1.863304
2.041120
2.044484
2.028553
1.873054
1.536976
1.275311
0.909907
0.487097
0.057814
-0.179829
-0.555037
-0.697756
-0.966903
-0.971287
-0.976292
-0.985356
-0.850142
-0.658715
-0.653935
-0.673123
-0.627066
-0.758232
-0.474339
-0.399862
-0.236837
-0.242682
0.115678
0.089105
-0.053010
0.046614
0.278043
0.328177
0.428335
0.891719
1.027793
0.989461
1.024009
0.789963
0.743362
0.618995
0.542593
0.417864
0.386963
0.124456
-0.063658
-0.063682
-0.209347
-0.123058
-0.072664
0.047578
0.077924
0.175039
0.176204
0.299566
0.269707
0.438735
0.509281
0.690036
0.714685
0.795206
0.833421
0.993867
1.204143
1.463550
1.685346
1.884345
1.903704
1.873918
1.730718
1.657838
1.382018
1.068906
0.586761
0.077030
-0.446690
-0.820318
-1.030992
-1.123275
-1.086701
-1.034284
-1.006587
-0.942080
-0.839150
-0.692000
-0.614645
-0.573015
-0.564404
-0.564614
-0.623940
-0.584654
-0.590155
-0.599259
-0.624561
-0.619513
-0.656045
-0.723822
-0.848266
-1.009901
-1.171399
-1.357129
-1.358962
-1.172411
-0.968079
-0.709284
-0.467843
-0.304796
-0.208381
-0.057858
0.055364
0.295877
0.634424
0.923326
1.052035
1.304381
1.459935
1.429022
1.273241
1.146727
1.212290
0.988309
1.058919
0.949561
0.985724
0.680855
0.382335
0.009402
-0.387613
-0.664364
-0.602785
-0.394262
-0.357087
-0.069958
0.310636
0.241318
0.401745
0.632468
0.811318
0.738801
0.765996
0.717407
0.653618
0.522649
0.318619
0.017830
0.061596
-0.106834
0.007845
-0.003399
0.308374
0.407297
0.311163
0.248386
0.463101
0.525144
0.319408
0.277698
0.149953
0.152136
0.116001
0.163910
0.816025
1.371221
1.501435
1.717449
1.767665
1.359823
1.181216
1.389340
1.316661
1.434338
1.449112
1.318953
1.164553
1.052927
1.146356
1.432488
1.511835
1.158791
0.820074
0.464107
0.127934
-0.222144
-0.392863
-0.374961
-0.493433
-0.385326
-0.645692
-0.584160
-0.496934
-0.491752
-0.690444
-0.302586
0.007172
0.082251
0.255015
0.234842
0.199114
-0.112164
-0.256330
-0.356991
-0.240841
0.009211
0.196346
0.446006
0.694303
0.785811
0.780607
0.969370
0.969085
0.916408
0.917857
0.878468
0.800783
0.868611
0.776412
0.673226
0.500104
0.208287
-0.160410
-0.365556
-0.559630
-0.767408
-0.824328
-0.865844
-0.982985
-1.051543
-1.022438
-1.039433
-0.976378
-0.919135
-0.875427
-0.842206
-0.774903
-0.823044
-0.803049
-0.817057
-0.789858
-0.777848
-0.723584
-0.726489
-0.745864
-0.836367
-0.909192
-0.988614
-0.960716
-0.817312
-0.624490
-0.340341
-0.031734
0.184236
0.334513
0.459876
0.551912
0.706999
0.828219
0.861566
0.847270
0.956087
0.779506
0.760276
0.808502
0.867694
0.774634
0.807278
0.721677
0.456880
0.221074
-0.182288
-0.522809
-0.765087
-0.940971
-1.059274
-0.927881
-0.806929
-0.786672
-0.696438
-0.621486
-0.421366
-0.265025
-0.169606
-0.088934
0.246449
0.073740
0.128614
0.124158
0.203728
-0.027428
0.176999
0.271176
0.550743
0.960942
1.399419
1.533736
1.693453
1.735413
1.572785
1.232042
0.897948
0.738925
0.688422
0.668338
0.708656
0.905818
0.838323
0.737042
0.782440
0.811624
0.922298
0.838207
0.790970
0.771867
0.802818
0.730745
0.556030
0.557149
0.379749
0.179109
0.284691
0.832425
0.871657
0.991595
0.992151
0.734293
0.304897
0.294872
0.062625
0.095283
0.126200
-0.078623
-0.179293
-0.090439
-0.213622
-0.112285
0.306662
0.505099
0.561043
0.588148
0.341245
0.555324
0.723768
0.873833
1.416274
2.035592
2.028223
2.108687
2.258618
2.074601
1.677276
1.380500
0.860845
0.550846
0.440141
0.337824
0.299559
0.275581
0.243150
0.141451
0.122794
0.033075
0.051344
0.001959
-0.023865
-0.163972
-0.228020
-0.385854
-0.598935
-0.857740
-1.101005
-1.378263
-1.462999
-1.487482
-1.551459
-1.342279
-1.121530
-1.026095
-0.991810
-0.966350
-1.050790
-1.141662
-1.112766
-1.067232
-0.980910
-0.897090
-0.802288
-0.738619
-0.713177
-0.578367
-0.468240
-0.354057
-0.260057
-0.070306
0.064463
0.229277
0.342707
0.503913
0.519695
0.558692
0.674713
0.858801
0.976020
1.196213
1.493383
1.491270
1.603663
1.773333
1.876592
1.781549
1.688486
1.440656
1.133315
0.877853
0.595648
0.298111
0.128360
-0.056543
-0.156433
-0.248929
-0.168907
-0.173248
-0.125725
-0.077125
-0.079620
0.201386
0.382226
0.331840
0.260595
0.161224
-0.027748
-0.347813
-0.498500
-0.501952
-0.286135
-0.218773
0.104722
0.507066
0.727151
0.829058
0.979710
0.963445
1.080195
1.144139
1.198787
1.180753
1.281439
1.192207
1.040506
0.902952
0.838184
0.719241
0.639417
0.450374
0.305224
-0.030904
-0.303808
-0.555789
-0.718996
-0.777169
-0.814003
-0.814479
-0.843320
-0.860768
-0.889373
-0.923774
-0.995171
-1.213195
-1.323933
-1.404764
-1.355892
-1.297006
-1.123348
-0.962875
-0.916824
-0.858438
-0.807772
-0.689193
-0.499282
-0.258729
-0.103307
0.034765
0.044521
-0.085334
-0.264380
-0.388773
-0.561317
-0.692175
-0.750603
-0.854749
-0.790440
-0.575760
-0.427272
-0.186444
0.034327
0.072916
-0.009126
0.206408
0.321523
0.464502
0.877585
1.090333
1.316436
1.318798
1.349958
1.194672
0.991935
0.726065
0.564735
0.573975
0.436650
0.335373
0.251287
0.224081
0.164325
0.240071
0.524678
0.648322
0.513746
0.503407
0.307451
0.332875
0.400189
0.674486
0.889212
1.214762
1.481170
1.417318
1.406995
1.380948
1.221701
1.067006
1.131092
1.136861
0.986579
0.956756
0.774708
0.574878
0.429123
0.345721
0.228583
0.132381
-0.017803
-0.058708
-0.209690
-0.269151
-0.360773
-0.528804
-0.700132
-0.781156
-1.005305
-1.142312
-1.039139
-0.960353
-0.949478
-0.782404
-0.771446
-0.725115
-0.687353
-0.735591
-0.822695
-0.828606
-0.876398
-1.032940
-1.089586
-0.948617
-0.791154
-0.559363
-0.259676
0.175417
0.401041
0.601096
0.730674
0.895865
1.004884
1.009828
1.082953
1.043820
0.993077
0.819112
0.717698
0.479809
0.343734
0.090339
-0.074205
-0.265871
-0.352993
-0.451528
-0.422773
-0.451937
-0.543353
-0.621175
-0.700110
-0.805516
-0.916492
-0.817170
-0.746269
-0.885063
-0.886524
-0.833386
-0.883385
-0.834545
-0.619879
-0.394596
-0.079799
0.298198
0.586918
0.908109
1.194780
1.353629
1.395864
1.348812
1.351274
1.210314
1.032673
0.792248
0.595221
0.399704
0.248682
0.046784
-0.105903
-0.335325
-0.650508
-0.998194
-1.243768
-1.402453
-1.310003
-1.211839
-0.973651
-0.743349
-0.450769
-0.424758
-0.210288
-0.143361
-0.056148
0.050024
0.315793
0.532940
0.967947
1.255438
1.364974
1.370461
1.283618
0.968337
0.818566
0.729222
0.646018
0.598108
0.628630
0.612071
0.469662
0.315745
-0.107147
-0.417563
-0.719041
-1.153409
-1.502483
-1.583921
-1.670877
-1.726147
-1.398946
-1.229886
-1.043320
-0.952624
-0.941346
-0.965407
-0.860827
-0.709937
-0.562614
-0.643684
-0.582443
-0.358922
-0.269150
-0.184042
-0.026075
0.020065
-0.041665
0.124855
0.197977
0.381504
0.478477
0.431596
0.307343
0.157174
-0.082004
-0.165033
0.137854
0.199362
0.271692
0.710360
0.977803
0.794189
0.856360
0.843491
0.665589
0.379584
0.214995
0.057097
0.167753
0.292906
0.450261
0.690176
0.807770
0.812889
0.783188
0.962917
1.130449
1.271759
1.478705
1.744401
1.834908
1.826702
1.697825
1.473893
1.215920
0.984151
0.810663
0.705626
0.558591
0.338577
0.193265
0.002609
-0.141386
-0.245401
-0.368969
-0.523385
-0.563368
-0.610533
-0.654036
-0.663385
-0.705106
-0.839699
-0.941920
-1.027815
-1.095116
-1.150557
-1.174408
-1.173159
-1.200942
-1.186895
-1.156996
-1.067313
-0.995812
-0.875917
-0.785956
-0.634683
-0.546524
-0.503634
-0.486549
-0.452346
-0.520358
-0.513877
-0.331556
-0.132318
0.090875
0.356492
0.502749
0.602224
0.663741
0.754066
0.850489
1.020914
1.075764
1.141382
1.146639
1.097709
1.056757
1.024703
0.965398
0.860269
0.740696
0.667649
0.472960
0.376654
0.280565
0.159403
-0.027269
-0.174619
-0.311428
-0.453098
-0.535561
-0.641521
-0.642951
-0.665037
-0.646031
-0.530278
-0.406146
-0.304865
0.012214
0.308611
0.528364
0.837967
1.121243
1.141008
1.231396
1.338578
1.344525
1.377688
1.407674
1.277979
1.135571
0.902738
0.677033
0.490898
0.342619
0.201448
0.006587
-0.141959
-0.361726
-0.636006
-0.925868
-1.376401
-1.619142
-1.922242
-2.127406
-2.186562
-1.839879
-1.562224
-1.084165
-0.645575
-0.262928
0.061081
0.230166
0.055207
0.178354
0.171742
0.137162
-0.100861
0.082622
-0.061074
-0.154323
-0.272781
-0.087941
-0.096888
0.075250
0.228527
0.444753
0.371000
0.196465
-0.262097
-0.649806
-0.981869
-1.158170
-1.178389
-1.122841
-1.002210
-0.976562
-0.916200
-0.878234
-0.679002
-0.678332
-0.805243
-0.885766
-0.989597
-1.080840
-1.078027
-0.936890
-0.913777
-0.841592
-0.782679
-0.749966
-0.649312
-0.466848
-0.445351
-0.455279
-0.352721
-0.268787
-0.100041
0.284054
0.668972
0.907417
1.031249
1.050745
0.893613
0.881801
0.940045
1.032102
1.056150
1.158441
1.033749
0.926679
0.828982
0.765505
0.683656
0.738796
0.644993
0.641428
0.560289
0.461159
0.358161
0.375071
0.271168
0.329156
0.528878
0.721100
0.594274
0.584250
0.216392
-0.248616
-0.764590
-0.955733
-1.132180
-1.144585
-0.756243
-0.471731
-0.228972
-0.119799
-0.025526
-0.097332
-0.161078
0.108836
0.153348
0.344430
0.424007
0.564071
0.386045
0.378031
0.521213
0.529483
0.538752
0.707091
1.033514
1.212125
1.268517
1.425952
1.413455
1.354920
1.154763
1.037551
0.802150
0.625958
0.394721
0.268405
0.129142
-0.002137
-0.195944
-0.305508
-0.396294
-0.504705
-0.555731
-0.669036
-0.814675
-0.954625
-1.037205
-1.093280
-1.154848
-1.108359
-1.061359
-0.982024
-1.005710
-0.934046
-1.001273
-1.034709
-1.081120
-1.116806
-1.075121
-0.929243
-0.823594
-0.707863
-0.521933
-0.468236
-0.458609
-0.324414
-0.100625
0.100246
0.458516
0.759968
0.900708
1.067484
1.122270
1.207515
1.258821
1.311706
1.228015
1.193044
1.095659
0.949860
0.759751
0.570037
0.497094
0.242096
0.155465
0.092258
0.085431
-0.073465
-0.011797
-0.141522
-0.135716
-0.378722
-0.462720
-0.652119
-0.704603
-0.622407
-0.163413
0.407972
0.883183
1.299291
1.554206
1.710351
1.686604
1.574399
1.363146
1.090705
0.578537
0.071700
-0.213912
-0.157383
-0.100752
0.193821
0.774727
0.976991
1.228799
1.200378
0.912409
0.476709
0.518569
0.209876
0.108182
0.464384
0.369017
0.163238
0.140668
0.030189
-0.377286
-0.610725
-0.865135
-1.103309
-1.010956
-0.966536
-0.679266
-0.287592
0.059027
0.267485
0.520549
0.488452
0.308659
0.041669
-0.215398
-0.469214
-0.634299
-0.744209
-0.983436
-1.192005
-1.379995
-1.445903
-1.446484
-1.356315
-1.187838
-0.868956
-0.483497
-0.053458
0.391855
0.797144
1.085838
1.308813
1.365971
1.475585
1.502608
1.392500
1.230766
0.996470
0.737429
0.423860
0.209311
-0.000342
-0.170047
-0.380076
-0.579973
-0.749579
-0.925740
-1.069076
-1.093542
-1.155828
-1.235404
-1.259886
-1.266372
-1.175922
-1.073284
-1.008240
-0.935626
-0.825135
-0.778496
-0.649368
-0.512614
-0.460868
-0.350006
-0.362253
-0.441271
-0.452878
-0.506456
-0.449064
-0.429551
-0.462896
-0.532115
-0.458694
-0.626194
-0.734027
-0.714480
-0.740598
-0.877025
-0.772735
-0.731278
-0.604918
-0.395978
-0.167664
-0.054123
0.124046
0.419556
0.615643
0.936819
1.088346
1.287801
1.298301
1.192816
1.142169
1.112720
1.040679
0.948635
0.976364
0.890027
0.863852
0.845836
0.803406
0.793425
0.718747
0.654084
0.576792
0.405970
0.271384
0.192380
0.109789
-0.027161
-0.161353
-0.281484
-0.440307
-0.647919
-0.737496
-0.765527
-0.806832
-0.839015
-0.864676
-0.866979
-0.862046
-0.855421
-0.851226
-0.737171
-0.694240
-0.610508
-0.466504
-0.282441
-0.103949
0.148392
0.288896
0.443874
0.550218
0.616994
0.637184
0.776672
0.801658
0.743567
0.777721
0.749796
0.676972
0.637614
0.684100
0.635844
0.616242
0.653503
0.673093
0.742904
0.799238
0.852134
0.911552
0.956116
0.998122
0.922416
0.875978
0.797769
0.651137
0.365270
0.040709
-0.395293
-0.816506
-1.196423
-1.467575
-1.642315
-1.661902
-1.705821
-1.690434
-1.655851
-1.555158
-1.526760
-1.440816
-1.147008
-0.858121
-0.753591
-0.453403
-0.305200
-0.142560
-0.111386
0.049453
0.294654
0.588715
0.615503
0.498588
0.634238
0.477933
0.183329
0.003326
-0.057761
-0.244611
-0.475286
-0.655079
-0.741336
-0.807339
-0.851879
-0.935884
-0.518602
-0.346166
0.125567
0.490997
1.120906
1.189627
1.364850
1.400822
1.366847
0.947179
0.783670
0.500145
0.341485
0.119589
0.019762
-0.071561
-0.107345
0.023726
0.262161
0.558252
0.677701
0.757078
0.496569
0.305293
0.253854
0.335960
0.393549
0.380636
0.304456
0.078915
-0.407161
-0.727326
-0.917500
-1.085795
-1.169598
-1.128631
-0.976564
-0.843604
-0.838364
-0.924821
-0.882844
-0.988813
-1.036856
-0.877709
-0.330372
0.109889
0.876910
1.175292
1.372975
1.249172
1.128142
0.726784
0.654942
0.584978
0.525877
0.487030
0.309332
0.032868
-0.208067
-0.406005
-0.486483
-0.509827
-0.562578
-0.479538
-0.354048
-0.303833
-0.327066
-0.163494
0.018563
0.178622
0.508850
0.890553
1.329921
1.642726
1.779734
1.810549
1.764254
1.631359
1.392955
1.278388
1.080282
0.931445
0.752391
0.597668
0.375695
0.216249
0.030063
-0.107912
-0.296469
-0.424996
-0.590547
-0.657210
-0.761246
-0.830882
-0.900190
-1.024998
-1.242475
-1.425288
-1.584172
-1.737496
-1.767941
-1.641297
-1.464488
-1.211688
-0.892012
-0.605195
-0.333896
-0.047739
0.128471
0.186538
0.360913
0.502167
0.536609
0.667057
0.750123
0.639013
0.692623
0.566275
0.293132
0.095069
0.091250
-0.180737
-0.299092
-0.336094
-0.559685
-0.843597
-1.213548
-1.598767
-1.684203
-1.586513
-1.433034
-1.155842
-0.728404
-0.527094
0.010229
0.234332
0.637190
0.811511
0.997545
0.802808
0.851884
0.610880
0.490743
0.446769
0.324218
0.124439
-0.006374
-0.042361
-0.320043
-0.635386
-0.966924
-1.269188
-1.580693
-1.780023
-1.725320
-1.352860
-0.801826
-0.312295
0.079416
0.532784
0.834978
0.941893
1.138791
1.439765
1.471799
1.369552
1.359785
1.228911
1.048197
0.931843
0.656164
0.459823
0.141630
0.041916
-0.153683
-0.247511
-0.180089
-0.091850
-0.195189
-0.117924
0.228575
0.268213
0.632685
1.066266
1.221997
1.251232
1.153823
0.693788
0.554122
0.910637
1.125528
0.994360
1.255049
1.162565
0.670876
0.486733
0.439312
0.392740
0.148093
0.116238
-0.198103
-0.167097
-0.334369
-0.532780
-0.648739
-0.791124
-1.014405
-1.162841
-1.097497
-1.094559
-1.039520
-0.852474
-0.699812
-0.694694
-0.670449
-0.590863
-0.468037
-0.416504
-0.118070
0.298562
0.634743
0.949488
1.280385
1.481331
1.492327
1.495358
1.506239
1.421027
1.507842
1.580359
1.587090
1.523762
1.531762
1.335122
0.945852
0.726837
0.466759
0.263809
0.106173
0.186808
0.155137
0.201824
0.237081
0.298732
0.220155
0.180055
0.126189
0.119741
0.108098
0.138124
0.098345
-0.014546
-0.338125
-0.609360
-0.946014
-1.263449
-1.558817
-1.648229
-1.915314
-2.047942
-2.098769
-2.173468
-2.104445
-1.864272
-1.668390
-1.484132
-1.206151
-1.077739
-0.998579
-0.917989
-0.762493
-0.665635
-0.576608
-0.419908
-0.229544
-0.263503
-0.205222
-0.209636
-0.371043
-0.549653
-0.491642
-0.427173
-0.365245
-0.195208
0.079876
0.327512
0.511320
0.646497
0.795286
0.847645
0.799876
0.707540
0.614168
0.510810
0.246264
0.022847
-0.004690
0.116319
0.215714
0.482577
0.776239
0.908143
1.042359
1.214137
1.246583
1.254090
1.321772
1.300380
1.194966
1.094699
0.800228
0.343063
-0.075147
-0.422004
-0.684018
-0.778144
-0.771192
-0.722894
-0.744659
-0.707559
-0.646927
-0.592142
-0.588208
-0.614515
-0.592479
-0.552152
-0.627589
-0.679468
-0.743812
-0.751741
-0.883725
-0.926501
-0.884571
-0.761535
-0.677278
-0.462528
-0.158779
0.068432
0.314291
0.495459
0.659065
0.795167
0.939045
1.053619
1.102610
1.149779
1.227473
1.204073
1.175286
1.069748
0.821238
0.393001
-0.059553
-0.529872
-0.903073
-1.203872
-1.389342
-1.527744
-1.463307
-1.481328
-1.244732
-0.937535
-0.758564
-0.469114
-0.024405
0.039835
-0.004734
0.207987
0.249995
0.105592
0.302653
0.515870
0.640596
0.580020
0.463334
0.377969
0.125002
0.002585
-0.043714
0.202529
0.178259
0.260348
0.284053
0.380150
0.415825
0.504314
0.770175
0.958413
1.305611
1.604412
1.848803
1.984350
2.027170
1.690751
1.536134
1.157748
0.501111
0.065301
-0.319748
-0.858281
-1.143809
-1.163076
-1.137838
-1.012046
-0.902119
-0.761137
-0.599565
-0.606492
-0.474246
-0.354917
-0.100912
0.154257
0.387012
0.577236
0.773263
0.793974
0.735431
0.714192
0.679279
0.484471
0.475275
0.656558
0.707435
0.706960
0.728808
0.492481
0.106052
-0.231935
-0.690406
-1.156768
-1.376723
-1.725425
-1.772195
-1.818692
-1.932850
-1.861054
-1.468047
-1.191681
-0.770426
-0.222784
-0.184571
-0.105938
-0.103786
-0.111633
0.019073
0.364993
0.572154
0.647717
0.565790
0.606551
0.585652
0.483697
0.519585
0.622304
0.579426
0.558394
0.476010
0.361266
0.230253
0.275593
0.260965
0.480915
0.594916
0.737759
0.811457
0.978899
1.065808
1.216880
1.399497
1.404047
1.543828
1.562159
1.605845
1.469494
1.287726
1.016977
0.716957
0.375674
0.079928
-0.159389
-0.532004
-0.769616
-1.027104
-1.168670
-1.262558
-1.268392
-1.383077
-1.445263
-1.469524
-1.592353
-1.665068
-1.720059
-1.631069
-1.584161
-1.343128
-1.163832
-0.862269
-0.774692
-0.462686
-0.228270
-0.132501
-0.107891
-0.088716
-0.068140
-0.024727
0.176709
0.162610
0.329287
0.517347
0.430985
0.155540
0.081773
0.052721
-0.088915
-0.080191
0.210607
0.124904
-0.050765
-0.422170
-0.618223
-0.909672
-0.651547
-0.439026
-0.171841
0.023745
0.377628
0.701238
0.722085
0.889221
1.018693
1.003185
0.793834
1.031356
1.109286
1.003865
0.742076
0.488210
0.006324
-0.422371
-0.715748
-0.776979
-0.763501
-0.783322
-0.879691
-0.948018
-0.975217
-1.049995
-1.075532
-1.032740
-0.778757
-0.547033
-0.200304
0.186442
0.434269
0.516156
0.469048
0.411827
0.636356
0.954899
1.254810
1.698102
1.817668
1.739914
1.474831
1.332460
1.078748
1.066694
0.922782
1.012515
0.759297
0.590648
0.505704
0.466503
0.692442
1.056036
1.081994
1.028253
0.963188
0.596415
0.468207
0.332133
0.240119
0.315920
0.494632
0.677925
1.018025
1.160482
1.025099
0.738610
0.501890
0.239078
0.200914
0.074674
0.141829
-0.108595
-0.260220
-0.506943
-0.707030
-1.115126
-1.304367
-1.384746
-1.414628
-1.251821
-1.045812
-0.940192
-0.869576
-0.854150
-0.876329
-0.726337
-0.677482
-0.689384
-0.626158
-0.611890
-0.590248
-0.637884
-0.535813
-0.426336
-0.196460
-0.033358
0.306423
0.484703
0.649328
0.719042
0.746809
0.900962
1.094846
1.178174
1.242069
1.171425
0.964729
0.660090
0.439460
0.304536
0.180956
-0.058653
-0.333770
-0.578781
-0.876873
-1.164860
-1.359779
-1.289388
-1.221458
-1.290893
-1.216002
-1.053446
-0.980222
-0.909746
-0.534698
-0.189156
0.165420
0.404702
0.595648
0.676857
0.766612
0.777873
0.835239
0.864847
0.890825
0.830535
0.682808
0.627897
0.623260
0.360814
0.340736
0.388186
0.359137
0.205827
0.293296
0.213911
0.045596
-0.248627
-0.452573
-0.675090
-0.899521
-1.010283
-1.067983
-1.112356
-1.158523
-1.216027
-1.307492
-1.181742
-1.072719
-0.872984
-0.704229
-0.420584
-0.415792
-0.346837
-0.297339
-0.321704
-0.320245
-0.289949
-0.312564
-0.423938
-0.447333
-0.550894
-0.615433
-0.707105
-0.771893
-0.805502
-0.906454
-0.911645
-0.768159
-0.665260
-0.609760
-0.505722
-0.496726
-0.458280
-0.278520
0.019040
0.298319
0.585656
0.760603
0.873089
0.914396
0.982327
1.068898
1.091331
1.076893
1.105779
1.028579
1.003881
0.984907
1.001797
1.027552
1.186305
1.212010
1.231128
1.246678
1.080313
0.773268
0.669565
0.597638
0.378393
0.330401
0.376184
0.203504
0.009799
-0.118232
-0.264903
-0.371784
-0.270000
-0.077717
0.105813
0.232963
0.488707
0.595065
0.634302
0.651060
0.472846
0.119567
-0.251621
-0.645815
-0.712714
-0.665704
-0.470987
-0.608515
-0.587235
-0.851332
-1.208979
-1.490217
-1.647379
-1.587715
-1.497877
-1.170114
-1.007747
-0.686053
-0.701172
-0.717143
-0.607432
-0.526437
-0.449924
-0.336700
-0.341028
-0.376641
-0.394186
-0.264934
-0.084465
0.180463
0.306035
0.454137
0.568319
0.657991
0.762795
0.880233
1.076934
1.148183
1.056226
1.027232
1.091764
0.924588
0.884007
0.643441
0.448826
0.128733
-0.487972
-0.995806
-1.289175
-1.565644
-1.757058
-1.622181
-1.431326
-1.237273
-1.086041
-0.861176
-0.715407
-0.609226
-0.417856
-0.296037
-0.372029
-0.129515
0.061085
0.231392
0.485873
0.620489
0.592441
0.488799
0.323785
0.185593
0.299891
0.446605
0.649146
1.029982
1.093381
1.113003
0.993445
0.913112
0.630901
0.619020
0.521923
0.634278
0.411114
0.276192
-0.080182
-0.388897
-0.767462
-0.874099
-0.988108
-0.900314
-0.699357
-0.622989
-0.507104
-0.384401
-0.484849
-0.623794
-0.654620
-0.648481
-0.621936
-0.410312
-0.408133
-0.512250
-0.727663
-0.897361
-1.016180
-1.008527
-1.019773
-1.013742
-0.979892
-0.949322
-0.908200
-0.805022
-0.725806
-0.666884
-0.467064
-0.205816
0.183512
0.570293
0.992180
1.230386
1.435996
1.602299
1.650029
1.652576
1.667189
1.620303
1.509229
1.289231
1.028835
0.714004
0.372021
0.024706
-0.100957
-0.195143
-0.266130
-0.279522
-0.301586
-0.352351
-0.415749
-0.412412
-0.404708
-0.383025
-0.180857
-0.007199
0.084009
0.186381
0.476071
0.667598
0.949344
1.240149
1.423636
1.355715
1.285078
1.113784
0.952437
0.879224
0.816626
0.688508
0.494957
0.315976
0.114482
-0.120700
-0.311947
-0.507371
-0.702245
-0.875918
-1.056562
-1.198390
-1.312597
-1.386551
-1.494968
-1.493936
-1.521404
-1.451591
-1.102184
-0.662917
-0.131411
0.412178
0.904902
1.167572
1.384918
1.453766
1.477094
1.506761
1.416203
1.276948
1.125732
0.906706
0.672977
0.485081
0.312390
0.154348
0.018787
-0.135741
-0.377251
-0.602314
-0.833936
-1.015231
-1.195938
-1.261380
-1.286070
-1.238274
-1.198005
-1.040842
-0.952232
-0.882993
-0.820255
-0.733825
-0.626447
-0.448223
-0.239480
-0.080567
0.203984
0.370309
0.511491
0.610648
0.750416
0.745248
0.788943
0.757482
0.757064
0.747517
0.728122
0.628909
0.542825
0.384751
0.208457
0.058066
-0.266963
-0.549939
-0.931731
-1.244258
-1.345807
-1.329336
-1.161384
-0.876159
-0.594703
-0.515790
-0.216181
0.111237
0.443903
0.620746
0.806391
0.927056
0.927702
0.785031
0.708832
0.552615
0.508909
0.374254
0.464021
0.598381
0.805653
0.908756
0.918010
0.889431
0.827828
0.876766
0.702737
0.690418
0.343286
0.007829
-0.556035
-0.775259
-0.962617
-0.903059
-0.870350
-0.725213
-0.676991
-0.783221
-1.002811
-1.090747
-0.919118
-0.842973
-0.825783
-0.388447
0.026199
0.223307
0.281200
0.465525
0.429560
0.200219
-0.042647
-0.155221
-0.385785
-0.608582
-0.840525
-0.883238
-1.005206
-0.964981
-0.955510
-0.879071
-0.842890
-0.605289
-0.227352
0.062586
0.394611
0.517405
0.542549
0.443759
0.477248
0.414959
0.330504
0.178814
-0.080902
-0.334435
-0.586122
-0.879884
-1.106162
-1.318520
-1.534142
-1.603944
-1.521429
-1.394201
-1.205507
-1.006673
-0.673944
-0.366914
-0.027544
0.304356
0.597870
0.749566
1.113627
1.473450
1.741045
1.963385
2.102376
2.000529
1.854667
1.583055
1.222605
1.069006
0.923506
0.682272
0.477552
0.515349
0.424276
0.298607
0.084478
0.137831
0.309496
0.258487
0.323302
0.550989
0.657832
0.546290
0.555367
0.425178
0.144119
0.046605
-0.029461
-0.065606
0.243152
0.751559
1.054541
1.260957
1.430054
1.374156
0.991202
0.570505
0.307652
0.145798
-0.479476
-0.768459
-0.835472
-0.966454
-0.887741
-0.630692
-0.452399
-0.423701
-0.449942
-0.699860
-0.541913
-0.307223
-0.124291
0.076863
0.512506
0.514236
0.542019
0.613138
0.749581
0.714001
0.997980
1.089273
1.357537
1.538783
1.520417
1.398607
1.413627
1.122228
0.905800
0.619164
0.271023
-0.081268
-0.410408
-0.847975
-1.197381
-1.439404
-1.663556
-1.763128
-1.829268
-1.747659
-1.477459
-1.339829
-1.099561
-0.802606
-0.620350
-0.596726
-0.464496
-0.411603
-0.348681
-0.146133
0.025443
0.173192
0.302592
0.420281
0.508108
0.570977
0.535469
0.505721
0.269291
-0.092586
-0.582717
-1.008496
-1.332182
-1.508859
-1.707358
-1.617994
-1.494106
-1.474208
-1.585371
-1.392707
-1.158962
-0.970706
-0.704549
-0.301450
-0.005829
0.113995
0.361097
0.466265
0.645818
0.727011
0.766429
0.734498
0.724251
0.657344
0.557261
0.469089
0.383201
0.212058
0.035446
-0.161043
-0.452671
-0.827815
-0.923264
-1.077850
-1.080754
-0.984798
-0.877238
-1.003235
-0.923751
-0.945793
-0.916281
-0.720251
-0.359900
-0.175429
-0.025242
0.178640
0.198334
0.301663
0.565218
0.879370
1.026917
1.357044
1.577261
1.680764
1.706371
1.803348
1.778793
1.635069
1.398195
1.293030
1.111958
0.952993
0.873700
0.854229
0.665689
0.565328
0.266355
0.035737
-0.004606
-0.092647
-0.043057
0.230228
0.264071
0.154065
0.430579
0.458115
0.349913
0.444277
0.453007
0.283910
0.406856
0.478043
0.189887
0.054362
-0.261151
-0.810657
-1.125784
-1.053239
-1.139224
-1.051749
-0.777946
-0.582301
-0.383894
-0.027473
0.297365
0.389428
0.489772
0.529905
0.513422
0.230476
0.242437
0.191860
0.267618
0.320644
0.874813
1.089515
1.272544
1.320459
1.311082
1.085744
0.960575
0.966627
0.866768
0.776994
0.708698
0.692671
0.662594
0.649542
0.482573
0.309589
-0.007760
-0.286157
-0.500534
-0.704589
-0.845946
-0.990293
-1.140382
-1.232387
-1.102957
-1.062974
-0.966033
-0.935602
-0.824522
-0.725377
-0.790721
-0.665440
-0.571767
-0.491337
-0.464257
-0.265443
-0.165827
-0.056408
-0.121777
-0.193476
-0.213282
-0.272033
-0.379356
-0.480432
-0.612108
-0.819531
-0.979378
-1.057522
-1.031302
-0.936294
-0.772141
-0.510047
-0.182229
0.103732
0.395105
0.619436
0.751930
0.836446
0.917502
0.986202
0.988122
0.930575
0.855187
0.786981
0.678542
0.597817
0.526979
0.246875
-0.048720
-0.452722
-0.795569
-1.130013
-1.296460
-1.416025
-1.353731
-1.298557
-1.207517
-1.106390
-1.046546
-1.005035
-0.888776
-0.853168
-0.752959
-0.656950
-0.553076
-0.490173
-0.254502
-0.196692
-0.099491
-0.065149
0.019423
-0.035572
0.186686
0.312204
0.634903
0.835863
0.970093
0.982178
1.010775
0.927514
0.806229
0.755483
0.697679
0.681179
0.605457
0.594078
0.589523
0.521196
0.466769
0.497652
0.534144
0.692172
0.847153
1.011126
1.101038
1.155876
1.069567
1.044697
0.956156
0.886722
0.790603
0.662379
0.390000
0.106498
-0.262694
-0.534357
-0.800144
-0.944799
-1.009425
-1.069409
-1.163540
-1.177903
-1.225462
-1.331316
-1.324314
-1.310051
-1.224871
-1.073791
-0.907828
-0.734404
-0.515556
-0.401114
-0.257274
0.029013
0.296178
0.451231
0.561593
0.432671
0.245848
0.062045
-0.136334
-0.227995
0.041226
0.139336
0.178402
0.271345
0.314642
0.002724
-0.595012
-0.895369
-1.268895
-1.603228
-1.632169
-1.499748
-1.515008
-1.236346
-1.024082
-0.956942
-0.370139
0.165321
0.216014
0.184853
0.084540
-0.306246
-0.608975
-0.600948
-0.473761
-0.281924
-0.024976
0.085148
0.193891
0.368144
0.612580
0.743656
0.796466
0.807653
0.738305
0.450769
0.232223
-0.070532
-0.359343
-0.705403
-1.047049
-1.318618
-1.550765
-1.791662
-1.999277
-2.114619
-2.054703
-1.877767
-1.496703
-0.958131
-0.118849
0.605867
1.380174
2.160608
2.724066
2.985319
2.914125
2.691812
2.326867
1.870949
1.381590
0.888939
0.511497
0.073784
-0.176041
-0.395150
-0.564243
-0.662557
-0.693848
-0.690432
-0.685172
-0.544782
-0.574752
-0.568696
-0.646355
-0.563415
-0.667696
-0.542583
-0.343969
-0.191881
-0.398718
-0.517520
-0.839854
-1.242398
-1.482126
-1.399314
-1.155264
-0.750460
-0.674078
-0.445327
-0.449720
-0.386639
-0.297305
-0.133246
-0.292951
-0.234817
-0.198485
-0.401812
-0.322812
-0.185723
-0.006748
0.117717
0.300216
0.483811
0.739268
0.897858
1.194126
1.604938
1.774851
1.967045
2.175144
2.208881
2.203140
2.175689
2.001494
2.000858
1.628323
1.206773
1.095965
0.970716
0.709946
0.562029
0.412061
0.106400
-0.219023
-0.515720
-0.678176
-0.740697
-1.030655
-1.213991
-1.347153
-1.212423
-1.164157
-1.063608
-0.805846
-0.634911
-0.556203
-0.351443
-0.275616
-0.294447
-0.483122
-0.602821
-0.822982
-0.646956
-0.478909
-0.300962
-0.203637
-0.179442
-0.407434
-0.471838
-0.577575
-0.724939
-0.927398
-1.040973
-1.063133
-0.995410
-0.953410
-0.749651
-0.365680
-0.312703
-0.039479
0.640925
1.419047
2.066008
2.753271
3.222720
3.308855
3.087745
2.772950
2.308788
2.041491
1.843030
1.470376
1.370579
1.079997
0.750640
0.287752
0.145715
-0.213762
-0.301287
-0.375031
-0.367996
-0.429358
-0.408754
-0.550666
-0.597817
-0.862011
-1.045834
-1.183212
-1.132629
-1.129462
-1.190621
-1.239873
-1.455773
-1.612741
-1.696012
-1.499184
-1.267517
-0.846337
-0.388942
-0.206420
-0.028791
0.160462
0.104457
0.096595
0.074770
0.124299
0.218455
0.343180
0.396003
0.522393
0.643992
0.602911
0.692694
0.783385
0.811997
0.855333
0.865469
0.976318
1.044746
0.955775
0.738821
0.549576
0.195350
-0.218190
-0.469778
-0.754618
-1.111280
-1.371590
-1.616395
-1.743273
-1.771936
-1.647792
-1.502655
-1.291646
-1.117226
-1.017691
-0.955856
-0.874540
-0.872690
-0.835082
-0.781403
-0.667244
-0.613327
-0.560242
-0.429598
-0.165643
0.096018
0.401053
0.721152
0.963659
1.048023
1.084753
0.894686
0.901402
0.797102
0.672904
0.583792
0.614029
0.505585
0.405394
0.414868
0.418711
0.505869
0.591282
0.637720
0.645417
0.702990
0.633111
0.568027
0.561619
0.569365
0.493784
0.541436
0.536501
0.580493
0.672846
0.688314
0.698931
0.797937
0.814105
0.743726
0.621834
0.422064
0.026481
-0.272427
-0.589742
-0.761933
-0.840154
-0.838272
-0.863174
-0.844400
-0.852742
-1.012225
-1.230158
-1.341994
-1.460312
-1.559707
-1.431404
-1.214367
-1.121284
-1.047128
-0.855284
-0.768108
-0.844949
-0.664052
-0.455732
-0.228671
-0.115738
0.204732
0.310461
0.370629
0.374032
0.457789
0.567949
0.620334
0.682980
0.714182
0.842568
1.086060
1.113102
1.186718
1.366793
1.332125
1.090642
1.189037
1.277301
1.151686
0.956023
0.857603
0.497425
0.215170
-0.007012
-0.000361
-0.103380
-0.071122
0.010746
0.059136
0.103882
0.264506
0.287471
0.251620
0.154737
0.252902
0.277244
0.460313
0.652112
0.733836
0.507960
0.263990
-0.057860
-0.458242
-0.649784
-0.844323
-1.040465
-0.995504
-0.996506
-0.983019
-0.923613
-0.900946
-0.971026
-0.878053
-0.633405
-0.325894
-0.004092
0.343898
0.610077
0.661469
0.767739
0.953656
1.166713
1.327762
1.498140
1.417466
1.267740
1.057193
0.721985
0.325681
0.222848
0.110441
-0.169391
-0.294491
-0.295792
-0.488361
-0.598520
-0.712097
-0.975620
-1.260300
-1.415425
-1.571139
-1.625363
-1.394583
-1.127195
-0.948403
-0.668671
-0.343776
-0.038399
0.249915
0.553719
0.758646
0.936253
1.045086
1.109006
1.114525
1.060095
1.000873
0.899951
0.765272
0.660939
0.652631
0.586391
0.535086
0.479815
0.447055
0.244130
0.118881
-0.096252
-0.255388
-0.447147
-0.546951
-0.681900
-0.808807
-1.050939
-1.274544
-1.450645
-1.489002
-1.441958
-1.240586
-0.925597
-0.619228
-0.448860
-0.177994
0.038476
0.142528
0.325465
0.524975
0.573781
0.682503
0.773301
0.817534
0.848366
0.887270
0.936893
0.978357
0.976409
0.862814
0.779121
0.646876
0.511666
0.463300
0.479582
0.406063
0.193453
0.044214
-0.338992
-0.638974
-0.896324
-1.105971
-1.335499
-1.440400
-1.591546
-1.661397
-1.590568
-1.483419
-1.346302
-1.243083
-0.998789
-0.846250
-0.620407
-0.480081
-0.188650
-0.134389
0.024984
0.103983
0.193488
0.106867
0.025394
-0.172045
-0.316522
-0.303842
-0.216099
-0.074879
0.202702
0.432100
0.588981
0.785305
1.021976
1.130739
1.283884
1.406599
1.468472
1.444592
1.476980
1.449617
1.364170
1.313883
1.129656
0.865358
0.511261
0.174869
-0.223561
-0.452774
-0.571396
-0.667489
-0.722023
-0.787010
-0.816970
-0.879493
-0.955852
-0.998654
-0.915947
-0.931327
-1.010750
-1.012666
-0.992426
-0.920832
-0.767325
-0.600089
-0.364874
-0.199288
-0.018236
0.153640
0.369058
0.493695
0.563153
0.522167
0.631520
0.666232
0.764736
0.749835
0.757552
0.594872
0.408854
0.156701
0.011867
-0.136514
-0.413135
-0.666363
-0.841809
-1.165259
-1.370619
-1.336483
-1.203786
-1.127606
-0.916441
-0.784898
-0.770110
-0.784179
-0.898636
-0.960978
-0.936760
-0.917502
-0.898048
-0.742369
-0.402794
-0.287547
-0.231765
-0.090559
0.035537
0.089670
0.357944
0.606478
0.869507
1.005732
1.367617
1.494268
1.599508
1.595599
1.762221
1.587927
1.390336
1.395661
1.173508
0.862488
0.740190
0.374193
0.060276
-0.169348
-0.091729
-0.181659
-0.035633
0.056038
0.281819
0.340676
0.447656
0.735084
1.186108
1.375484
1.452329
1.161518
1.030477
0.751491
0.532240
0.273826
0.318947
0.076967
-0.285836
-0.400097
-0.510527
-0.739414
-0.733442
-0.848569
-0.824788
-0.658828
-0.284319
-0.105261
0.004596
0.405320
0.526530
0.581559
0.828788
1.100969
1.050248
1.049277
1.132159
1.052423
1.028913
0.862245
0.540793
0.155426
-0.087971
-0.225697
-0.324073
-0.351833
-0.344141
-0.581921
-0.743347
-0.888742
-1.059633
-1.240547
-1.480551
-1.418537
-1.475478
-1.360308
-0.884957
-0.364083
-0.083520
0.256749
0.714993
0.875080
0.975470
0.808135
0.625817
0.354171
-0.033916
-0.245469
-0.284279
-0.259557
-0.316538
-0.343433
-0.109500
0.062570
0.053359
0.116218
0.061303
-0.311030
-0.752365
-0.984794
-1.229383
-1.416982
-1.576478
-1.458795
-1.465586
-1.394113
-1.187078
-0.704563
-0.423480
-0.023059
0.415835
0.742876
0.729857
0.624383
0.366669
-0.036943
-0.410508
-0.724923
-0.875018
-0.912490
-0.976922
-0.868678
-0.850533
-0.870349
-0.827893
-0.672005
-0.640176
-0.462648
-0.210511
-0.029277
0.111230
0.050807
-0.005311
0.198066
0.135923
0.095129
0.363874
0.564538
0.573888
0.744750
1.151867
1.403534
1.700377
2.144941
2.322166
2.344051
2.080890
1.794533
1.317570
0.887107
0.622076
0.419695
0.311051
0.167226
0.290638
0.161067
0.046981
-0.143937
-0.546100
-0.728780
-0.921566
-0.855126
-0.833356
-0.648042
-0.476566
-0.272837
-0.094153
0.220559
0.408998
0.545064
0.675549
0.737474
0.734440
0.874714
0.872702
0.745865
0.771582
0.715091
0.314042
-0.011392
-0.338528
-0.526037
-0.844800
-0.887337
-0.878847
-0.700216
-0.798539
-0.896839
-0.719963
-0.722970
-0.852909
-0.622016
-0.308549
-0.136229
0.089716
0.439725
0.559297
0.737247
1.041290
1.188973
1.356573
1.468659
1.456838
1.352907
1.132347
0.984837
0.599037
0.389807
-0.071363
-0.308957
-0.546978
-0.483131
-0.560612
-0.406079
-0.497623
-0.666684
-0.777023
-0.770450
-0.793499
-0.363290
-0.111780
0.057821
0.610250
0.984285
1.297049
1.733198
2.018043
1.898737
1.857082
1.617819
1.323724
1.108555
0.884392
0.630695
0.640370
0.604037
0.537242
0.527010
0.558199
0.334888
0.094366
-0.226693
-0.600751
-0.930916
-1.144354
-1.436091
-1.652698
-1.900261
-2.116854
-2.251155
-2.202128
-2.032622
-1.584334
-1.275959
-1.070249
-0.746182
-0.470990
-0.394962
-0.126570
0.222858
0.473122
0.606156
0.793555
0.853209
0.772129
0.591845
0.549207
0.481894
0.216333
-0.117792
-0.287433
-0.529048
-0.781399
-0.866616
-0.747787
-0.777416
-0.952707
-1.059499
-1.071984
-1.172796
-1.018204
-0.660571
-0.395684
-0.057514
0.343137
0.384000
0.357811
0.354813
0.292720
0.294473
0.355104
0.411267
0.517372
0.236826
0.181051
0.196430
0.278827
0.264221
0.479591
0.535261
0.441057
0.311194
-0.253919
-0.586989
-1.002091
-1.408721
-1.800941
-1.748380
-1.757563
-1.821180
-1.509043
-1.136856
-0.759477
-0.241829
0.270263
0.612839
1.008197
1.126871
1.199522
1.152027
1.064989
0.797458
0.718815
0.656500
0.500829
0.347253
0.244378
0.194363
-0.136434
-0.268628
-0.507506
-0.777509
-0.843598
-0.815035
-0.953339
-0.870632
-0.851125
-1.056197
-1.348653
-1.549634
-1.530261
-1.656247
-1.447586
-1.147023
-0.579548
-0.418186
-0.055462
0.067795
-0.133400
-0.351579
-0.351609
-0.327474
-0.230981
0.212238
0.477455
0.568479
0.585211
0.520997
0.360345
0.245670
0.269487
0.395672
0.414284
0.505891
0.665769
0.736586
0.722957
0.809678
0.971188
0.994783
1.022359
1.111888
1.148533
1.115749
1.056651
0.979449
0.880359
0.798341
0.732135
0.686563
0.743550
0.865841
0.941785
0.982164
0.924567
0.717684
0.480246
0.379691
0.246428
0.135443
0.056386
-0.081107
-0.364911
-0.579224
-0.808720
-0.991123
-1.153071
-1.240728
-1.374353
-1.316453
-1.276395
-1.418348
-1.493264
-1.449007
-1.497357
-1.487681
-1.220404
-0.939290
-0.837432
-0.568111
-0.434537
-0.327898
-0.283199
-0.260649
-0.435686
-0.388553
-0.101200
0.149806
0.236316
0.467055
0.640981
0.476693
0.316658
0.444510
0.415366
0.449115
0.429356
0.062761
-0.237625
-0.521677
-0.998338
-1.227040
-1.249281
-1.198704
-1.021270
-0.762820
-0.554635
-0.529885
-0.391093
-0.327335
-0.277742
-0.348292
-0.229369
-0.278922
-0.373817
-0.596890
-0.758493
-0.840710
-0.969290
-1.005918
-0.855295
-1.048222
-0.875779
-0.846755
-0.792844
-0.727126
-0.234516
0.220913
0.665029
0.932279
1.089959
1.122865
1.042006
0.901678
0.954751
1.004112
0.992940
0.942544
0.860433
0.669681
0.465901
0.401018
0.350891
0.486102
0.615520
0.701743
0.717054
0.626320
0.520995
0.527543
0.596589
0.697514
0.710158
0.766561
0.793569
0.790311
0.838070
0.824620
0.776100
0.718645
0.736886
0.661690
0.675682
0.526552
0.186273
-0.134269
-0.339831
-0.597664
-0.727588
-0.790095
-0.864509
-1.018660
-1.217628
-1.359877
-1.386105
-1.445119
-1.440082
-1.303531
-1.167752
-0.977450
-0.628495
-0.276941
0.020974
0.338038
0.462433
0.440943
0.265732
0.096417
-0.170903
-0.209938
-0.352334
-0.503220
-0.524111
-0.565177
-0.602358
-0.480414
-0.595590
-0.656148
-0.692200
-0.793002
-0.963173
-0.813731
-0.756338
-0.706347
-0.413271
-0.096694
0.235294
0.566387
0.844444
1.043828
0.952332
0.877983
0.811839
0.874196
0.777008
0.716037
0.584793
0.357985
0.160295
-0.209828
-0.401654
-0.605508
-0.958399
-1.239471
-1.167251
-1.084676
-1.099913
-0.790682
-0.604734
-0.835179
-0.875669
-0.755444
-0.727095
-0.514090
-0.059249
0.347505
0.624380
0.859531
1.045273
1.091263
1.198522
1.286014
1.417888
1.381570
1.517124
1.466363
1.464738
1.332549
1.114093
0.726041
0.389235
0.122513
0.003816
0.050496
0.102058
0.146347
0.298143
0.394705
0.459522
0.553190
0.607058
0.672737
0.709096
0.712022
0.768175
0.770157
0.678351
0.631246
0.520331
0.355370
0.109259
-0.038540
-0.399438
-0.670883
-0.950883
-1.140048
-1.452395
-1.636653
-1.755462
-1.833657
-1.966541
-2.010082
-1.998074
-1.853224
-1.781256
-1.623632
-1.430502
-1.017809
-0.749360
-0.486207
-0.041190
0.317067
0.391373
0.392159
0.459533
0.417079
0.301729
0.294202
0.232607
0.204056
0.229489
0.211918
0.413722
0.679958
0.804644
1.004545
1.290998
1.129740
0.830190
0.557837
0.393387
0.002945
-0.294844
-0.475130
-0.554209
-0.856104
-0.928367
-0.635885
-0.539724
-0.258549
0.034697
0.367535
0.564329
0.946103
1.143894
1.225127
1.088705
0.916433
0.870648
0.843618
0.579873
0.598042
0.621578
0.570883
0.676837
0.859349
0.968219
0.780353
0.571167
0.209331
-0.008569
-0.306041
-0.419063
-0.418770
-0.483257
-0.526783
-0.553066
-0.626827
-0.716084
-0.785076
-0.750454
-0.689892
-0.642708
-0.719450
-0.782221
-0.814571
-0.860238
-0.869543
-0.771213
-0.741238
-0.783361
-0.817141
-0.762785
-0.818984
-0.786827
-0.799300
-0.831746
-0.875401
-0.836791
-0.826336
-0.765766
-0.585226
-0.387640
-0.149044
0.203046
0.532519
0.725870
0.893996
0.983097
0.993826
0.966711
0.990050
1.050189
1.073995
1.094968
1.131477
1.170901
1.146057
1.087143
0.937694
0.817930
0.735626
0.604300
0.532986
0.524218
0.554072
0.579034
0.606549
0.646068
0.707450
0.652309
0.688038
0.771012
0.775500
0.685670
0.658031
0.536090
0.301734
0.086330
-0.076994
-0.127321
-0.163790
-0.305840
-0.325119
-0.382035
-0.527831
-0.854028
-0.934934
-1.017908
-1.256963
-1.297584
-1.172880
-1.066332
-1.030952
-1.014250
-0.896275
-0.714623
-0.575051
-0.446261
-0.052829
0.013047
0.124150
0.213141
0.473725
0.707514
0.932068
0.954717
1.217577
1.214425
1.192747
1.081114
1.009025
0.671041
0.436617
0.066959
-0.222671
-0.441063
-0.578537
-0.780388
-0.843022
-0.829335
-0.882449
-0.943545
-0.918022
-0.931234
-0.918694
-0.811721
-0.730539
-0.687641
-0.587225
-0.455940
-0.409059
-0.357740
-0.277069
-0.261446
-0.389946
-0.497416
-0.603227
-0.797206
-0.983940
-1.153414
-1.363488
-1.402214
-1.293944
-1.203392
-0.968533
-0.650552
-0.488329
-0.456945
-0.316251
-0.228168
-0.070928
0.172308
0.485003
0.770651
1.027705
1.134099
1.226844
1.320315
1.341097
1.316391
1.348493
1.208652
1.071292
1.039649
0.990871
0.870496
0.930868
1.021614
0.999713
0.931807
0.892377
0.830508
0.617427
0.577742
0.636240
0.592355
0.555520
0.614244
0.525633
0.433879
0.424695
0.252768
0.132019
-0.025433
-0.108812
-0.238391
-0.177413
-0.269172
-0.223314
-0.167278
0.136130
-0.156449
-0.140361
-0.305804
-0.553070
-0.903157
-0.877940
-1.091354
-1.137636
-1.077053
-0.990665
-1.018536
-0.890634
-0.936042
-1.058250
-1.200979
-1.023836
-0.939242
-0.632353
-0.382614
-0.107895
0.158513
0.457678
0.543880
0.656195
0.701403
0.736996
0.800666
0.999965
1.183397
1.190769
1.163742
0.959757
0.698402
0.422776
0.292267
0.203386
0.109857
-0.123832
-0.412560
-0.603367
-0.819385
-0.990886
-1.009462
-1.039524
-1.148526
-1.244742
-1.216776
-1.225284
-1.102566
-0.982577
-0.892917
-0.887040
-0.749135
-0.806896
-0.668513
-0.377376
0.029108
0.460427
1.126966
1.567851
1.565526
1.303052
0.874135
0.280336
-0.025121
-0.426921
-0.464352
-0.408617
-0.336194
-0.597719
-0.449139
-0.257780
-0.494351
-0.546825
-0.555185
-0.571632
-0.743424
-0.380199
-0.181552
0.040564
0.142000
0.181454
0.081370
-0.136166
-0.351728
-0.534552
-0.744178
-1.018071
-1.031445
-1.062036
-0.918922
-1.030868
-0.785689
-0.774381
-0.907288
-0.930087
-0.640132
-0.465873
-0.229681
0.130832
0.273937
0.448250
0.551674
0.798137
1.115954
1.432586
1.621395
1.717556
1.503891
1.259172
1.112146
0.958236
0.749921
0.760186
0.616761
0.465630
0.297600
0.304321
0.327440
0.719381
0.939341
1.373029
1.556704
1.701562
1.639436
1.716622
1.590049
1.428110
1.281066
1.157239
1.057495
0.897653
0.761177
0.609959
0.390283
0.168065
-0.073131
-0.292845
-0.255404
-0.216213
-0.210162
-0.091560
0.034983
0.036164
-0.033001
-0.164441
-0.427128
-0.549963
-0.667612
-0.810469
-0.910493
-0.948275
-1.013373
-1.116545
-1.141556
-1.125334
-0.962773
-0.701671
-0.530086
-0.193074
0.106987
0.432471
0.666308
0.868946
0.901490
0.979083
0.900486
0.793726
0.763090
0.710964
0.510118
0.393160
0.249219
-0.054303
-0.279620
-0.542960
-0.805027
-1.006545
-1.120070
-1.308273
-1.351746
-1.442269
-1.573881
-1.642821
-1.594376
-1.587746
-1.432611
-1.300918
-1.108784
-0.961032
-0.804946
-0.681056
-0.587020
-0.487033
-0.346865
-0.225402
-0.090968
0.202741
0.349636
0.398875
0.492616
0.434064
0.243763
0.287730
0.422662
0.602950
0.907644
1.234537
1.511018
1.493372
1.459232
1.064460
1.055564
0.901665
0.940874
0.826910
0.913393
0.733435
0.346455
0.030922
-0.032664
-0.078986
-0.145345
-0.068378
-0.087880
-0.221039
-0.451762
-0.592003
-0.542246
-0.376889
-0.101390
0.343539
0.721900
0.960771
1.157900
1.137970
1.223023
1.239389
1.037610
0.959425
0.711657
0.389610
-0.149695
-0.491964
-0.796001
-0.966672
-1.095686
-1.139814
-0.863277
-0.702876
-0.491503
-0.308021
-0.113615
-0.143142
-0.344997
-0.535373
-0.658858
-0.788676
-0.934560
-1.003720
-0.918329
-0.963065
-1.037987
-0.887220
-0.786866
-0.600288
-0.324674
0.065607
0.182704
0.397963
0.547327
0.596173
0.757932
0.933997
0.927265
0.857060
0.865309
0.976481
1.041121
1.274495
1.512758
1.489049
1.331393
1.200642
1.089925
0.931685
0.862672
0.508914
0.090834
-0.034227
-0.410638
-0.657674
-0.443675
-0.304594
-0.447340
-0.328005
-0.016282
-0.002751
0.046632
0.038976
-0.185884
-0.319145
-0.370785
-0.266131
-0.023841
0.343758
0.555869
0.642731
0.644755
0.580076
0.587765
0.509265
0.524271
0.547779
0.615956
0.717954
0.756024
0.785845
0.907737
0.639606
0.562938
0.540039
0.653480
0.743342
1.077294
1.174106
1.205015
1.222856
1.265058
1.178760
1.150121
1.017354
0.770118
0.498981
0.328078
0.014272
-0.192602
-0.359083
-0.629656
-0.761498
-0.853226
-1.050033
-1.163319
-1.264294
-1.279648
-1.246124
-1.179836
-1.259390
-1.266358
-1.256924
-1.262279
-1.285334
-1.217357
-1.191532
-1.270541
-1.247108
-0.972749
-0.679059
-0.394745
-0.057882
0.236248
0.246645
0.337329
0.465171
0.288809
0.061352
-0.088870
-0.139297
-0.520384
-0.590986
-0.639407
-0.649988
-0.805192
-0.606265
-0.512537
-0.470557
-0.580343
-0.682204
-1.087849
-1.073712
-1.144365
-0.950037
-0.803302
-0.491275
-0.466976
-0.241188
-0.201971
-0.294372
-0.531306
-0.792480
-1.074493
-1.094712
-0.861939
-0.553435
-0.679442
-0.747105
-1.000837
-1.365264
-1.374929
-1.138603
-0.913914
-0.822875
-0.681776
-0.607961
-0.267672
-0.155004
0.112126
0.384038
0.380679
0.337878
0.401578
0.369783
0.389283
0.425080
0.553939
0.768185
1.004478
1.043982
1.169147
1.117016
1.040738
1.058693
1.026948
1.075798
1.086606
1.031590
1.030013
0.984386
0.949951
0.889786
0.856904
0.667335
0.625161
0.690350
0.720199
0.694161
0.866329
1.006823
0.953002
0.823438
0.643779
0.381463
0.233091
0.128478
0.146877
0.240192
0.142925
-0.037904
-0.247402
-0.422926
-0.649476
-0.788760
-0.854206
-0.845129
-0.900998
-0.834670
-0.721387
-0.765578
-0.807268
-0.803059
-0.894248
-0.870411
-0.874444
-0.796340
-0.829109
-0.768419
-0.718835
-0.683912
-0.698404
-0.698507
-0.907373
-1.095223
-1.094495
-1.142597
-1.178704
-0.956196
-0.695819
-0.506002
-0.399095
-0.058643
0.052545
0.096618
0.240067
0.506632
0.711395
0.902299
0.956373
0.858418
0.770446
0.558970
0.287116
0.372494
0.185327
-0.002209
-0.120483
-0.068735
-0.383041
-0.399962
-0.486522
-0.653588
-0.767139
-0.869033
-1.008491
-1.151429
-1.231507
-1.169875
-0.855487
-0.535848
-0.128680
0.331869
0.577861
0.665254
0.892205
1.046647
0.994909
1.174731
1.268237
1.170531
1.061162
1.032662
0.770735
0.422229
0.371682
0.207614
0.104862
0.099947
0.058340
-0.297818
-0.566285
-0.786670
-1.029560
-1.059240
-1.021988
-0.965599
-0.862486
-0.914547
-0.935906
-0.865905
-0.911669
-0.897279
-0.805726
-0.725598
-0.711927
-0.621915
-0.579527
-0.397215
-0.250346
-0.023500
0.420019
0.696439
0.867029
1.189002
1.366201
1.445445
1.538853
1.504312
1.253794
0.823002
0.465997
0.064896
-0.168969
-0.348333
-0.162362
-0.283194
-0.116172
0.037618
0.162168
0.120377
0.298075
0.298447
0.404217
0.477520
0.595098
0.780514
0.924631
1.030845
1.411232
1.753565
2.019496
2.300173
2.664337
2.612885
2.704136
2.398872
2.041965
1.594746
1.277769
0.654815
0.337451
0.109687
-0.174276
-0.352625
-0.312372
-0.273357
-0.158199
-0.132255
-0.271544
-0.365443
-0.370372
-0.436365
-0.396411
-0.373482
-0.474556
-0.537949
-0.665345
-0.822932
-0.866638
-0.922794
-1.028310
-1.098660
-1.156649
-1.155376
-1.189906
-1.220399
-1.285011
-1.368242
-1.380057
-1.282985
-1.254058
-1.081448
-0.923471
-0.867495
-0.783655
-0.507879
-0.308689
-0.145762
0.140335
0.438921
0.537583
0.618019
0.806751
0.833243
0.748947
0.697177
0.769758
0.711526
0.573480
0.556297
0.603750
0.559812
0.585967
0.445351
0.164561
-0.280410
-0.641537
-1.027214
-0.754633
-0.493647
-0.268818
0.062768
0.173366
-0.161399
-0.212356
-0.312558
-0.613145
-0.569229
-0.327351
-0.312016
-0.003029
0.201208
0.144429
-0.175743
-0.059416
0.058846
0.154581
0.328019
0.929197
0.767935
0.760349
0.696192
0.945746
0.926861
1.382309
1.258114
1.193408
0.825286
0.642524
0.455905
0.470767
0.090168
-0.090630
-0.339645
-0.684781
-0.808868
-0.736180
-0.688616
-0.625342
-0.529549
-0.434787
0.042127
0.309382
0.204748
0.043810
0.051973
-0.395314
-0.458646
-0.403896
-0.149526
-0.371887
-0.264713
-0.482947
-0.404695
-0.630071
-0.950263
-1.157139
-1.202435
-1.782314
-1.847444
-1.789804
-1.668404
-1.518551
-1.078054
-0.891019
-0.505659
-0.214589
-0.194342
0.057871
0.183683
0.405495
0.396147
0.566203
0.643744
0.696414
0.696292
0.913023
1.129231
1.175675
1.215119
1.372526
1.472472
1.424584
1.458144
1.481265
1.346726
1.079259
0.951001
0.726467
0.442100
0.291266
0.166944
0.114232
0.181794
0.328913
0.464445
0.708483
0.828073
0.890322
0.981290
0.852753
0.751916
0.640390
0.480921
0.269608
0.154630
0.059011
-0.168445
-0.319438
-0.476466
-0.658143
-0.860139
-0.935460
-1.081247
-1.133792
-1.179814
-1.173735
-1.100199
-1.024398
-1.007364
-0.994308
-1.075922
-1.115450
-1.084849
-1.068392
-0.948378
-0.771993
-0.621858
-0.486958
-0.328523
-0.212115
-0.091869
0.067827
0.228798
0.514883
0.745424
0.871276
0.872815
0.839140
0.450388
0.119380
-0.167560
-0.393095
-0.621288
-0.771830
-0.784278
-0.946907
-1.173384
-1.240436
-1.082950
-1.094142
-0.670524
-0.234201
0.071514
0.402277
0.726384
0.749988
0.871389
0.904546
0.872315
1.007514
0.796646
0.637272
0.637386
0.638727
0.377292
0.480311
0.218582
-0.143355
-0.570753
-0.841947
-1.134341
-1.095285
-0.921048
-0.797752
-0.619140
-0.395618
-0.235553
-0.114931
0.159049
0.112028
0.360065
0.494868
0.654238
0.790942
0.865833
0.633506
0.576999
0.576287
0.558778
0.541066
0.479122
0.373031
0.091562
-0.276747
-0.383639
-0.436049
-0.643131
-0.752817
-0.760292
-0.749036
-0.774821
-0.884459
-1.003626
-1.141872
-1.222922
-1.223276
-1.024012
-0.778286
-0.499248
-0.142264
0.110389
0.374485
0.594581
0.742652
0.750090
0.717917
0.861472
0.874020
0.872355
0.942776
1.054635
1.036226
1.112347
1.173848
1.188003
1.111320
1.006894
0.925088
0.863135
0.551704
0.430989
0.235073
-0.118799
-0.443605
-0.616202
-0.803761
-0.926824
-1.054993
-1.060043
-1.067761
-1.037240
-0.944986
-0.719016
-0.672238
-0.593601
-0.576174
-0.707330
-0.633924
-0.481045
-0.433362
-0.361201
-0.256947
-0.289770
-0.345641
-0.259768
-0.337073
-0.293682
-0.481991
-0.665702
-0.783170
-0.783889
-0.679296
-0.375548
-0.296197
-0.188842
0.393714
0.790764
1.505103
2.188910
2.939478
3.473335
4.000196
4.444782
5.135519
5.662659
5.865189
6.206558
