0.00000000
0.02932551
0.05865103
0.08797654
0.11730205
0.14662757
0.17595308
0.20527859
0.23460411
0.26392962
0.29325513
0.32258065
0.35190616
0.38123167
0.41055718
0.43988270
0.46920821
0.49853372
0.52785924
0.55718475
0.58651026
0.61583578
0.64516129
0.67448680
0.70381232
0.73313783
0.76246334
0.79178886
0.82111437
0.85043988
0.87976540
0.90909091
0.93841642
0.96774194
0.99706745
1.02639296
1.05571848
1.08504399
1.11436950
1.14369501
1.17302053
1.20234604
1.23167155
1.26099707
1.29032258
1.31964809
1.34897361
1.37829912
1.40762463
1.43695015
1.46627566
1.49560117
1.52492669
1.55425220
1.58357771
1.61290323
1.64222874
1.67155425
1.70087977
1.73020528
1.75953079
1.78885630
1.81818182
1.84750733
1.87683284
1.90615836
1.93548387
1.96480938
1.99413490
2.02346041
2.05278592
2.08211144
2.11143695
2.14076246
2.17008798
2.19941349
2.22873900
2.25806452
2.28739003
2.31671554
2.34604106
2.37536657
2.40469208
2.43401760
2.46334311
2.49266862
2.52199413
2.55131965
2.58064516
2.60997067
2.63929619
2.66862170
2.69794721
2.72727273
2.75659824
2.78592375
2.81524927
2.84457478
2.87390029
2.90322581
2.93255132
2.96187683
2.99120235
3.02052786
3.04985337
3.07917889
3.10850440
3.13782991
3.16715543
3.19648094
3.22580645
3.25513196
3.28445748
3.31378299
3.34310850
3.37243402
3.40175953
3.43108504
3.46041056
3.48973607
3.51906158
3.54838710
3.57771261
3.60703812
3.63636364
3.66568915
3.69501466
3.72434018
3.75366569
3.78299120
3.81231672
3.84164223
3.87096774
3.90029326
3.92961877
3.95894428
3.98826979
4.01759531
4.04692082
4.07624633
4.10557185
4.13489736
4.16422287
4.19354839
4.22287390
4.25219941
4.28152493
4.31085044
4.34017595
4.36950147
4.39882698
4.42815249
4.45747801
4.48680352
4.51612903
4.54545455
4.57478006
4.60410557
4.63343109
4.66275660
4.69208211
4.72140762
4.75073314
4.78005865
4.80938416
4.83870968
4.86803519
4.89736070
4.92668622
4.95601173
4.98533724
5.01466276
5.04398827
5.07331378
5.10263930
5.13196481
5.16129032
5.19061584
5.21994135
5.24926686
5.27859238
5.30791789
5.33724340
5.36656891
5.39589443
5.42521994
5.45454545
5.48387097
5.51319648
5.54252199
5.57184751
5.60117302
5.63049853
5.65982405
5.68914956
5.71847507
5.74780059
5.77712610
5.80645161
5.83577713
5.86510264
5.89442815
5.92375367
5.95307918
5.98240469
6.01173021
6.04105572
6.07038123
6.09970674
6.12903226
6.15835777
6.18768328
6.21700880
6.24633431
6.27565982
6.30498534
6.33431085
6.36363636
6.39296188
6.42228739
6.45161290
6.48093842
6.51026393
6.53958944
6.56891496
6.59824047
6.62756598
6.65689150
6.68621701
6.71554252
6.74486804
6.77419355
6.80351906
6.83284457
6.86217009
6.89149560
6.92082111
6.95014663
6.97947214
7.00879765
7.03812317
7.06744868
7.09677419
7.12609971
7.15542522
7.18475073
7.21407625
7.24340176
7.27272727
7.30205279
7.33137830
7.36070381
7.39002933
7.41935484
7.44868035
7.47800587
7.50733138
7.53665689
7.56598240
7.59530792
7.62463343
7.65395894
7.68328446
7.71260997
7.74193548
7.77126100
7.80058651
7.82991202
7.85923754
7.88856305
7.91788856
7.94721408
7.97653959
8.00586510
8.03519062
8.06451613
8.09384164
8.12316716
8.15249267
8.18181818
8.21114370
8.24046921
8.26979472
8.29912023
8.32844575
8.35777126
8.38709677
8.41642229
8.44574780
8.47507331
8.50439883
8.53372434
8.56304985
8.59237537
8.62170088
8.65102639
8.68035191
8.70967742
8.73900293
8.76832845
8.79765396
8.82697947
8.85630499
8.88563050
8.91495601
8.94428152
8.97360704
9.00293255
9.03225806
9.06158358
9.09090909
9.12023460
9.14956012
9.17888563
9.20821114
9.23753666
9.26686217
9.29618768
9.32551320
9.35483871
9.38416422
9.41348974
9.44281525
9.47214076
9.50146628
9.53079179
9.56011730
9.58944282
9.61876833
9.64809384
9.67741935
9.70674487
9.73607038
9.76539589
9.79472141
9.82404692
9.85337243
9.88269795
9.91202346
9.94134897
9.97067449
10.00000000
10.02932551
10.05865103
10.08797654
10.11730205
10.14662757
10.17595308
10.20527859
10.23460411
10.26392962
10.29325513
10.32258065
10.35190616
10.38123167
10.41055718
10.43988270
10.46920821
10.49853372
10.52785924
10.55718475
10.58651026
10.61583578
10.64516129
10.67448680
10.70381232
10.73313783
10.76246334
10.79178886
10.82111437
10.85043988
10.87976540
10.90909091
10.93841642
10.96774194
10.99706745
11.02639296
11.05571848
11.08504399
11.11436950
11.14369501
11.17302053
11.20234604
11.23167155
11.26099707
11.29032258
11.31964809
11.34897361
11.37829912
11.40762463
11.43695015
11.46627566
11.49560117
11.52492669
11.55425220
11.58357771
11.61290323
11.64222874
11.67155425
11.70087977
11.73020528
11.75953079
11.78885630
11.81818182
11.84750733
11.87683284
11.90615836
11.93548387
11.96480938
11.99413490
12.02346041
12.05278592
12.08211144
12.11143695
12.14076246
12.17008798
12.19941349
12.22873900
12.25806452
12.28739003
12.31671554
12.34604106
12.37536657
12.40469208
12.43401760
12.46334311
12.49266862
12.52199413
12.55131965
12.58064516
12.60997067
12.63929619
12.66862170
12.69794721
12.72727273
12.75659824
12.78592375
12.81524927
12.84457478
12.87390029
12.90322581
12.93255132
12.96187683
12.99120235
13.02052786
13.04985337
13.07917889
13.10850440
13.13782991
13.16715543
13.19648094
13.22580645
13.25513196
13.28445748
13.31378299
13.34310850
13.37243402
13.40175953
13.43108504
13.46041056
13.48973607
13.51906158
13.54838710
13.57771261
13.60703812
13.63636364
13.66568915
13.69501466
13.72434018
13.75366569
13.78299120
13.81231672
13.84164223
13.87096774
13.90029326
13.92961877
13.95894428
13.98826979
14.01759531
14.04692082
14.07624633
14.10557185
14.13489736
14.16422287
14.19354839
14.22287390
14.25219941
14.28152493
14.31085044
14.34017595
14.36950147
14.39882698
14.42815249
14.45747801
14.48680352
14.51612903
14.54545455
14.57478006
14.60410557
14.63343109
14.66275660
14.69208211
14.72140762
14.75073314
14.78005865
14.80938416
14.83870968
14.86803519
14.89736070
14.92668622
14.95601173
14.98533724
15.01466276
