6.777936
5.927278
4.542109
2.772837
1.187217
-0.600053
-1.746478
-1.693976
-1.246744
-0.543385
-0.272298
0.059402
-0.088792
-0.215808
-0.850028
-0.672070
-0.302347
0.161884
0.227799
0.017917
-0.408627
-0.541847
-0.883973
-1.064973
-0.846304
-0.494307
-0.734463
-0.644505
-0.460931
-0.314181
-0.344567
-0.235526
-0.305423
0.150696
0.207669
0.626975
0.566948
0.771551
0.446060
0.564627
0.346759
0.374411
0.502475
0.525024
0.587892
0.797488
1.078632
0.818227
0.252277
0.037477
-0.653899
-1.232677
-1.226839
-1.135325
-1.064633
-1.016607
-0.553948
-0.332909
-0.312008
-0.442601
-0.569019
-0.663947
-1.143527
-1.103539
-0.983112
-0.762875
-0.718939
-0.317974
0.012567
-0.039509
-0.199746
-0.209708
-0.115964
0.140133
0.273659
0.801672
0.773064
0.684274
0.241253
0.160319
-0.073914
-0.126788
-0.037500
0.178154
0.428264
0.950232
1.372360
1.594097
2.065327
2.103006
1.622828
0.743054
0.235180
-0.405028
-1.245702
-1.275583
-1.216564
-0.988605
-1.275796
-1.162695
-1.013597
-0.423945
-0.403885
0.195209
0.663341
0.754411
0.862107
0.826467
0.206254
0.103206
-0.594219
-1.405778
-1.351628
-1.499137
-1.454336
-0.729845
-0.113114
-0.209061
0.550734
0.491437
-0.233632
-0.370597
-0.312066
-0.420472
-0.498234
0.118220
0.120658
0.090695
-0.059217
-0.017465
0.048276
0.166835
0.256304
0.244342
0.478317
0.494276
0.252766
0.087648
-0.117478
-0.410219
-0.706076
-0.634207
-0.650545
-0.008297
-0.064592
0.356491
0.340540
0.214575
0.120761
0.250143
0.178643
0.263841
0.610820
0.524110
0.637832
0.694956
0.768098
0.921089
0.290533
-0.142840
-0.087716
-0.428955
-0.627628
-0.089845
0.403239
0.233746
0.607160
0.638045
0.645970
0.362508
-0.101240
-0.446877
-0.732842
-0.900188
-0.818239
-0.553425
-0.353900
-0.331261
0.033069
0.265276
0.021489
-0.022914
-0.001195
-0.348905
-0.611197
0.064341
0.115848
0.113018
0.395125
0.687699
0.037060
0.076652
-0.120442
-0.106965
0.034926
0.610859
0.832640
0.876857
0.552418
0.163110
-0.206892
-0.444278
-0.487775
-0.539869
-0.806776
-0.568808
-0.755135
-0.742549
-0.459282
-0.080151
-0.186773
-0.235488
-0.137765
-0.411241
-0.383729
-0.221076
0.424977
0.817103
1.329280
1.196241
1.082399
0.651125
0.575556
0.228926
0.408560
0.447119
0.631435
0.181415
-0.463738
-0.929442
-1.143912
-1.277641
-0.658239
-0.154848
0.277060
0.187692
0.350354
0.115868
-0.016270
-0.058118
-0.074321
-0.019134
0.360717
0.480232
0.741862
0.767777
0.784027
0.178504
0.347364
0.142746
0.246912
0.209994
0.237896
0.401452
0.294835
0.321501
-0.312213
-1.064394
-1.767249
-1.866871
-1.592051
-0.858327
-0.103541
0.412884
0.606720
0.574084
0.287414
0.361515
0.463358
0.215212
0.033639
-0.053886
0.154620
0.155300
0.086757
0.210848
0.200913
0.071851
-0.218059
-0.209487
-0.306267
-0.351315
-0.318165
0.160857
0.484603
0.559900
-0.090396
-0.108249
-0.013996
-0.029884
0.169151
1.332086
1.304298
0.654789
0.594456
0.028840
-0.174168
-0.074526
0.125077
-0.283636
-0.065526
-0.506356
-0.574870
-0.496752
0.180468
0.109892
0.546729
0.457520
0.523092
0.320230
-0.237563
-0.233570
-0.211164
-0.624337
-1.295509
-1.153591
-1.546058
-1.509485
-0.868196
-0.294146
0.319576
0.727776
1.053980
0.895484
0.875895
0.918485
0.756621
0.372390
0.443764
0.486900
0.050642
0.102334
-0.175766
-0.748018
-0.766141
-0.350901
-0.919159
-0.497807
-0.154622
-0.091866
-0.009662
0.565689
0.664685
0.649502
0.380976
-0.023301
0.029745
-0.010812
-0.030510
0.234604
0.321358
0.135046
0.005092
-0.403761
-0.399935
-0.349074
-0.456296
-0.674835
-0.187314
-0.049281
0.039660
0.492584
0.734534
0.773456
0.768170
1.123267
1.085438
0.715851
0.457597
0.114609
-0.640706
-1.011431
-1.085049
-1.131005
-1.378829
-1.412817
-1.451300
-1.075399
-0.741233
-0.282592
0.277376
0.625287
0.701766
0.788214
0.813060
0.507439
0.405373
0.378694
0.327683
0.236362
0.133727
-0.382267
-0.312810
-0.368351
-0.515622
-0.173921
0.624647
0.592882
0.400969
0.486188
0.564918
0.166365
0.300546
0.403297
0.152094
-0.335357
-0.219964
-0.857011
-1.021374
-0.697499
-0.470035
-0.597055
-0.170077
-0.186577
-0.059028
0.296660
0.517834
0.675527
0.767788
0.924386
0.598879
0.599646
0.419024
0.488205
0.301787
0.274657
0.225858
0.244959
-0.110055
-0.554428
-0.486654
-0.936877
-0.955203
-0.354455
-0.016154
-0.635992
-0.144979
-0.256921
-0.382040
-0.430896
0.344797
0.339809
-0.106486
-0.556450
-0.466642
-0.424580
-0.236243
0.646767
1.101781
0.918856
0.903236
0.559649
0.306409
0.252702
-0.134247
-0.209623
0.179993
0.234417
0.132154
0.610548
0.098224
-0.620936
-0.696717
-0.748303
-1.051720
-0.981606
-0.595571
-0.597619
-0.578018
-0.140759
0.171299
0.115889
0.348122
0.396903
0.575103
0.662158
1.009820
1.087634
1.059164
0.889527
-0.031088
-0.168694
-0.071268
0.417860
0.346647
1.055601
0.366771
-0.140488
-1.053313
-1.526642
-0.843969
-0.747141
-0.747035
-0.182094
0.287902
-0.227533
0.277835
0.277512
0.274896
0.140300
-0.281110
-0.735582
-0.757504
-0.681466
-0.756746
-0.125693
0.056252
0.001373
0.080588
0.467090
0.235564
0.297210
0.508322
0.316682
0.437465
0.542398
0.981637
0.957918
1.108657
0.996074
0.404952
-0.204773
-0.311739
-0.298721
-0.501325
0.027467
-0.400501
-0.252965
-0.578788
-0.402975
-0.475717
0.201539
0.273822
0.510647
0.367900
0.514259
0.617286
0.527710
0.315338
0.369502
-0.171626
-0.157836
-0.268253
-0.219726
-0.564127
-0.169470
-0.099199
-0.106630
0.110066
0.577220
0.434700
0.121282
-0.223376
-0.277797
-0.933318
-1.190467
-0.886155
-0.506730
-0.521334
-0.014487
0.199449
-0.137221
-0.024267
0.064042
0.022382
0.375090
0.591334
0.508901
0.395493
0.628359
0.549613
0.742845
0.468049
0.131161
-0.151058
-0.484461
-1.149616
-0.794005
-0.668070
-0.724625
-0.431680
-0.288695
-0.343622
-0.002538
0.121371
0.146675
0.704431
0.388779
0.089733
-0.179870
-0.070985
-0.167588
0.177290
0.417745
0.658764
0.491507
0.347946
0.290181
0.265594
0.009668
0.191775
0.231113
0.168948
0.018963
0.072367
-0.417314
-0.656657
-0.939949
-0.816544
-0.502004
0.052239
0.333427
0.871809
0.814594
0.372774
-0.134778
-0.097742
-0.321373
-0.546197
-0.499774
-0.356977
-0.626918
-0.575434
-0.324719
-0.090046
0.139704
0.517783
0.714144
0.693291
0.540944
0.262934
0.364188
-0.061305
-0.273558
-0.441283
-0.438976
-0.735932
-0.443881
-0.348218
-0.049664
0.223373
0.493218
0.489709
0.784893
0.648479
0.390295
0.151784
-0.069637
-0.597509
-0.524794
-0.443349
-0.457289
-0.481523
0.105805
0.370393
0.128746
0.247622
0.589124
0.188461
-0.053191
0.241083
-0.009764
-0.416763
-0.184011
-0.162760
-0.386751
-0.167813
0.111738
0.104102
0.291784
0.617598
0.614567
0.261686
0.025448
-0.335321
-0.645273
-0.899618
-0.834896
-0.812764
-0.650728
-0.243952
0.019775
-0.021621
0.251551
0.672343
0.677318
0.617164
0.960425
0.705736
0.150912
-0.086119
-0.055953
-0.244300
-0.290138
0.049460
-0.012491
-0.437631
-0.172687
-0.339986
-0.745122
-0.459247
-0.457266
-0.720130
-0.126368
0.017580
-0.274387
0.054045
0.353048
0.395455
0.659197
0.817780
0.782602
0.683689
-0.062055
-0.068871
-0.267057
-0.474550
-0.784119
-0.408083
-0.348117
-0.078872
0.279354
0.490899
0.516436
0.465468
0.416945
0.388603
0.664117
0.735184
0.714631
0.965573
0.684775
0.259794
0.026769
-0.373987
-0.961367
-0.917184
-1.075198
-1.045725
-1.056377
-0.570862
-0.277619
0.373367
0.667491
0.680031
0.396071
-0.067603
-0.308309
-0.616531
-0.248062
-0.294293
-0.323194
-0.264011
0.025300
-0.418166
-0.169320
0.384448
0.328623
0.051399
0.325775
0.410697
0.437061
0.193333
0.216158
0.159076
-0.197906
-0.411258
-0.171998
0.169039
0.394540
0.394050
0.175453
0.160808
0.148076
-0.083763
0.349080
0.329724
0.082256
-0.448501
-0.442961
-0.833599
-0.525873
-0.126430
0.420959
0.642543
0.967825
0.931353
0.866923
0.411565
0.161589
-0.339920
-0.587152
-1.036108
-0.963002
-0.891807
-0.716521
-0.449165
-0.304835
-0.043035
0.244280
0.517760
0.575462
0.648440
0.704474
0.613524
0.372056
-0.013568
-0.197388
-0.439062
-0.227307
-0.026739
-0.087988
0.276910
0.466890
0.044585
0.046987
0.175422
-0.107375
-0.535296
-0.714147
-0.975002
-1.087995
-1.067326
-0.866322
-0.438166
-0.158492
0.154458
0.475138
0.879511
0.631700
0.818482
1.091559
0.773403
0.757999
0.747621
0.290097
-0.164623
-0.171699
-0.826741
-0.591187
-0.897481
-0.676779
-0.245313
0.401737
0.382191
0.797748
0.516070
0.098482
-0.335833
-0.574060
-0.111150
0.310332
0.305355
0.625802
0.656736
0.080533
0.037352
0.018167
0.024171
0.024853
0.025332
-0.285471
-0.249105
-0.568210
-0.540857
-0.505650
-0.438927
-0.371178
0.144327
0.185598
0.527182
0.312427
0.572218
0.407060
0.163630
-0.171647
0.037361
-0.310960
-0.823511
-0.826595
-0.826880
-1.050776
-0.739040
-0.536661
-0.084827
0.182330
0.208435
0.169118
0.515795
0.238867
0.345633
0.669105
0.415727
-0.143131
-0.167925
-0.177375
-0.125456
0.093687
0.686176
0.943735
0.538460
0.563511
0.293058
-0.142319
-0.422403
-0.252364
-0.552816
-0.485717
-0.155503
0.182768
-0.197112
-0.216127
-0.248570
-0.295322
-0.445464
-0.052653
0.240032
0.373363
0.412386
0.397809
0.579291
0.351375
0.261987
-0.025055
-0.109243
-0.160698
-0.137432
-0.360681
-0.120987
-0.412580
-0.463313
-0.341955
-0.261584
-0.611851
0.077650
-0.331012
-0.784862
-0.349646
-0.294440
-0.583531
-0.237384
0.447911
0.287958
0.605934
0.585483
0.522977
0.401626
0.072190
0.089168
0.127149
0.054025
-0.152328
0.221556
0.228017
0.184546
0.338499
0.424331
0.362051
0.380424
0.461298
0.617568
0.405954
0.646021
0.739017
0.479021
-0.061065
-0.019929
-0.432961
-0.598077
-0.292097
-0.289635
-0.003126
-0.131030
-0.398778
-0.625430
-0.408336
-0.667881
-0.500235
-0.463292
-0.561252
-0.564265
-0.513244
-0.626412
-0.332238
-0.342594
-0.061768
0.384329
0.952479
0.686764
0.637755
0.369722
0.342235
-0.091544
-0.082784
-0.044191
-0.023408
-0.389413
-0.128042
-0.162835
-0.096834
0.146321
0.070423
0.095510
0.646399
0.647306
0.321611
0.085499
-0.279045
-1.084152
-1.048445
-1.009772
-0.770959
-0.348476
0.399974
0.735457
0.749828
1.118059
1.127890
0.686173
0.371775
0.396586
0.039452
-0.506995
-0.748240
-0.740247
-0.821663
-0.832580
-0.656535
-0.018025
0.400951
0.067398
0.504652
1.154486
0.680224
0.275002
0.410987
-0.027316
-0.639065
-0.588781
-0.585297
0.108585
0.554245
0.486307
0.794894
0.755658
0.272072
-0.161035
-0.126301
-0.486655
-0.474888
-0.459941
-0.469318
-0.490189
-0.465890
-0.720771
-0.791784
-0.860487
-0.623670
-0.192394
0.456260
0.744891
0.711545
0.412847
0.474271
0.020957
-0.243809
0.266628
0.750317
0.787563
1.066293
1.090927
1.117565
0.946379
0.396605
0.461790
0.519987
0.036651
-0.233264
-0.405166
-0.711562
-0.907911
-0.875401
-1.053007
-1.046796
-0.710816
-0.500657
-0.117058
-0.083509
0.144849
-0.129370
-0.079142
-0.378810
-0.110838
-0.101249
-0.079821
0.159266
0.110757
0.040836
0.496486
0.418315
0.578363
1.085064
0.590780
0.045000
0.401907
-0.195112
-0.770510
-0.332855
0.415214
0.161966
0.279801
0.318563
0.890510
0.686311
0.136701
0.010970
0.009590
-0.582153
-1.095458
-0.658477
-0.562740
-0.521754
-0.459613
-0.411331
-0.372737
-0.318141
0.216422
0.537139
0.472232
0.760793
0.749770
0.208650
-0.156354
-0.079464
-0.437567
-0.514123
-0.598044
-0.619410
-0.687783
-0.686007
-0.244181
-0.212640
0.334194
0.872823
1.193277
0.790189
1.092083
1.103072
0.858561
0.854382
0.848064
0.519163
-0.204131
-0.533184
-1.045873
-1.262340
-0.960003
-0.365927
-0.086387
0.105630
0.579391
0.585662
0.222322
-0.019186
0.060432
-0.159815
-0.387215
-0.360396
-0.299019
-0.260323
-0.247906
-0.439751
-0.207279
0.026257
0.134425
0.357560
0.549047
0.545477
0.115753
-0.229524
-0.531432
-0.571680
-0.862845
-0.689879
-0.287622
-0.047853
-0.093877
0.137635
0.058309
-0.252395
-0.127705
0.244029
0.211537
0.536545
0.523308
0.137613
-0.324032
-0.649164
-0.637545
-0.425871
-0.137200
0.141202
0.563236
0.595874
0.631597
0.710089
0.740811
0.729784
0.627729
0.688711
0.718968
0.775660
0.562393
0.505843
0.030701
-0.550370
-0.589738
-0.685945
-0.912179
-0.687428
-0.516099
-0.747466
-0.870638
-0.827020
-0.757547
-0.630528
-0.082530
0.544342
0.897386
0.902705
1.167492
0.554996
0.101358
-0.197257
-0.195471
-0.517564
-0.555737
-0.560524
-0.582207
-0.647784
-0.680857
-0.545788
-0.309329
-0.342637
-0.054186
0.233943
0.037201
-0.001552
-0.209654
-0.571817
-0.542097
-0.044489
-0.353375
0.236391
0.535980
0.462981
0.315434
0.569252
0.502808
0.441376
0.482789
0.512233
0.656103
0.651200
0.435217
0.436560
0.434134
0.399280
0.304909
0.560675
0.285032
0.260352
-0.070181
-0.115623
-0.578309
-0.821239
-0.778446
-0.746571
-0.965474
-0.746121
-0.535549
-0.786225
-0.769710
-0.453177
-0.442581
-0.184850
0.361808
0.853926
0.875321
1.320384
1.371960
0.905882
0.422473
0.148997
-0.226757
-0.519301
-0.718473
-0.354541
-0.332712
0.088673
0.360888
0.525408
0.393016
0.368960
-0.089761
-0.335841
-0.481347
-0.731555
-0.356626
-0.405383
-0.438454
-0.318797
-0.345939
-0.307601
-0.062202
-0.102019
0.118002
0.371039
-0.224678
-0.239367
0.199466
-0.037550
0.130545
0.651126
0.696071
0.631847
0.905511
0.359052
0.176372
0.102000
-0.380764
-0.425346
-0.269671
-0.456699
-0.306393
0.172606
0.223141
0.545495
0.545527
0.562399
0.226994
-0.020079
-0.299291
-0.018194
-0.345895
-0.063525
-0.067664
-0.114945
-0.429565
-0.453543
-0.760170
-0.389550
-0.396958
-0.338723
-0.282024
-0.219721
-0.570997
-0.312200
0.019701
0.296096
0.491165
0.832975
0.849802
0.875831
0.787628
0.485877
0.487665
0.138271
-0.132781
-0.460360
-0.402924
-0.804320
-0.543052
-0.351698
-0.121894
-0.167138
0.046981
0.059338
0.085627
0.173270
0.596230
0.390441
0.550245
0.581725
0.358990
0.022615
0.344782
0.183147
0.107726
0.385243
0.220675
0.224024
0.075074
-0.182848
-0.621914
-0.604028
-0.909527
-0.943738
-0.967095
-0.794440
-0.367875
-0.062218
-0.014101
0.295995
0.334193
0.066513
-0.197825
-0.214514
-0.511237
-0.554789
-0.606631
-0.070902
0.344989
0.808134
0.808825
1.179400
0.626954
0.557575
0.118783
0.137516
0.195892
0.839621
0.429894
0.439930
0.412897
0.012636
-0.578597
-0.532310
-0.475707
-0.418681
-0.575170
-0.802344
-0.486974
-0.524066
-0.238923
-0.027694
0.161820
-0.127142
-0.285782
-0.569304
-0.528751
-0.554422
-0.562592
-0.603593
-0.345424
0.030683
0.320619
0.650052
1.087774
1.063053
1.032308
0.727697
0.431223
0.209671
-0.246435
-0.868170
-0.430677
-0.468378
-0.546233
0.113809
0.577541
0.423511
0.377058
0.644588
0.625366
0.641838
0.386739
0.453559
0.215502
-0.238060
-0.507943
-0.496821
-0.563646
-0.576653
-0.600107
-0.297611
-0.312717
-0.002229
0.000966
-0.197795
-0.531390
-0.032592
-0.332514
-0.278525
-0.034655
0.013326
-0.401445
-0.040692
-0.276257
0.017106
0.036166
-0.000880
-0.022371
0.621409
0.599921
0.977519
1.178871
1.077852
0.598974
0.295033
-0.152724
-0.425835
-0.827544
-1.003452
-0.758732
-0.742705
-0.485278
-0.123944
0.034267
-0.231964
0.207271
0.309577
0.585185
0.673804
0.777481
0.417203
0.386538
0.395195
0.660799
0.430911
0.678262
0.377022
-0.229958
-0.492610
-0.450704
-0.712114
-0.868129
-0.919736
-0.865418
-0.929888
-0.942532
-0.632425
-0.419020
-0.496409
-0.142265
0.775645
0.812761
0.813407
0.928842
0.858491
-0.109991
-0.209485
-0.143303
-0.117690
1.021016
2.225219
1.407745
1.125742
0.994406
-0.478249
-1.612069
-1.612635
-1.496204
-1.436404
-1.183542
-1.145132
-0.466061
-0.409452
-0.412145
-0.399649
-0.390218
0.426628
0.573683
0.584859
0.552648
0.431592
-0.385291
0.604552
0.429541
0.360538
0.491756
0.517693
-0.724723
-0.067505
-0.102059
-0.289196
0.260272
0.290229
0.327631
0.404122
0.444241
-0.093963
0.059901
-0.548187
-0.455669
-0.435160
-0.400292
-0.438396
0.051603
-0.024813
0.417827
1.082056
1.022666
0.515767
0.341841
-0.076409
-0.692428
-0.648132
-0.627457
-0.420099
-0.477159
-0.569313
-0.181555
-0.220973
0.100499
0.479973
0.204280
0.144880
0.130351
-0.265046
-0.636311
-0.354601
-0.712927
-0.660295
-0.638220
-0.019221
0.371929
0.766255
0.980099
1.359598
1.229431
1.140401
0.774002
0.543698
0.177677
-0.258957
-0.531429
-0.502822
-0.513917
-0.515262
-0.780394
-0.526446
-0.584329
-0.323178
-0.336929
-0.109055
-0.102472
-0.073193
-0.336622
-0.301124
-0.328742
-0.639299
-0.166252
-0.202515
0.240963
0.509230
0.961316
0.908366
1.194878
0.695465
0.702037
0.249425
-0.230159
-0.516455
-0.500266
-0.497636
-0.323854
-0.040884
0.330001
0.693408
0.656697
0.890401
0.857935
0.490477
0.131756
-0.087671
-0.464074
-0.666788
-0.791994
-0.779025
-0.543848
-0.298957
-0.287641
-0.240392
0.043119
0.283123
0.344016
0.666587
0.836999
0.901974
0.513925
0.211156
-0.291996
-0.530687
-0.897293
-1.138914
-1.133942
-0.909801
-0.357528
0.055828
0.276826
0.755414
0.773434
1.061527
0.660692
0.657639
0.190084
0.303815
-0.293878
-0.697566
-0.751953
-0.773650
-0.874465
-0.850947
-0.329940
0.405561
0.444454
0.400213
0.982090
0.934207
0.181091
0.206211
0.137193
-0.552587
-1.034852
-1.005116
-1.362978
-0.686116
-1.036145
-0.999789
-0.407254
-0.022947
-0.049899
0.411669
0.725247
0.098450
0.773046
0.596079
0.581160
0.682458
0.811518
0.141781
-0.228308
-0.230356
0.038897
-0.168859
0.016908
0.322129
0.702454
0.463428
0.501381
0.297612
-0.277026
-0.908427
-0.907242
-0.738832
-0.464938
-0.040039
0.466318
0.757774
0.403206
0.035786
-0.443536
-0.429909
-0.757782
-0.458634
-0.455936
-0.157996
-0.487951
-0.465429
-0.187583
0.154114
0.610931
0.930870
0.906412
0.866845
0.557465
0.547010
0.210263
0.244076
-0.040082
-0.011374
-0.506785
-0.498267
-0.518815
-0.211460
-0.564962
-0.284087
-0.082992
0.090886
0.079632
0.602854
0.688494
0.253230
0.001703
-0.330927
-0.288960
-0.707093
-0.735511
-0.717667
-0.162091
0.076208
0.452587
0.392464
0.688053
0.248105
-0.011493
-0.102727
0.334292
-0.078123
-0.241906
-0.636156
-0.784756
-0.905460
-0.582408
-0.495068
-0.146132
0.275754
0.517987
0.590015
0.658526
0.814135
0.728155
0.746604
0.462692
0.381859
0.289770
-0.177759
-0.273957
-0.507892
-0.380454
-0.503885
-0.147647
-0.167744
0.515478
0.665525
0.625382
0.406147
0.537553
0.070452
0.156570
0.627723
0.730062
0.642694
0.729047
0.561467
-0.504531
-0.514949
-0.729261
-0.740269
-0.593512
0.030865
0.353479
-0.337439
-0.815406
-1.599206
-1.714538
-1.805908
-1.045484
-0.336747
0.212650
0.282807
0.028991
0.467675
-0.295641
0.043542
0.367171
0.622545
0.219170
1.120852
0.641759
0.413817
0.118563
0.125726
-0.116784
-0.091657
-0.055946
-0.041174
0.205439
0.419578
0.335407
0.272712
0.001590
-0.154059
-0.061830
0.397750
0.389414
1.016763
1.009701
0.598825
0.446537
0.510993
0.064174
-0.736548
-1.173835
-1.907948
-1.629360
-1.212859
-0.375023
-0.564593
0.045719
-0.461268
-0.792220
-0.892061
0.149571
0.279360
0.814096
1.042848
1.025037
0.646967
0.728350
0.150972
0.116345
0.041583
0.030250
-0.204228
-0.237351
-0.507977
-0.313972
-0.317827
0.001519
0.522036
0.225962
0.063466
0.234354
0.284455
0.081199
0.564957
0.840550
0.698380
0.591529
0.491080
0.674256
0.740418
0.199831
-0.817430
-1.354208
-1.976437
-2.106209
-1.416482
-0.836710
-0.130063
0.229928
0.282772
0.454664
1.015288
0.949659
0.894793
0.811875
0.456262
-0.436509
-0.458801
-0.578565
-0.615998
-0.708310
-0.041994
-0.262515
-0.251992
-0.379378
-0.026129
-0.071405
0.243905
0.476625
0.626760
0.278734
0.278188
0.432077
-0.365602
-0.059234
0.432599
0.548349
-0.165298
0.586982
0.579404
0.325111
0.238254
0.516887
0.562700
0.530611
0.783462
0.563341
0.531188
-0.218536
-1.415470
-1.555613
-1.500177
-1.249036
-0.509293
0.276476
0.186114
0.208145
0.159235
0.029466
0.001080
-0.739346
-0.739791
-1.400614
-0.946807
-0.521441
0.339719
0.272796
0.918015
0.647987
0.313626
0.324836
0.704867
0.639218
0.177787
0.259256
0.201733
0.037446
0.141887
0.307817
0.302158
-0.081458
-0.190978
-0.057394
0.308487
0.171457
0.172123
-0.202016
-0.547247
-0.581398
-0.855158
-0.377652
0.146632
0.620583
0.681575
1.039405
0.771477
0.821377
0.370078
0.236431
0.061936
0.145142
0.057526
0.167756
-0.232839
-0.203326
-0.613985
-1.307452
-1.892655
-1.467299
-1.000881
-0.588446
0.007309
0.638894
0.552467
0.115147
0.085804
0.096818
0.221766
0.419375
0.755314
0.868471
0.865597
0.958490
0.227401
-0.252505
-0.660943
-0.430273
-0.595945
-0.113212
0.236053
0.436251
0.191267
0.221909
0.535869
0.605635
0.144799
-0.137934
-0.557074
-0.906517
-0.958007
-0.131698
0.248170
0.395711
0.298551
0.309513
-0.089063
-0.431932
-0.757199
-0.444286
-0.424044
-0.418738
0.128713
0.472203
0.028094
-0.138903
-0.088895
-0.241643
-0.251183
0.175148
0.091399
0.246485
0.253927
0.297736
0.193301
0.078443
0.032389
-0.143775
-0.098264
-0.140733
-0.122919
-0.229423
0.000918
0.111133
0.167400
0.670881
0.853883
0.530024
0.510731
0.623861
0.026359
0.000831
-0.094087
-0.137464
-0.499406
-0.266754
-0.444508
-0.301234
-0.316843
0.096998
0.240681
0.114727
0.060386
0.267840
-0.179936
-0.092953
-0.058797
0.129563
-0.005072
0.495442
0.387468
-0.068656
0.015808
-0.240983
-0.725745
-0.659157
-0.158944
-0.185082
-0.024606
0.343386
0.355081
0.639583
0.561934
0.546092
0.460444
0.261962
0.018619
0.172727
-0.189542
-0.153019
-0.525222
-0.710250
-0.686893
-0.377622
-0.280050
0.362181
0.342293
-0.381807
-0.785194
-0.918639
-1.286259
-0.987594
-0.648276
0.027315
0.128711
0.212397
0.327750
0.733102
0.696060
0.483377
0.507936
0.337175
-0.027586
-0.049074
0.288345
0.351213
0.352046
0.676950
0.731156
0.323032
0.348016
0.123378
-0.287310
-0.341024
-0.377927
-0.403315
0.082825
0.358173
0.323287
0.407139
0.441656
0.527422
0.121866
-0.517488
-0.992327
-0.863487
-1.369332
-0.833629
-0.404104
0.184013
0.066028
0.005450
-0.165019
-0.202342
-0.195707
-0.064016
0.360664
0.413068
0.590968
0.746662
0.465153
0.518340
0.701472
0.579709
0.340211
0.409755
0.136434
-0.678252
-0.708364
-0.630775
-0.344291
-0.246744
0.182105
0.006873
-0.357730
-0.828007
-0.772506
-0.751042
-0.332734
0.229677
0.261233
0.166277
0.580132
0.570662
0.121575
0.414089
0.506202
0.035499
0.185124
0.270421
0.374034
0.016020
-0.052422
-0.226357
-0.368698
-0.594864
-0.556839
-0.309108
-0.367079
-0.214587
-0.160536
-0.118043
-0.007028
0.267740
0.097254
0.186989
0.588380
0.505143
0.413339
0.647114
0.490247
-0.062294
-0.027927
-0.074087
0.009651
-0.384049
0.098056
0.107084
0.342888
0.427651
0.712717
0.458133
0.331743
-0.274100
-0.363368
-0.409909
-0.297655
0.000585
0.495804
0.559408
0.646799
0.082438
-0.319887
-0.394207
-0.302345
-0.307022
0.271975
0.367225
0.241439
-0.095361
-0.156337
-0.059735
-0.137432
0.170293
-0.250832
-0.409776
-0.849515
-0.548196
-0.559868
0.154801
0.201038
0.422954
0.203639
-0.087007
-0.302446
0.036983
0.045926
-0.210141
-0.559308
-0.959300
-0.763872
-0.849719
-0.275539
-0.078595
0.307065
0.174124
0.173421
0.042575
0.429849
0.687184
0.731838
0.167523
0.245011
0.171967
0.097999
-0.311254
0.216268
0.138376
-0.235567
-0.317993
0.083967
0.300249
0.224388
0.236899
0.284903
-0.045915
0.036947
-0.094048
-0.080302
0.045149
-0.447580
-0.927556
-0.917264
-0.667411
-0.736813
-0.324918
0.134009
0.149232
0.196929
0.110345
0.357255
0.434048
0.884997
0.837975
0.656205
0.814998
0.807235
0.219229
0.103983
0.155101
0.013267
-0.396731
-0.434464
-0.434645
-0.661561
-0.632503
-0.080141
0.183288
0.220473
0.669788
0.727683
0.143264
0.148404
-0.118682
-0.437444
-0.508464
-0.970257
-0.921866
-0.466925
-0.178829
-0.152210
0.451538
0.492419
0.009952
0.049623
-0.187700
-0.237037
-0.310010
0.053091
-0.072968
0.281243
0.483504
0.441746
0.114475
0.282329
0.453095
0.610069
0.465976
0.537450
0.670753
0.253811
0.129733
0.099634
0.347052
0.154599
-0.396655
-0.338102
0.260006
0.372920
0.185612
0.710814
0.370053
-0.502448
-0.972218
-0.899472
-1.091541
-1.187580
-1.358861
-1.005157
-0.923429
-0.536585
-0.348606
0.089895
0.151147
0.231303
0.240242
0.307626
0.615981
0.611095
0.390639
0.405874
0.431487
0.433862
0.298232
0.373281
0.398238
0.379392
0.534504
0.442337
0.091769
-0.382942
-0.400366
-0.372017
-0.394279
0.000322
-0.224349
-0.704369
-0.900784
-0.957195
-0.937263
-0.578838
0.124537
0.156187
0.257312
0.312985
0.708880
0.613190
0.420336
0.432731
0.361325
-0.045067
-0.040426
-0.237804
-0.178603
-0.193987
0.177683
0.236777
0.799641
0.880314
0.619828
0.214768
0.193077
-0.307275
-0.408735
-0.432938
-0.202524
-0.284921
-0.400700
-0.385909
0.040407
0.177557
0.005257
0.136506
0.220689
0.176250
0.137660
0.230404
0.425043
0.378449
0.013534
-0.098287
-0.292069
-0.265109
-0.561617
-0.560857
-0.407997
-0.285395
-0.207585
-0.169639
0.229962
0.286932
0.222421
0.075317
0.284632
0.182423
0.284714
0.375470
0.497607
0.386609
0.514829
0.070357
-0.146856
-0.561394
-0.542469
-0.512365
-0.556297
-0.022344
0.106946
0.012956
-0.203998
-0.198733
-0.368350
-0.394100
-0.119610
-0.041647
0.030309
0.284357
0.371516
0.652556
0.415143
0.386125
0.293632
0.138361
-0.220374
-0.372286
-0.172328
-0.291352
-0.262245
-0.139690
-0.032388
0.030550
-0.148483
-0.040845
0.146268
0.132497
0.119148
0.025870
0.222679
-0.033200
-0.075657
-0.126069
-0.178766
-0.019377
-0.234931
-0.099864
0.163356
0.274561
0.432518
0.484314
0.616222
0.318213
0.310512
0.024842
-0.104821
0.044356
-0.105070
-0.082791
0.059987
0.137620
-0.428729
-0.426439
-0.108506
-0.179398
-0.182662
0.220430
0.172218
-0.011538
-0.468654
-0.591432
-0.598654
-0.284989
-0.239440
-0.202400
0.220199
0.373334
0.090688
0.249356
0.356176
0.213737
-0.096390
-0.122736
-0.313758
-0.058690
0.015150
0.376009
0.679673
0.804511
0.495806
0.582091
0.186371
0.151825
-0.176403
-0.156842
-0.322372
-0.314789
-0.441292
-0.466362
-0.252156
-0.223542
-0.240330
-0.132360
-0.182861
-0.060195
-0.203351
-0.131617
0.095803
0.126710
0.040544
-0.015984
0.161734
-0.084490
-0.059550
-0.062510
0.021447
0.224897
0.007706
0.065852
0.126066
0.092797
0.007039
-0.023200
0.207721
0.151344
0.150392
0.000444
0.035538
-0.054499
-0.321252
-0.376784
-0.228813
-0.239741
-0.085289
-0.133075
0.141337
0.075286
0.044551
-0.052687
0.037775
0.001854
0.071368
0.413507
0.417777
0.394985
0.445357
0.122311
0.101486
0.189322
0.183308
0.231129
0.147585
-0.011620
-0.402405
-0.463622
-0.562056
-0.500664
-0.356837
-0.355888
-0.005188
0.059165
-0.010631
-0.050409
0.028705
0.055318
-0.134461
0.048245
0.124170
0.213577
0.130905
0.085868
0.198924
0.103050
0.021272
0.023715
0.009353
0.100097
-0.134840
-0.151604
-0.000723
-0.041877
-0.156265
-0.148851
0.081439
-0.058718
0.267224
0.260602
0.279036
0.343281
0.071005
-0.278769
-0.137573
-0.163197
-0.031479
-0.023899
0.191180
0.064932
0.026886
-0.186161
-0.127445
0.030901
-0.125216
-0.021150
0.068314
0.034685
-0.065284
-0.009938
0.327563
0.468504
0.447864
0.379420
0.237300
0.003025
-0.464774
-0.485782
-0.425989
-0.456817
-0.335081
-0.327340
0.055122
-0.348726
-0.178881
-0.031485
-0.002621
-0.173664
0.338414
0.215585
-0.016686
0.003688
0.044370
-0.265664
0.195658
0.426510
0.363865
0.557139
0.568082
0.539316
0.165515
0.287984
0.094280
0.001949
-0.213435
-0.315960
-0.203759
-0.212597
-0.170377
-0.035936
0.042127
0.111498
-0.159781
-0.223315
-0.105381
-0.122473
-0.123363
0.071655
0.364729
0.165523
0.094618
0.018925
-0.134606
-0.080683
-0.350676
-0.324113
-0.215262
-0.271617
-0.229124
-0.205404
0.015525
-0.068967
-0.015846
-0.092079
-0.056977
0.015831
-0.099507
-0.010601
0.135778
0.155873
0.218964
0.105114
0.392972
0.338414
0.218919
0.138555
0.248091
0.158770
-0.233702
-0.197345
-0.193041
-0.282462
-0.120629
-0.032025
0.323498
0.414534
0.295530
0.123016
0.119654
0.033452
-0.346833
-0.264880
-0.309306
-0.394589
-0.448393
-0.428479
-0.102196
-0.016365
0.034609
0.210005
0.267403
0.427416
0.198779
0.268188
0.144466
0.078737
-0.181180
-0.279951
-0.134174
-0.121317
-0.099685
0.037533
0.037780
0.130227
-0.144376
-0.167955
-0.188491
-0.144515
-0.192502
-0.092927
0.177112
0.096778
0.157155
0.198499
0.183975
0.308882
0.080694
-0.001572
0.133811
0.076060
0.100927
0.066598
0.348078
0.186818
0.204545
0.087166
0.239225
0.203959
-0.085878
-0.148464
-0.059074
-0.149990
-0.147609
-0.222854
0.038654
-0.081727
-0.199521
-0.191399
-0.115965
-0.133518
-0.407375
-0.316393
-0.312115
-0.249623
0.005030
0.053387
0.374975
0.501550
0.394676
0.266276
0.263824
0.199737
-0.206156
-0.202502
-0.360451
-0.405616
-0.433114
-0.438763
0.044395
0.299027
0.358553
0.577095
0.693457
0.751306
0.284347
0.224599
-0.039165
-0.135655
-0.407333
-0.255605
-0.038332
-0.052646
-0.171045
-0.135001
-0.230943
0.033997
-0.114462
0.032793
0.281350
0.298198
0.090946
0.294143
0.452802
0.131579
0.075924
0.037470
-0.197395
-0.039974
-0.285902
-0.319534
-0.263236
-0.276124
-0.161175
-0.107137
0.130460
0.060709
-0.023141
-0.227629
-0.225061
-0.193345
-0.420422
-0.345032
-0.254416
-0.262686
-0.149315
-0.131017
0.151973
0.082066
0.041364
0.044669
0.461784
0.465774
0.317818
0.469307
0.377992
0.111739
0.088362
0.019748
0.261776
0.363863
0.228980
0.373770
0.337079
0.219705
-0.179441
-0.243003
-0.465760
-0.508645
-0.507980
-0.464256
-0.125674
0.005527
-0.046582
0.025812
-0.021133
0.095408
-0.168825
-0.092475
-0.197334
-0.287889
-0.437810
-0.472500
-0.177564
-0.082665
0.152222
0.300905
0.313995
0.383162
0.111485
0.027434
0.033637
0.070024
0.060527
0.124523
0.343773
0.158594
0.140149
0.024265
-0.080907
-0.103912
-0.287567
-0.291189
-0.114024
0.022964
0.197453
0.084172
0.262238
0.074414
-0.064565
-0.201100
-0.126129
-0.007013
-0.216432
-0.196817
-0.089424
-0.090875
-0.015366
-0.081350
0.337178
0.380999
0.444210
0.285233
0.347012
0.184251
-0.196444
-0.230070
-0.206142
-0.202003
-0.140465
-0.114121
0.102436
0.107979
0.097006
0.192149
0.182508
0.165563
-0.128022
-0.156096
-0.332671
-0.324710
-0.311845
-0.286573
0.083672
0.168776
0.112411
0.207939
0.259543
0.289004
-0.004910
0.022089
-0.089048
-0.087480
-0.185494
-0.191229
0.101277
0.166648
0.085015
0.099037
0.041406
-0.005962
-0.292737
-0.269481
-0.263874
-0.144821
-0.228344
-0.240225
-0.028263
-0.124672
-0.218318
-0.154197
0.243977
0.479713
0.660549
0.621963
0.671934
0.256410
0.103957
-0.248572
-0.027291
-0.124352
-0.103216
-0.199922
-0.316037
-0.209752
-0.083768
-0.158599
-0.051695
0.399313
0.367283
0.031462
0.400899
0.389584
0.045342
0.025256
0.012983
-0.111693
-0.464906
-0.527093
-0.525835
-0.449783
-0.300136
-0.183437
0.137524
0.173286
0.136057
0.114671
0.021449
-0.080637
-0.418478
-0.482646
-0.510049
-0.051102
0.112235
0.251906
0.732048
0.880924
0.402422
0.362503
0.656116
0.516419
0.114543
0.239015
0.133670
-0.344635
-0.488847
-0.479171
-0.366499
-0.377930
0.019266
0.131159
0.120566
0.352668
0.185968
-0.060626
0.066421
-0.007222
-0.258350
-0.294950
-0.110738
-0.269433
-0.249136
-0.199223
-0.133725
0.022504
-0.227508
-0.204691
-0.067416
-0.097703
-0.110515
0.017766
0.405857
0.433305
0.490330
0.398034
0.316734
0.129489
-0.253959
-0.311274
-0.182630
-0.104427
0.064262
0.117664
0.480481
0.468388
0.395467
0.267363
0.166216
-0.035502
-0.422302
-0.450337
-0.427775
-0.447751
-0.362816
-0.390336
-0.080286
-0.034021
0.100119
0.346768
0.447538
0.415019
0.123126
0.069755
-0.250185
-0.270274
-0.325564
-0.223219
0.115044
0.269912
0.202867
0.406973
0.301240
0.322527
0.023370
0.086234
-0.039201
-0.005157
-0.110939
-0.184297
0.043703
0.008700
-0.037876
0.027758
0.059970
-0.481521
-0.714972
-0.692039
-0.675025
-0.639074
-0.067646
-0.035205
0.213924
0.132998
0.143962
0.251461
0.309499
0.484828
0.221573
0.160761
0.106605
-0.043548
-0.152732
-0.154242
0.080572
-0.049284
0.036340
-0.061500
-0.011800
0.005539
-0.204327
-0.225087
-0.039749
0.008986
0.151328
0.134908
0.436534
0.362681
0.282341
0.133565
0.116766
-0.020819
-0.349072
-0.353869
-0.349685
-0.296660
-0.132937
-0.099419
0.255402
0.392836
0.340768
0.284479
0.265193
0.095406
-0.248820
-0.209340
-0.246793
-0.236749
-0.203531
-0.204633
0.183025
0.345229
0.278944
0.410964
0.420400
0.390402
-0.019727
0.021747
-0.069205
-0.164872
-0.344114
-0.384114
-0.023701
0.094520
0.166918
0.293618
0.338131
0.357694
0.003129
0.005456
-0.077298
-0.134299
-0.277932
-0.255387
-0.070931
-0.093519
-0.115115
-0.141682
-0.232519
-0.188625
-0.401085
-0.336025
-0.185518
-0.089185
0.013758
0.021029
0.315906
0.251719
0.295604
0.249117
0.235646
0.213068
-0.047421
-0.110789
-0.021515
0.048893
0.072346
0.002334
0.216306
0.085074
-0.040649
-0.056956
-0.023775
-0.029502
-0.295617
-0.239699
-0.256607
-0.213744
-0.113440
-0.118244
0.191982
0.246586
0.185905
0.326729
0.404726
0.369824
0.030263
0.020356
-0.236434
-0.234995
-0.236887
-0.227490
0.090290
0.159973
0.092184
0.065472
-0.047807
0.053754
-0.232860
-0.184395
-0.201888
-0.067552
-0.201012
-0.191771
0.018003
0.050200
0.115712
0.261268
0.155413
0.240110
-0.023495
-0.102226
-0.087022
0.009932
-0.089786
-0.116007
0.094592
-0.128885
-0.064432
-0.103456
-0.158291
0.091736
-0.086830
-0.122948
0.135353
0.256104
0.128156
0.117526
0.279531
0.038041
0.021824
-0.094821
-0.142788
-0.099028
-0.305351
-0.337675
-0.176329
-0.115581
-0.008331
-0.001776
0.382491
0.374638
0.349962
0.205138
0.133128
-0.016936
-0.378510
-0.363926
-0.300197
-0.196145
-0.042803
0.043090
0.350569
0.403230
0.370999
0.318448
0.232947
0.207833
-0.144002
-0.205051
-0.333101
-0.347260
-0.425448
-0.406814
-0.070552
0.032420
0.113067
0.396816
0.528258
0.519374
0.281390
0.262889
-0.268480
-0.451037
-0.514665
-0.612358
-0.391492
-0.083634
-0.014961
0.143121
0.212573
0.232058
-0.021701
-0.031244
-0.021072
-0.075072
-0.181901
-0.270264
-0.044806
-0.213630
-0.175035
0.075827
0.150534
0.322909
0.145082
0.179376
0.115402
0.090664
0.052787
0.058756
0.264120
0.155873
0.195337
0.040291
0.023626
-0.009593
-0.315248
-0.403802
-0.293810
-0.347907
-0.220461
-0.235345
0.183423
0.222059
0.215337
0.090531
0.203605
0.113750
-0.188459
-0.124206
0.036284
-0.021111
-0.010813
-0.098046
0.193371
0.150381
0.171908
0.119707
0.197721
0.090384
-0.246169
-0.253685
-0.246169
-0.297673
-0.261462
-0.202022
0.108213
0.226149
0.289235
0.412084
0.336543
0.305348
-0.105047
-0.222404
-0.397653
-0.390841
-0.456308
-0.353812
0.011373
0.107502
0.124426
0.307464
0.368700
0.494697
0.239873
0.298652
0.329068
0.330107
0.139158
0.080870
0.182713
-0.063725
-0.241002
-0.255225
-0.192735
-0.082462
-0.295061
-0.262637
-0.176850
-0.231484
-0.195824
-0.155458
0.148500
0.127418
0.177257
0.187202
0.227541
0.182560
-0.129092
-0.213323
-0.249731
-0.271059
-0.159019
-0.100994
0.266371
0.311910
0.271455
0.179248
0.153980
0.064454
-0.233971
-0.209740
-0.181474
-0.057168
0.013758
-0.034765
0.247742
0.297946
0.199383
0.214332
0.197380
0.093793
-0.211335
-0.259007
-0.368768
-0.383903
-0.392722
-0.412246
-0.067916
0.037836
0.090136
0.243418
0.253222
0.254731
0.010184
0.063220
-0.030326
0.012849
-0.058588
-0.128218
0.134134
0.218246
0.207573
0.198767
0.307640
0.369562
0.011463
-0.024317
0.157259
0.104571
-0.138926
-0.180466
0.065408
-0.119380
-0.193216
-0.071526
-0.013860
0.133617
-0.076007
-0.009783
0.088764
0.241477
-0.127856
-0.158316
0.038036
-0.065268
-0.217670
0.012113
0.037868
0.019451
-0.262245
-0.265864
-0.147970
-0.200548
-0.123368
-0.194298
0.169769
0.148071
0.190491
0.167221
0.348966
0.242920
-0.093252
-0.107835
-0.169744
-0.294479
-0.229600
-0.197704
0.178756
0.368365
0.383793
0.029926
0.089887
-0.087179
-0.536985
-0.565123
-0.325660
-0.398611
-0.378951
-0.309856
0.123109
0.307606
0.313574
0.371525
0.337917
0.276301
-0.024253
0.040310
0.098417
0.092250
-0.002155
0.029757
0.204749
0.139738
0.147773
0.288467
0.155548
0.119276
-0.260709
-0.342589
-0.305126
-0.339413
-0.358179
-0.281930
0.073939
-0.042381
0.055585
0.265290
0.321724
0.441779
0.139658
0.056617
0.066382
0.103172
-0.281727
-0.157533
0.121987
-0.059081
-0.188393
0.014017
-0.239613
-0.300098
-0.518863
-0.428829
-0.223075
-0.070824
0.075635
0.000268
0.257372
0.140242
0.176884
0.107740
0.265567
0.277323
-0.004840
-0.053329
-0.046039
-0.140681
-0.102786
-0.100585
0.241657
0.322212
0.243088
0.241689
0.216904
0.081499
-0.308214
-0.240096
-0.313245
-0.246343
-0.216392
-0.185228
0.148315
0.231877
0.178402
0.277833
0.346301
0.348132
-0.053789
-0.146003
-0.221491
-0.292391
-0.405860
-0.346320
-0.038699
-0.055932
-0.027931
0.087120
0.172214
0.297608
0.050764
0.024892
-0.034481
-0.106828
-0.203043
-0.128561
0.151221
0.147817
0.181871
0.230333
0.178438
0.299701
-0.025235
-0.121618
-0.013795
0.028679
-0.020892
0.017262
0.282875
0.092426
0.087023
-0.009563
0.039162
0.067731
-0.170508
-0.248458
-0.147606
-0.281836
-0.160388
-0.150416
0.119063
0.030779
0.153614
0.059938
0.114556
0.077510
-0.194241
-0.260659
-0.260985
-0.350905
-0.270546
-0.239289
0.122997
0.186847
0.191321
0.211189
0.232504
0.244745
-0.049098
0.029859
-0.016550
-0.021746
-0.126752
-0.162508
0.091272
0.115640
0.071869
0.150878
0.119033
0.132785
-0.090845
-0.051371
-0.054662
-0.042194
-0.063530
-0.143522
0.170366
0.228744
0.265238
0.392307
0.456942
0.405134
-0.036716
-0.126208
-0.563575
-0.558723
-0.619836
-0.542750
-0.240553
0.014620
-0.031238
0.031777
0.048493
0.150960
-0.069082
-0.087453
-0.029818
-0.058395
0.046971
0.077642
0.358587
0.261744
0.320535
0.095330
0.021801
0.018286
-0.225914
-0.288146
-0.157105
-0.065440
0.089270
0.104803
0.525285
0.593082
0.475639
0.499330
0.571161
0.387081
-0.058291
0.013694
-0.189776
-0.379072
-0.340216
-0.261270
-0.297819
-0.535651
-0.389997
-0.563098
-0.467653
-0.105327
-0.082569
-0.134573
0.048244
0.051525
0.071931
0.191164
0.175244
0.418728
0.281030
-0.190176
-0.332903
-0.328857
-0.776759
-0.743876
-0.301099
-0.328962
0.080976
0.034497
0.279188
0.218445
0.252806
0.286780
0.336014
0.615930
0.408189
0.475469
-0.043518
-0.043465
-0.230765
-0.279479
-0.097484
0.249183
0.170660
0.038019
0.038870
0.018982
-0.232224
-0.167997
-0.015347
-0.041462
0.108857
0.050860
0.209378
0.035315
0.030560
-0.127243
-0.080945
0.052961
-0.129551
-0.092544
-0.014042
-0.012215
-0.077101
-0.230073
0.041465
0.022874
0.018878
-0.042946
0.066818
0.001901
-0.245112
-0.192117
-0.160054
-0.175727
-0.089014
-0.136130
0.150018
0.245877
0.265313
0.409500
0.376851
0.311057
0.156812
0.325680
0.163424
0.300264
0.220387
-0.077799
-0.055652
-0.139557
-0.320489
-0.287276
-0.291860
-0.245374
-0.525998
-0.488405
-0.361616
-0.283301
-0.259466
-0.138219
0.176540
0.082244
0.149111
0.297898
0.265596
0.420934
0.128541
0.029468
-0.037529
-0.030341
-0.193803
-0.199527
0.122813
0.063084
0.104412
0.096875
0.263090
0.351548
0.105922
0.101942
0.208113
0.097887
0.187315
0.107434
0.232728
0.058496
-0.001687
-0.247297
-0.278418
-0.245179
-0.444891
-0.402479
-0.247642
-0.194060
-0.076377
-0.037428
0.409243
0.477149
0.511073
0.409648
0.421583
0.214909
-0.274459
-0.342126
-0.380011
-0.483144
-0.422966
-0.325797
0.047168
0.224073
0.288286
0.275061
0.314344
0.267513
0.019267
0.106601
0.077563
0.002060
0.012712
-0.091554
0.129854
0.192725
0.080739
0.114368
0.110412
-0.199082
-0.509520
-0.372913
-0.464146
-0.478264
-0.167726
-0.112129
0.219517
0.341912
0.429888
0.508445
0.453912
0.475741
0.147872
0.115195
-0.233865
-0.204445
-0.279258
-0.343525
-0.182322
0.020824
-0.022992
-0.032709
0.066197
0.269105
0.091768
0.151394
0.220971
0.130989
-0.322374
-0.411858
-0.217901
-0.334377
-0.324477
0.001792
0.076025
0.075816
-0.099636
-0.044699
0.084503
0.125726
0.305291
0.286225
0.236409
-0.190350
-0.154204
-0.253678
-0.245799
0.055761
0.085834
0.002418
-0.000966
0.036030
0.120584
0.039557
0.312544
0.321284
0.180153
-0.176277
-0.123264
-0.189413
-0.476226
-0.394577
-0.189858
-0.206613
-0.150870
-0.196007
-0.255292
-0.109552
0.018682
0.035550
0.060392
0.493015
0.150136
0.057097
0.057698
0.046038
-0.057790
0.030293
0.216027
0.096605
0.103001
0.099637
0.080222
0.211332
-0.038119
-0.077251
-0.306015
-0.287710
-0.248721
-0.118089
0.219289
0.470800
0.419148
0.311906
0.262368
0.178921
-0.208517
-0.313886
-0.268332
-0.334276
-0.214867
-0.148883
0.143266
0.087266
0.188097
0.100957
0.137946
0.145854
-0.026792
-0.016705
0.090429
0.042950
0.083579
-0.023489
-0.141295
-0.520047
-0.528677
-0.532221
-0.511107
-0.177777
-0.070642
0.047336
0.060607
0.104096
0.195302
0.113055
0.424353
0.509642
0.550216
0.495071
0.566334
0.397914
0.028038
-0.032396
-0.101787
-0.189204
-0.218747
-0.228870
0.065040
0.116490
0.129534
-0.122337
-0.081971
-0.389641
-0.646230
-0.608358
-0.299296
-0.278633
0.013832
-0.084343
0.230116
0.308028
0.218240
0.374112
0.512326
0.113507
-0.183848
-0.096701
-0.178392
-0.203207
0.204972
0.187223
0.400379
0.313595
0.211790
0.088578
-0.018948
-0.052559
-0.361146
-0.332934
-0.198588
-0.063935
-0.290009
-0.145317
0.166147
0.119272
0.153900
0.448466
0.452193
0.430461
0.205631
0.218255
-0.089985
-0.213281
-0.165507
-0.341808
-0.533158
-0.622987
-0.667244
-0.732420
-0.614367
-0.194603
-0.033730
0.099349
0.133406
0.133733
0.184989
0.230471
0.664103
0.889794
0.979431
0.506000
0.423428
0.132060
-0.479101
-0.695483
-0.360407
-0.444778
-0.323809
-0.223863
0.145862
0.293368
0.364872
0.465179
0.576734
0.209650
-0.123219
-0.087494
-0.252527
-0.361711
-0.080218
-0.165917
0.017927
-0.023941
-0.184656
-0.138892
-0.157618
-0.070334
-0.289514
-0.107172
0.022807
0.087828
0.034067
-0.010446
0.283189
0.239644
0.268670
-0.045304
0.016196
0.065191
-0.316209
-0.406094
0.031270
-0.012433
0.040719
0.121072
0.405077
0.287003
0.342718
0.210667
0.222793
0.265742
0.092225
0.128794
-0.159506
-0.178503
-0.036739
-0.166723
-0.345223
-0.420514
-0.410807
-0.545118
-0.461111
-0.036916
0.034481
0.011474
0.089015
0.040224
0.165325
0.203888
0.592975
0.603220
0.554243
0.034043
0.015470
-0.150669
-0.487279
-0.413797
-0.143276
-0.224422
-0.235635
-0.337025
-0.077735
-0.004655
0.080135
0.184407
0.250933
0.358801
0.111082
0.121443
0.181932
0.218757
0.112925
0.116021
0.375980
0.296884
0.330240
0.002609
-0.122576
-0.139500
-0.474056
-0.597788
-0.257796
-0.142557
-0.147289
-0.181015
0.071364
-0.039472
-0.050920
-0.090595
0.010621
-0.200852
-0.340872
-0.305243
-0.160347
-0.117921
0.308480
0.233000
0.391781
0.241172
0.166658
-0.066835
-0.076842
-0.067512
-0.368290
-0.445995
-0.330680
-0.356318
-0.331274
-0.222114
0.265675
0.404991
0.517095
0.555607
0.525477
0.365999
-0.054453
-0.115144
-0.172198
-0.235430
-0.154684
-0.196884
0.146182
0.260072
0.286415
0.259204
0.309850
0.206916
-0.187162
-0.201396
-0.267296
-0.254871
-0.199766
-0.103414
0.236090
0.275547
0.277404
-0.014551
-0.061421
-0.126502
-0.384651
-0.398242
-0.120241
-0.070663
-0.003330
-0.079833
0.223149
0.271739
0.172506
0.197992
0.254029
0.247858
-0.032712
0.042114
-0.271717
-0.256756
-0.318653
-0.407848
-0.148850
0.136442
0.152233
0.219382
0.290551
0.358680
0.093818
0.093802
-0.229256
-0.138371
-0.204956
-0.190284
0.091793
0.411682
0.331503
0.359556
0.291541
0.218505
-0.130029
-0.183421
-0.243086
-0.240005
-0.132172
-0.035105
-0.030425
-0.324801
-0.339306
-0.326034
-0.414582
-0.140231
-0.025500
0.067118
0.014505
0.105868
0.121605
0.075759
0.368795
0.415082
0.385987
0.085305
0.114141
0.012275
-0.375676
-0.440232
-0.172678
-0.201691
-0.182201
-0.158246
0.092426
0.152778
0.127033
0.215291
0.286394
0.438007
0.180443
0.248712
0.166464
0.118615
-0.009528
-0.011141
0.245894
0.277536
0.283915
-0.079778
-0.158948
-0.130596
-0.514907
-0.618350
-0.211471
-0.165929
-0.238811
-0.191300
0.061807
-0.046858
-0.093131
-0.154815
-0.139976
0.010712
-0.161376
-0.131679
-0.066487
0.045036
0.066136
0.109073
0.317942
0.241625
0.165566
0.057500
0.037129
0.110521
-0.133467
-0.205147
-0.110465
-0.183524
-0.143332
-0.123841
0.224335
0.192774
0.234963
0.181907
0.269904
0.235483
-0.015556
0.013606
0.027591
-0.023637
0.007438
-0.106678
0.180844
0.223044
0.155453
-0.249259
-0.105759
-0.168273
-0.369859
-0.196763
0.190524
0.152737
0.150626
0.026105
0.334366
0.517269
0.525610
0.284895
0.395236
-0.066869
-0.561215
-0.640796
-0.744918
-0.877243
-0.619479
-0.572824
-0.171835
0.328213
0.400691
0.492306
0.548355
0.531076
0.131886
0.104228
0.101186
0.067048
0.055604
0.063322
0.351905
0.332337
0.157143
0.055332
-0.004731
-0.342623
-0.565036
-0.379606
-0.622464
-0.566108
-0.142475
-0.092570
0.171269
0.497601
0.586216
0.470829
0.392985
0.362520
0.047703
-0.053232
0.053316
-0.031773
-0.067649
-0.029227
-0.047751
-0.431317
-0.315276
-0.334093
-0.431018
-0.193422
-0.237678
-0.342844
-0.228205
-0.145143
-0.060211
-0.006658
0.386646
0.426785
0.392068
0.409256
0.521537
0.482687
0.062681
-0.005776
-0.149543
-0.336354
-0.445471
-0.451677
-0.148966
-0.077211
0.017411
0.126267
0.152815
0.217166
-0.118885
-0.194159
-0.300059
-0.304060
-0.330405
-0.233466
0.142288
0.308082
0.334808
0.450135
0.520396
0.216746
-0.100052
-0.032148
-0.421765
-0.431856
-0.164721
-0.154209
0.051201
0.345099
0.325421
0.312927
0.245805
0.182926
-0.170574
-0.280001
-0.190639
-0.201577
-0.035059
0.055831
0.416836
0.367834
0.349518
0.307587
0.272788
0.220333
-0.072049
-0.038458
-0.381137
-0.393882
-0.334528
-0.303499
-0.386333
-0.424348
-0.386911
-0.391881
-0.413244
-0.030126
0.106797
0.183025
0.219464
0.301913
0.068980
0.018782
0.298598
0.332795
0.175381
0.397833
0.472437
0.427363
0.047188
0.095135
0.110935
0.107548
0.024288
-0.089515
-0.183783
-0.569366
-0.681879
-0.593218
-0.553577
-0.192763
-0.161944
-0.164653
-0.198571
-0.009927
0.058761
0.198011
0.566592
0.661830
0.666219
0.384657
0.399278
0.125870
-0.225222
-0.281111
-0.334937
-0.401181
-0.151978
-0.154632
0.097638
0.409986
0.349053
0.325765
0.376026
0.034153
-0.251420
-0.210269
-0.551771
-0.468411
-0.457178
-0.513113
-0.231436
0.075436
-0.150109
0.195440
0.243944
0.180814
-0.080010
-0.023143
-0.398925
-0.380414
-0.626046
-0.593739
-0.119363
0.356101
0.394779
0.767574
0.788257
0.580181
0.128381
0.049136
-0.053602
-0.129490
-0.131532
-0.163464
0.142634
0.177689
0.203595
-0.082576
0.027525
0.036028
-0.104801
0.038101
0.332786
0.294136
0.230213
0.036695
-0.212231
-0.551736
-0.663060
-0.575009
-0.563075
-0.496696
-0.401457
-0.262548
-0.306888
-0.197992
0.190436
0.273180
0.591982
0.662513
0.710715
0.387963
0.386626
0.451771
0.084028
-0.049854
-0.101541
-0.228261
-0.347084
-0.248790
0.090689
0.455062
0.536983
0.565632
0.537078
0.118512
-0.164468
-0.178363
-0.536348
-0.576124
-0.579234
-0.599478
-0.270267
0.140850
0.120319
0.602403
0.624533
0.671741
0.283385
0.287071
-0.167738
-0.140966
-0.663679
-0.677346
-0.761408
-0.778554
-0.754869
-0.167612
-0.139864
0.389197
0.548492
0.510612
0.469946
0.558921
0.564608
0.461160
0.399108
-0.048278
-0.033374
-0.523455
-0.479954
-0.163739
-0.172003
-0.281526
0.195865
0.091349
0.242382
0.371367
0.324789
-0.126068
0.133165
-0.310953
-0.248760
-0.224286
-0.073446
-0.123193
-0.226498
-0.439281
-0.010563
-0.196404
0.025574
0.444139
0.450637
-0.107582
0.008000
-0.417458
-0.714745
-0.611996
-0.475560
-0.453269
0.093062
0.154462
0.537479
0.995972
1.011424
0.880922
0.790095
0.135658
-0.290314
-0.396691
-0.849116
-0.930820
-0.829966
-0.779473
-0.341285
0.150317
0.261721
0.717688
0.713160
0.652518
0.285823
0.266596
0.208784
0.175996
0.117737
0.086709
0.008991
-0.369626
-0.403492
-0.488759
-0.476591
-0.128094
-0.034826
-0.025885
-0.079452
-0.138263
-0.107240
-0.155946
0.144472
0.301820
0.414086
0.042141
0.134074
0.169638
-0.127841
-0.138283
0.222424
0.161015
0.147477
0.136057
0.397823
0.485045
0.545417
0.165811
0.215239
-0.190690
-0.587698
-0.622305
-0.640545
-0.726400
-0.358792
-0.502890
-0.240741
0.107473
0.091566
0.164966
0.299161
0.366642
0.187083
0.310129
-0.061468
0.010595
-0.003222
-0.043416
0.240890
0.632621
0.525386
0.559592
0.506926
0.034078
-0.319732
-0.258256
-0.647464
-0.605292
-0.600461
-0.600803
-0.323850
-0.024639
-0.129878
0.195020
0.175855
0.105322
-0.195839
-0.156726
-0.109322
-0.130908
-0.150659
-0.194676
0.059743
0.019370
-0.069854
-0.034545
-0.034797
0.057497
-0.155813
0.010519
0.065362
0.245006
0.246639
0.355387
0.733576
0.822810
0.684739
0.683721
0.517016
0.429728
-0.005095
-0.017069
-0.101454
-0.069514
-0.153546
-0.124618
-0.155075
-0.477740
-0.402817
-0.745256
-0.758193
-0.852661
-0.755301
-0.842306
-0.444108
-0.401731
0.084682
0.162990
0.465289
0.480214
0.532991
0.617590
0.546954
0.518137
0.158608
0.014950
-0.141836
-0.125763
-0.130373
-0.180350
0.068098
0.004303
-0.069999
-0.098538
-0.026883
-0.230171
-0.264534
-0.092979
0.038269
0.108741
0.430102
0.266194
0.371093
0.257280
0.221409
0.202110
0.159721
0.152062
-0.220260
-0.351432
-0.322924
-0.333657
-0.334366
-0.261206
0.119391
0.080669
0.109333
0.189007
0.235689
0.281766
0.034792
0.080753
0.094735
0.126421
0.042516
-0.025305
0.176905
0.101541
0.034235
-0.281857
-0.217641
-0.181894
-0.361252
-0.251328
0.161423
0.141763
0.188509
0.126180
0.409994
0.511782
0.454063
-0.049216
-0.050144
-0.473177
-0.858329
-0.776598
-0.267821
-0.224453
0.108383
0.114278
0.359767
0.355296
0.363919
0.034898
0.111368
-0.164969
-0.346350
-0.294201
-0.221468
-0.236833
0.090318
-0.109088
0.091847
0.418535
0.324063
0.327725
0.377278
-0.018717
-0.289878
-0.235971
-0.161568
-0.132201
-0.186717
-0.286878
-0.081085
-0.227951
-0.287831
0.109210
0.149134
0.142472
-0.047648
0.098588
0.179429
0.164509
0.154728
0.070011
0.284509
0.261865
0.231590
0.289979
0.305744
0.320492
0.033788
0.100228
0.066072
0.064578
-0.305917
-0.292036
-0.379445
-0.143498
-0.094223
-0.056027
-0.044684
0.422920
-0.103694
-0.153934
0.259568
0.200649
0.135208
0.166265
0.115321
-0.318204
-0.310170
-0.687481
-0.608540
-0.614719
-0.462924
-0.383097
0.079613
0.017873
0.520796
0.428903
0.765366
0.775326
0.899408
0.417217
0.388807
-0.135631
-0.587596
-0.772881
-0.924407
-0.893871
-0.270751
-0.176446
0.341312
1.009259
1.026613
1.023367
1.057881
0.510159
0.278531
0.513617
-0.022094
-0.028430
0.087467
0.078898
-0.327888
-0.419545
-0.372919
-0.511094
-0.484422
-0.306552
0.159238
0.440842
0.443297
0.217854
0.131107
0.134158
-0.324048
-0.223939
-0.189457
-0.246079
-0.408818
-0.345664
-0.124242
0.030726
0.259805
0.463263
0.595919
0.692482
0.715481
0.823976
-0.195967
-0.373012
-0.473670
-0.623202
-1.443683
-1.417315
-1.452043
-2.345225
-2.543015
-2.599802
-1.892835
-1.776192
-0.322485
-0.135749
1.263404
1.287190
1.706396
1.388706
1.392157
0.765423
0.532032
0.222063
-0.374256
-0.558928
-0.500180
-0.419337
-0.451692
-0.254678
0.226307
0.404584
0.505855
0.682093
0.529355
0.461375
0.077661
0.040931
0.034294
0.110079
0.114050
0.136119
0.413893
0.384624
0.379529
0.244476
0.260428
0.103913
-0.254176
-0.309246
-1.105816
-1.184204
-1.220535
-1.196911
-0.861251
-0.019183
0.065162
0.322745
0.416075
0.340734
0.223198
0.292035
-0.001635
-0.071907
-0.018161
-0.194718
0.073904
0.266087
0.193815
0.310611
0.491873
0.427847
0.313770
0.543697
0.369712
0.090643
-0.005441
-0.311079
-0.392607
-0.474412
-0.386144
-0.321420
-0.348876
-0.303663
-0.465118
-0.366098
-0.358569
0.007515
0.245424
0.529192
0.837641
0.930962
0.855987
0.957077
0.712450
0.619336
0.361025
0.409432
-0.577236
-0.245959
-1.010762
-0.924322
-0.790170
0.073417
-0.154112
-0.198641
-0.284303
-1.068104
-1.326858
-1.343136
-1.277446
-1.323686
-1.459946
-1.306053
-1.113344
-0.342573
-0.349394
0.597861
0.511779
0.573684
0.542212
0.718750
0.980351
1.010703
0.937532
0.819573
0.847984
0.470293
0.410179
0.390779
0.406925
0.292590
0.038760
-0.128419
-0.220786
-0.465503
-0.534753
-0.682958
-0.297626
-0.186728
-0.139686
-0.067654
0.006211
-0.161030
-0.540057
-0.610699
-0.470429
-0.330400
-0.253603
-0.189618
0.381768
0.453348
0.387362
0.376272
0.401116
0.377238
0.140812
0.271806
0.510977
0.666937
0.441275
0.114773
0.066808
-0.301923
-0.472005
-0.470049
-0.316639
-0.148201
-0.321997
-0.426941
-0.390066
-0.342869
-0.205981
-0.018818
0.470611
0.616478
0.781494
0.716217
0.726450
0.678552
0.243421
0.047688
0.077489
-0.036303
-0.137746
-0.053076
0.262402
0.232993
0.228452
0.286068
0.288851
0.174204
-0.146301
-0.153786
-0.044679
-0.199455
-0.234599
-0.464072
-0.507357
-0.900096
-0.946193
-1.095431
-0.731584
-0.444719
-0.277770
0.014270
0.305424
0.162593
0.258476
0.047194
0.251260
0.262137
0.231506
0.128954
0.232761
0.181097
0.006033
0.201172
0.441677
0.573381
0.751307
0.660630
0.845039
0.685000
0.549964
0.472349
0.370316
0.227078
-0.022889
-0.010585
-0.163593
-0.162365
-0.166479
-0.295465
-0.053816
0.053020
0.107483
0.366100
0.180670
0.205010
-0.482915
-0.774986
-1.139871
-0.866266
-0.572613
-0.164742
0.243554
0.321669
0.308591
-0.239183
-0.265111
-0.113649
-0.323670
-0.364704
0.039276
-0.125839
-0.222937
-0.151993
0.079500
-0.147412
0.033454
0.305509
0.427283
0.508192
0.270034
0.169777
-0.087290
-0.475768
-0.684785
-0.765647
-0.373663
-0.171936
0.129035
0.411630
0.487913
0.407845
0.071477
0.067293
0.026328
-0.016135
0.066025
-0.136644
0.326497
0.586666
0.419172
0.246756
0.400485
0.044975
-0.517907
-0.324137
-0.291539
-0.260242
-0.238737
-0.203570
0.105613
0.164030
-0.030816
-0.066387
-0.265735
-0.356369
-0.484832
-0.233126
0.118582
0.395349
0.565540
0.595645
0.849844
0.754935
0.481233
0.531824
0.270011
0.140756
-0.523812
-0.625871
-0.678717
-0.913212
-1.198800
-1.143143
-0.810748
-1.006100
-0.849771
-0.662750
-0.278530
0.961648
0.240415
0.040208
1.405219
0.768286
0.929562
2.908766
4.272432
3.437264
