3.932107
3.420865
3.036040
2.435852
1.254748
0.053667
-1.011581
-1.553075
-1.849451
-1.627744
-1.379415
-0.907122
-0.847861
-0.878724
-0.667012
-0.408469
-0.342770
0.047518
0.312336
0.412869
0.198696
0.176334
-0.051691
-0.234936
-0.416964
-0.369005
-0.242879
-0.317386
-0.280167
-0.353985
-0.473132
-0.048928
0.259393
0.400925
0.585405
0.797375
0.726501
0.568641
0.436641
0.285898
0.246839
0.219234
0.377464
0.443443
0.564477
0.637781
0.589512
0.191769
0.042949
-0.272235
-0.511787
-1.008052
-1.150718
-1.309500
-1.230007
-1.019777
-0.711226
-0.283156
-0.111063
-0.051134
0.058685
-0.000045
-0.142166
-0.084742
-0.166615
-0.157407
-0.293820
-0.396763
-0.183431
0.208785
0.135411
0.090473
0.240220
0.036280
0.111127
0.252828
0.326473
0.497265
0.417682
0.064250
-0.429313
-0.630294
-0.931042
-1.143397
-1.175724
-0.968534
-0.405266
-0.018069
0.407318
0.839793
1.067199
1.289729
1.085976
0.999105
0.960737
0.686421
0.150742
-0.063640
-0.280117
-0.595060
-0.574100
-0.533492
-0.313949
-0.060550
-0.124834
-0.162380
-0.166873
-0.527595
-0.468537
-0.523372
-0.112985
0.094971
0.391336
0.072591
0.229325
0.231152
0.024644
-0.075100
-0.086482
-0.200812
-0.237706
-0.171363
0.018173
0.358002
0.619466
0.564019
0.500169
0.450085
0.328078
0.048759
-0.113644
0.012579
0.068000
-0.152337
-0.200752
-0.341413
-0.821939
-1.205026
-1.351552
-1.197580
-1.039220
-0.621833
0.209605
0.579014
0.617578
0.797452
1.113593
0.874906
1.143420
1.583404
1.573605
1.367962
0.957493
0.509253
0.038937
-0.368059
-0.731707
-0.757338
-0.519234
-0.352315
-0.047467
0.227121
0.127809
0.054690
-0.306214
-0.815552
-0.995656
-1.041257
-1.034893
-0.840339
-0.520518
-0.427837
-0.219549
-0.457085
-0.538870
-0.682327
-0.738161
-0.726029
-0.456990
0.341361
1.372039
2.047748
2.460183
2.479286
1.757359
0.998706
0.768056
0.524728
0.397107
0.348757
0.120701
-0.455876
-0.245585
-0.092123
0.163914
0.382299
0.339491
0.091731
-0.399885
-0.760716
-0.746693
-0.720303
-0.794559
-0.462913
-0.138059
-0.456381
-0.622608
-0.710916
-0.811281
-0.608684
-0.464540
0.085075
0.166120
0.286108
0.077023
0.207252
0.076368
0.287603
0.542527
0.699451
0.634309
0.728734
0.340645
0.061231
-0.531605
-0.753738
-0.891891
-0.771107
-0.624376
-0.445755
-0.148307
-0.127334
0.056245
-0.099514
-0.095757
0.399671
0.478666
0.118179
0.129256
-0.028480
-0.888497
-1.331969
-0.776732
-0.558962
-0.385466
-0.156791
-0.010133
-0.194542
0.324889
1.157350
1.612484
1.932934
1.859325
1.062669
0.113958
-0.416529
-0.276685
-0.106506
0.077705
0.430862
0.818304
0.631194
0.458862
0.136770
0.113461
-0.133045
-0.132443
-0.136255
0.018490
-0.198330
-0.430672
-0.647789
-0.893454
-0.957759
-1.084655
-0.926535
-0.866495
-0.552530
-0.147549
0.162674
0.037134
0.076412
-0.024856
0.278772
0.646401
1.091435
1.277851
1.050727
0.669948
0.110738
-0.059309
-0.110596
-0.077940
-0.090177
0.286166
0.260334
0.131552
0.168392
-0.123880
-0.561653
-0.586103
-0.409445
-0.206239
0.019184
0.159368
0.185565
-0.070404
-0.033107
-0.264567
-0.425480
-0.237014
0.007738
0.017615
0.181684
0.374927
0.161162
0.035159
-0.077751
-0.217004
-0.343296
-0.473556
-0.685804
-0.877771
-1.059152
-1.186485
-1.318878
-1.254170
-1.219966
-0.743945
-0.045322
0.944929
1.736382
2.313630
2.481233
2.434590
1.870680
1.234353
0.728547
0.374139
0.000031
-0.103901
-0.140347
-0.166720
-0.165296
-0.399815
-0.704578
-0.760399
-0.751758
-0.740098
-0.710898
-0.479912
-0.346985
-0.312854
-0.355108
-0.495066
-0.002501
0.156492
0.321379
0.556912
1.060162
0.925510
0.967368
1.115123
1.138653
0.797106
0.570020
0.183668
-0.132694
-0.460524
-0.439241
-0.690429
-0.859658
-0.967640
-0.980304
-0.895834
-0.760598
-0.427620
-0.076206
0.046441
0.136700
-0.000265
-0.116633
-0.238216
-0.118597
0.032370
0.251034
0.440247
0.370073
0.210778
0.037104
0.133443
0.241500
0.091042
-0.090739
-0.342023
-0.735191
-1.047460
-0.988700
-0.677472
-0.295510
0.042338
0.266093
0.537496
0.692092
0.835622
0.939851
1.139222
0.867324
0.595894
-0.054104
-0.403541
-0.443254
-0.339236
-0.339670
-0.103779
0.341519
0.340689
0.428194
0.393001
0.402006
0.186104
-0.285223
-0.482416
-0.441477
-0.400171
-0.403171
-0.391366
-0.309622
-0.490453
-0.652302
-1.006280
-0.826420
-0.682474
0.037973
0.826147
1.724835
2.062353
2.306382
1.616848
1.042771
0.304287
-0.150553
-0.740575
-0.592973
-0.563705
-0.601360
-0.614694
-0.552419
-0.603370
-0.628292
-0.479091
-0.267944
0.076401
0.243820
0.321408
0.094641
-0.038001
-0.306309
-0.316071
-0.107076
0.282207
0.660938
0.587045
0.911146
0.576854
0.151796
-0.452624
-0.669531
-1.110595
-1.167945
-0.996685
-0.599480
-0.200296
-0.404506
-0.004848
0.530555
0.578243
0.507024
0.887929
0.550735
0.328500
0.248677
0.468271
0.444686
0.287987
0.052981
-0.123556
-0.306276
-0.534225
-0.458063
-0.465437
-0.716562
-0.635761
-0.461700
0.146181
0.563153
0.939320
0.912389
0.708107
0.165092
-0.284270
-0.423892
-0.154165
0.008757
0.246366
0.558939
0.859150
0.728659
0.824251
0.640932
0.228492
-0.071720
-0.480398
-0.836841
-0.924368
-0.871564
-0.478022
-0.134769
-0.000159
0.021336
-0.068831
-0.683115
-1.000147
-0.887263
-0.646290
-0.299132
0.291412
0.647688
0.828864
0.681570
0.784870
0.774308
0.669629
0.469311
0.432060
0.400455
0.133652
-0.051057
-0.109439
-0.414577
-0.970123
-1.368445
-1.273959
-1.167719
-1.094454
-0.881604
-0.234349
-0.156741
-0.132825
0.153379
0.560536
0.367992
0.361391
0.177844
0.247880
0.198621
0.103922
0.233190
0.309814
0.418989
0.137050
0.228456
0.276402
0.401471
0.185801
0.029083
-0.015710
-0.039567
-0.212235
-0.267305
-0.431185
-0.518473
-0.920861
-1.162817
-0.780499
-0.019415
0.436387
0.857609
1.364129
1.222993
0.769103
0.378628
0.018921
0.012233
-0.289594
-0.353104
-0.096945
0.088058
-0.020255
-0.037190
-0.036233
-0.341669
-0.476058
-0.497340
-0.389725
-0.099330
-0.111536
-0.149821
-0.301738
-0.342843
-0.431192
-0.438680
0.347055
1.056288
1.439219
1.491190
1.475915
0.814525
0.082433
-0.385186
-0.617139
-0.440600
-0.226345
-0.205282
0.087062
0.327540
0.345122
0.215115
0.315808
0.572079
0.603587
0.757023
0.883655
0.628590
0.140136
-0.138524
-0.455539
-0.679810
-0.599864
-0.378127
-0.122922
0.242206
0.284953
0.448249
0.476565
0.753635
1.108997
1.253430
1.187503
0.930179
0.260716
-0.430835
-0.735463
-0.829556
-1.044815
-1.103483
-1.220766
-1.230491
-1.159897
-0.971420
-0.602917
-0.374284
-0.330149
-0.149266
-0.024806
-0.092510
-0.236190
-0.226039
-0.453042
-0.400741
-0.254597
-0.067644
0.217671
0.575312
0.712755
0.754386
0.534339
0.221910
-0.087261
-0.376518
-0.657631
-0.687459
-0.590077
-0.525770
-0.441372
-0.526898
-0.618713
-0.620978
-0.655459
-0.697178
-0.754392
-0.761051
-0.662968
-0.478032
-0.208723
0.091005
0.846264
1.287654
1.328117
1.327366
1.463986
1.102378
0.734824
0.621178
0.396651
0.039910
0.044824
-0.013501
0.041798
0.166345
0.241608
-0.097145
-0.364034
-0.527514
-0.520784
-0.353776
0.089433
0.459678
0.717478
0.454993
0.250683
-0.170678
-0.717923
-0.989339
-0.949406
-0.856152
-0.811015
-0.634943
-0.642996
-0.644949
-0.616412
-0.644321
-0.148212
0.296291
0.548727
0.666474
0.750727
0.564194
0.145859
-0.121407
-0.055289
0.097980
0.139888
0.142984
0.503611
0.575781
0.606092
0.810032
0.713549
0.355110
-0.130010
-0.542072
-1.031940
-1.120584
-1.072674
-1.062223
-0.685064
-0.336895
0.015785
0.241846
0.446542
0.586745
0.483251
0.535134
0.820647
0.940934
0.775285
0.639200
0.574845
0.202918
0.118830
0.120386
0.044053
0.016963
-0.293007
-0.580049
-0.763126
-0.795504
-0.835219
-0.707253
-0.505336
-0.225746
0.034999
0.183411
0.410429
0.614408
0.696212
0.773328
0.964002
0.995072
1.093069
0.770133
0.347172
-0.198880
-0.673925
-1.103779
-1.300555
-1.252633
-1.234031
-1.076007
-0.712522
-0.369361
-0.195349
0.031136
0.354903
0.356834
0.138713
0.181623
0.246948
0.359945
0.200301
0.318162
0.420030
0.186131
0.043578
-0.057324
-0.141045
-0.348865
-0.302646
-0.095487
0.118543
0.599383
0.685739
0.919797
0.750130
0.589568
0.157313
0.007797
-0.193079
-0.385028
-0.635101
-0.569631
-0.387790
-0.428500
-0.633396
-0.531098
-0.523944
-0.431723
0.132947
0.750201
1.316289
1.717685
1.766052
1.396337
1.213313
0.878805
0.345039
0.018654
-0.349995
-0.800633
-1.069984
-1.196250
-1.294781
-1.267541
-1.334050
-1.086008
-0.873182
-0.561812
-0.241756
0.291560
0.558226
0.694922
0.868147
0.657035
0.543766
0.374805
0.177335
-0.052283
0.005642
0.037520
-0.138471
-0.122153
-0.071516
-0.147875
-0.210453
-0.324628
-0.448690
-0.732920
-0.399342
-0.202298
-0.021034
0.156084
0.237189
-0.165994
-0.402040
-0.517174
-0.359191
-0.366709
0.058663
0.312025
0.393599
0.201168
0.056415
0.174138
-0.246826
-0.335383
-0.234004
-0.028618
-0.408880
-0.174722
0.217838
0.531971
0.810610
1.077378
1.192876
1.059863
0.554806
0.126948
-0.127852
-0.406084
-0.472599
-0.333904
-0.134084
-0.093651
-0.119146
-0.227250
-0.110518
0.120812
0.321535
0.508000
0.597459
0.399416
0.267085
-0.177217
-0.458731
-0.699266
-0.714945
-0.948556
-1.017369
-1.138616
-1.072107
-1.228299
-0.991967
-0.802044
-0.252197
-0.014357
0.557440
0.761200
0.779645
0.729954
0.697798
0.581125
0.200935
0.403077
0.344444
0.351521
0.274787
0.592197
0.748328
0.886344
0.777803
0.879389
0.713363
0.545391
0.093009
-0.163859
-0.437689
-0.649097
-0.607891
-0.552648
-0.436597
-0.474268
-0.436533
-0.567177
-0.667960
-0.493381
-0.590524
-0.667758
-0.601739
-0.355316
-0.172414
0.176865
0.626493
0.909273
0.901332
0.803273
0.570067
0.453362
-0.235237
-0.509363
-0.764502
-0.776152
-0.733560
-0.212103
0.300379
0.646904
0.839760
0.613771
0.306540
0.234802
0.062823
-0.134588
0.166987
0.004356
-0.257789
-0.534951
-0.409958
-0.628401
-0.342172
-0.183619
0.214914
0.351928
0.468399
0.600043
0.806789
0.679776
0.520704
-0.174600
-0.412979
-0.668769
-0.728490
-0.579467
-0.142134
-0.126457
-0.296068
-0.438062
-0.521355
-0.436933
-0.306096
0.202772
1.107855
1.775300
1.922108
1.767242
1.199563
0.573046
-0.118625
-0.197638
0.360845
0.481575
0.188957
-0.484032
-0.934522
-1.772516
-2.054695
-2.179692
-1.597240
-0.924707
-0.387435
-0.071266
0.202100
0.280263
0.150094
0.078744
0.439682
0.751917
0.698045
0.525275
0.448833
0.302849
-0.018940
-0.076958
-0.192279
-0.402201
-0.577649
-0.896489
-0.890230
-0.825632
-0.762097
-0.648380
-0.123277
0.209336
0.472175
0.745517
1.072745
1.056863
0.957997
0.631177
0.550823
0.011962
-0.402380
-0.528583
-0.669485
-0.656731
-0.647037
-0.448968
-0.547699
-0.157438
-0.060126
-0.183180
0.022945
0.252138
0.163747
0.291288
0.456306
0.514851
0.524050
0.608671
0.268982
0.172048
0.087025
-0.404227
-0.660263
-0.829430
-0.872033
-0.912923
-0.751382
-0.413517
-0.007973
0.482734
0.678213
0.766011
0.780160
0.470619
0.130108
-0.172895
-0.066781
-0.248672
-0.176238
-0.176946
0.002055
0.065344
0.213561
0.274100
0.405811
0.151035
0.101588
-0.014692
0.131750
0.318261
0.528635
0.542549
0.140466
-0.402457
-0.558618
-0.735690
-0.419252
0.492177
1.203833
1.286608
1.466552
1.262215
0.492130
0.390032
0.139364
0.111943
0.113839
0.063364
-0.479605
-0.865349
-0.819108
-1.044290
-0.777491
-0.223186
0.275281
0.178100
0.039975
-0.183442
-0.369646
-0.310376
-0.248655
-0.068851
0.392900
0.664151
0.757742
0.946163
0.960715
0.989082
0.674749
0.389239
-0.057492
-0.451182
-0.869125
-1.303300
-1.322233
-1.231461
-1.154763
-1.057175
-0.588544
-0.428030
-0.376843
-0.045925
0.303208
0.372923
0.553629
0.752513
0.918748
0.740179
0.554045
0.491411
0.029387
-0.017975
-0.488908
-0.730659
-0.790617
-0.763491
-0.574253
-0.079395
0.428290
0.563741
0.692760
0.473744
0.175297
0.094714
-0.364798
-0.569908
-0.794941
-0.683700
-0.683683
-0.595232
-0.296293
-0.263694
-0.353174
-0.406268
-0.190244
0.050273
0.075427
0.102483
0.090479
0.238001
0.299157
0.532539
0.921013
1.505455
1.323184
1.084654
0.563911
0.226072
-0.464120
-0.585548
-0.451807
0.023106
0.285330
0.263251
0.464263
0.422831
0.288159
0.268366
0.403508
0.435216
0.539387
0.669820
0.644745
0.591693
0.700518
0.541641
0.590124
0.595702
0.327931
-0.095031
-0.493837
-0.747890
-1.103588
-1.015111
-0.937778
-0.649909
-0.677535
-0.606014
-0.528690
-0.566051
-0.694027
-0.613605
-0.621745
-0.497822
-0.315846
-0.092173
0.273086
0.127738
-0.067457
-0.274830
-0.329040
-0.755536
-0.305076
0.061139
0.099307
0.019874
0.205530
0.172694
0.670775
1.040891
1.391175
1.626416
1.474128
0.898920
0.530227
0.279118
-0.274687
-0.472570
-0.893105
-1.115940
-1.245823
-1.157567
-0.985445
-0.704864
-0.283727
-0.053781
0.088343
0.278640
0.225118
0.193926
-0.012320
-0.140961
-0.300388
-0.439974
-0.520020
-0.846809
-0.407026
-0.278348
0.038762
0.380133
0.669309
0.606110
0.658786
0.685166
0.788511
0.993635
0.964510
0.954620
1.286833
1.184198
1.043594
0.940059
0.496256
-0.105168
-0.521598
-0.589793
-0.680045
-0.423769
-0.308969
-0.262794
-0.065814
-0.041851
-0.078329
0.076427
-0.320008
-0.646982
-0.903799
-1.020730
-1.059199
-0.792909
-0.369955
-0.013106
0.585768
0.747957
1.054695
1.164523
1.046246
0.714420
0.315278
-0.043440
-0.426212
-0.753118
-0.897857
-0.888041
-0.761028
-0.715183
-0.479812
-0.420929
-0.388183
-0.409195
-0.462924
-0.557082
-0.319924
-0.192119
0.311604
0.556821
0.881948
0.809593
0.661638
0.312789
0.117814
0.008205
-0.149865
0.001905
0.173707
0.527970
0.805414
0.803328
0.905435
0.697145
0.621087
0.552038
0.706005
0.535328
0.436101
0.114854
-0.113658
-0.458501
-0.526979
-0.743192
-0.641214
-0.677269
-0.741928
-0.675531
-0.638852
-0.424941
-0.399491
-0.092999
0.252809
0.586597
0.569051
0.630775
0.696847
0.524808
0.392561
0.359007
0.156976
-0.134327
-0.451048
-0.566426
-0.780453
-0.683046
-0.340693
-0.168495
0.274967
0.540386
0.674411
0.627399
0.906281
0.840285
0.335138
-0.109832
-0.443509
-0.841235
-1.028777
-0.916472
-0.730030
-0.665047
-0.584116
-0.624081
-0.395679
-0.051821
0.319561
0.599545
0.855242
0.827811
0.690889
0.377955
0.158586
-0.133051
-0.218696
-0.248355
-0.312551
-0.330155
-0.328343
-0.377658
-0.478148
-0.400736
-0.342499
-0.447331
-0.436623
-0.516933
-0.569438
-0.578546
-0.387586
0.042770
0.505832
0.923021
1.309216
1.584936
1.705664
1.484166
1.271815
0.891997
0.310687
-0.328331
-0.878250
-1.362006
-1.567282
-1.460047
-1.324730
-0.829754
-0.294548
0.017861
0.452255
0.646958
0.640481
0.564306
0.269042
0.032748
-0.086092
-0.247122
-0.285208
-0.441476
-0.574593
-0.716635
-0.514403
-0.551647
-0.130352
0.161204
0.484501
0.843617
1.018073
0.986907
0.981255
0.824102
0.605836
0.441391
0.563072
0.550666
0.645116
0.670390
0.630563
0.481086
0.287899
0.129051
0.086786
-0.028953
-0.092918
-0.116632
-0.034534
-0.180057
-0.206975
-0.196684
-0.383183
-0.593208
-0.859949
-0.943598
-1.143898
-0.986821
-1.051600
-1.096568
-0.891253
-0.737066
-0.662872
-0.330985
-0.038208
0.233940
0.460527
0.654177
0.910991
1.094805
1.172939
1.085188
0.916317
0.581954
0.110154
-0.332364
-0.628433
-0.783047
-1.046374
-1.073915
-0.907641
-0.794872
-0.597196
-0.254009
0.338814
0.658662
0.847317
1.017332
0.927251
0.759126
0.487776
0.371974
0.493675
0.413473
0.739352
0.561325
0.571826
0.223637
0.088366
-0.546661
-0.426533
-0.357225
-0.652452
-0.806460
-0.686699
-1.130764
-1.434031
-1.615633
-1.175605
-1.074041
-0.875996
-0.555658
-0.047307
-0.062010
-0.057470
0.241223
0.506694
0.620853
0.833400
0.618497
0.744882
0.544567
0.807626
0.657057
0.954457
1.286784
1.204939
0.862622
0.837580
0.746242
0.350057
-0.209175
-0.580843
-0.968719
-1.260752
-1.583965
-1.365607
-1.087555
-0.687340
-0.373486
0.137270
0.647547
0.935605
0.753096
0.770326
0.565999
0.312428
0.008122
-0.052635
-0.225474
-0.401016
-0.386793
-0.508700
-0.514884
-0.279108
-0.166887
0.251319
0.844436
1.122614
1.120965
0.936912
0.619405
0.007620
-0.399627
-0.649980
-0.876113
-1.178862
-1.228983
-1.062364
-1.097439
-0.850875
-0.590949
-0.304325
-0.242761
-0.109752
-0.048375
0.110789
0.160167
0.441423
0.406998
0.651552
0.574544
0.255205
0.058153
0.198373
0.064145
-0.165423
-0.016477
0.123098
-0.269984
-0.613623
-0.698605
-0.832738
-1.063319
-0.896556
-0.506362
-0.216971
0.293649
0.526523
0.871974
1.011497
0.986184
0.657989
0.325481
0.254802
0.281885
0.377629
0.643116
0.773319
0.589682
0.119775
-0.322929
-0.783464
-0.998510
-0.958132
-0.684057
-0.264977
0.119810
0.419119
0.406654
0.055254
-0.012882
-0.082378
-0.010740
0.345975
0.750648
0.779230
0.612577
0.540919
0.267837
-0.040164
-0.209137
-0.662958
-0.513123
-0.801859
-0.755531
-0.360409
0.123093
-0.153160
-0.184355
-0.180155
-0.577570
-0.704466
-0.657042
-0.417943
-0.101058
-0.101598
-0.010264
0.260757
0.550168
0.621058
0.988258
1.212043
0.978912
0.582599
0.524385
0.129588
-0.071964
-0.309237
-0.357621
-0.560780
-0.528234
-0.357340
0.173352
0.368350
0.413010
0.135807
-0.162876
-0.668536
-0.703057
-0.737884
-0.476097
-0.365102
-0.427404
-0.485447
-0.829850
-0.951660
-0.980195
-1.005295
-0.776873
-0.300994
0.478177
0.918020
1.327425
1.706726
1.854994
1.749151
1.528965
1.401902
0.734051
0.179293
-0.086666
-0.287814
-0.265720
-0.343901
-0.196798
-0.348304
-0.266744
-0.110768
0.172022
0.410965
0.496670
0.371578
0.189027
-0.240415
-0.425963
-0.738569
-0.810598
-0.914345
-0.697746
-0.700395
-0.728936
-0.728678
-0.827815
-0.383140
0.088913
0.518981
1.012245
1.317739
1.117399
0.629860
0.377782
-0.035100
-0.340619
-0.488951
-0.381142
-0.565094
-0.498359
-0.739653
-0.822329
-0.780747
-0.667048
-0.503785
-0.423776
-0.635535
-1.070729
-0.835403
-0.742086
-0.236982
0.786913
1.321368
1.222237
0.906218
0.637598
0.133064
-0.014671
0.236861
0.336572
0.710438
0.762934
0.931451
0.682786
0.608083
0.302417
-0.023837
-0.319297
-0.170424
-0.181157
-0.044017
0.036997
0.634784
0.881530
0.295898
-0.079701
-0.400588
-0.744885
-1.249242
-0.474381
-0.016621
0.163745
-0.142863
-0.237179
-0.354262
-0.445904
-0.470642
-0.212380
0.058126
0.556435
0.501250
0.660180
0.966301
0.621658
0.090167
0.006261
0.198258
-0.031803
0.334533
0.364630
0.175170
-0.085296
-0.671264
-1.304074
-1.311540
-1.097012
-0.753371
-0.137065
0.458977
0.582543
0.522792
0.372909
0.206082
0.295185
0.314205
0.556257
0.621502
0.431306
0.275983
-0.015704
-0.350956
-0.815216
-1.109197
-1.093482
-1.070595
-0.440731
0.274927
1.054474
1.266565
1.488510
1.002069
0.677645
0.468995
0.254914
0.195061
0.298098
0.322825
0.581351
0.372812
0.198587
0.095820
-0.165603
-0.583066
-0.487662
-0.402190
-0.386161
-0.671911
-0.755005
-0.799699
-0.691785
-0.662945
-0.160482
0.135845
0.408574
0.837503
0.894011
0.938722
0.800930
0.528471
-0.072550
-0.770798
-1.121213
-1.578048
-1.971056
-1.818904
-0.966982
-0.505560
0.012380
0.665298
0.823312
0.832404
0.754390
0.673054
0.597604
0.220854
-0.209534
-0.287631
-0.318250
-0.243135
0.022989
0.515599
0.690070
0.843540
0.777820
0.664359
0.620256
0.319958
0.170780
0.236384
0.080125
-0.142148
-0.193044
-0.211255
-0.444204
-0.422386
-0.438074
-0.417962
-0.341322
-0.450932
-0.443924
-0.567360
-0.450064
-0.330031
0.027378
0.459412
0.808082
1.029056
1.105036
1.206079
1.132495
0.824380
0.532193
0.367684
-0.025577
-0.293837
-0.451218
-0.678072
-0.974235
-0.987575
-1.077631
-0.906729
-0.664261
-0.545387
-0.542547
-0.279669
-0.417124
-0.446970
-0.474037
-0.413588
-0.565541
-0.588188
-0.529383
-0.235260
0.073776
0.086701
0.219880
0.123850
-0.224797
-0.313746
-0.095256
0.056442
0.263531
0.695114
0.702123
0.605439
0.594346
0.450976
0.240528
0.300976
0.223381
0.553658
0.601102
0.784702
0.747623
0.871899
0.704488
0.811815
0.934247
0.999167
0.978718
0.889452
0.698043
0.209873
-0.292975
-0.556714
-0.859207
-0.989749
-0.957679
-0.908480
-0.807717
-0.751105
-0.699552
-0.453900
-0.011930
0.194253
0.192781
0.286415
0.106145
-0.499887
-0.546869
-0.571740
-0.483346
-0.474386
-0.150341
-0.421497
-0.519176
-0.629323
-0.570494
-0.364003
-0.202933
0.255670
0.760427
0.886094
0.824184
0.913231
0.753674
0.424409
0.326860
0.405640
0.589167
0.551354
0.383724
0.034652
-0.378902
-0.821283
-0.940130
-1.353335
-1.500806
-1.421944
-1.390604
-1.316661
-0.877033
-0.281703
0.100203
0.458629
0.861971
1.219601
1.316983
1.080539
0.798495
0.432078
-0.042828
-0.217023
-0.273098
-0.133483
-0.082262
-0.021205
-0.008565
0.061186
0.040920
-0.126818
-0.212966
-0.493167
-0.719293
-0.303952
-0.285329
0.090946
0.507121
1.020614
0.872070
0.977480
0.664139
0.284636
-0.339102
-0.833209
-1.047648
-0.946471
-0.862651
-0.541627
-0.303010
0.038184
0.319108
0.599831
0.829021
0.932421
0.853206
0.748899
0.588694
0.401670
0.315674
0.427835
0.322774
-0.125311
-0.342230
-0.739773
-0.966185
-1.097704
-0.677583
-0.004918
0.627751
0.722690
0.617851
0.610855
0.080197
-0.176890
-0.141927
-0.227471
-0.365924
-0.490333
-0.739121
-0.940636
-0.922620
-1.181266
-1.261710
-0.937866
-0.627181
-0.635053
-0.331601
-0.131133
0.033744
-0.043719
0.321407
0.877091
1.471116
1.539933
1.391645
1.294107
0.893472
0.291554
0.080928
0.163825
0.479544
0.433352
0.501397
0.386319
-0.315425
-0.798639
-1.076654
-1.054687
-1.152458
-0.712695
-0.524298
-0.717432
-0.646637
-0.422248
-0.189400
0.125782
0.780524
1.078244
0.736966
1.060009
1.100939
0.926698
0.473799
0.592032
0.144838
-0.714387
-1.180479
-1.183357
-1.429479
-1.273233
-1.301932
-0.820358
-0.632300
-0.639097
-0.743941
-0.107777
0.205901
0.054496
0.210176
1.068593
1.145768
0.664399
0.719451
1.025588
0.324199
0.149296
0.372148
0.009131
-0.120883
0.128919
0.366268
0.597987
1.034447
1.365048
1.072931
0.953199
0.689878
0.505944
0.202831
0.028267
-0.046870
-0.793574
-1.274683
-1.492652
-2.008415
-2.153282
-1.564347
-0.843878
-0.651408
-0.314342
-0.341707
-0.274016
0.147801
0.422996
0.978448
1.368959
0.836327
0.132083
-0.453039
-0.674785
-0.979837
-0.383939
-0.190482
0.069704
0.268469
0.152092
0.018351
-0.401259
-0.496967
-0.607347
-0.214096
0.020259
0.511144
0.419105
0.383731
0.038134
-0.207632
-0.536523
-0.460909
-0.285068
-0.157917
0.087529
0.379407
0.703231
0.623075
0.446885
0.538665
0.502074
0.424264
0.160649
0.118608
0.049417
-0.081118
0.030230
0.193040
0.663098
1.012491
1.291843
1.236978
0.977332
0.669108
-0.250326
-0.848061
-1.086857
-1.118933
-1.163349
-0.747871
-0.289748
-0.121682
0.171399
0.484190
0.415214
0.504306
0.316301
0.092500
-0.296911
-0.364353
-0.561411
-0.501270
-0.313502
-0.192146
0.024650
0.076287
0.021398
-0.153110
-0.425795
-0.767388
-0.856854
-1.043182
-0.747249
-0.639236
-0.123030
0.236075
0.696496
0.920817
1.285153
1.194456
1.037570
0.969102
0.762903
0.623164
0.663315
0.578128
0.404943
0.215904
-0.263643
-0.729820
-0.988637
-0.907401
-0.859864
-0.426477
0.003617
0.014727
-0.162510
-0.404633
-0.487139
-0.626584
-0.436335
0.052609
0.389727
0.585527
0.591777
0.652186
0.776035
0.917159
1.004157
0.899868
0.990079
0.743356
0.077108
-0.335160
-0.741361
-1.164677
-1.602633
-1.484982
-1.444242
-1.101676
-0.683240
-0.473963
-0.214080
-0.079668
-0.025176
0.090329
0.352178
0.515972
0.615265
0.820297
0.790390
0.567926
0.419076
0.237660
0.214301
0.179821
0.146353
0.308661
0.376295
0.318387
0.051055
0.012701
0.043858
-0.013392
0.324202
0.400349
0.642184
0.627419
0.627973
0.221544
0.037969
-0.165267
-0.628652
-0.839005
-1.163178
-1.221996
-1.360983
-1.371413
-1.163236
-0.794814
-0.504160
-0.094652
0.298902
0.575309
0.579787
0.455403
0.392356
0.385070
0.468146
0.634558
0.882595
0.851162
0.405630
-0.233685
-0.607784
-0.967203
-1.181707
-0.869756
-0.330895
-0.151182
0.256672
0.382905
0.691604
0.649106
0.687709
0.572658
0.210616
0.025537
-0.248825
-0.303590
-0.363290
-0.236045
-0.119649
-0.016380
0.012824
0.065856
0.189963
-0.213377
-0.565456
-0.411057
-0.392774
-0.230147
-0.031722
0.056454
-0.250642
-0.455239
-0.326395
-0.062585
0.180270
0.319022
0.112726
0.250616
-0.230722
-0.365251
-0.095651
0.147919
-0.045554
0.297804
0.815200
0.911578
1.062497
0.988997
0.902623
0.709901
0.336748
0.246620
0.583935
0.740813
0.858740
0.651938
0.585763
0.107748
-0.208595
-0.350686
-0.347264
-0.188010
-0.459448
-0.441757
-0.637589
-0.799797
-1.124587
-1.276010
-1.072923
-0.886869
-1.080099
-0.928472
-0.210288
-0.098276
-0.237176
0.443743
0.548221
0.230466
0.483465
0.394642
0.184412
0.132237
0.093537
-0.261856
-0.397844
0.147389
0.434403
0.554017
0.782004
0.950601
0.417782
0.037583
0.087392
-0.194036
0.190311
0.291320
0.681999
0.964703
0.689432
0.075927
-0.091279
-0.865552
-1.462328
-1.443516
-1.250034
-1.272458
-0.795168
-0.210214
0.062466
0.608334
0.752391
0.858312
0.581621
-0.135151
-0.606606
-0.653280
-0.570623
-0.381358
0.364615
0.580780
0.458403
0.285071
0.136554
0.015120
0.030406
0.226534
0.328703
0.168371
0.162482
-0.038196
-0.417679
-0.569031
-0.827903
-0.817449
-0.824660
-0.441334
0.024914
0.582411
0.980952
1.085863
1.265126
1.092852
0.641437
-0.267438
-0.769048
-1.058272
-1.445389
-1.334806
-0.707798
-0.292966
-0.223997
-0.137821
0.145667
0.284694
0.431300
0.805458
1.008202
0.840798
0.449948
0.103777
-0.408419
-0.739103
-0.842421
-0.685749
-0.390609
-0.009398
0.307282
0.616042
0.659042
0.685877
0.299010
-0.057565
-0.155204
-0.313917
-0.477841
-0.341592
0.075982
0.162774
0.425887
0.651842
0.921887
0.980821
0.714895
0.446904
0.364240
-0.107809
-0.304725
-0.432755
-0.379541
-0.553041
-0.591453
-0.665184
-0.720375
-0.728339
-0.545161
-0.183979
0.169464
0.837464
1.348567
1.183450
1.174664
0.902848
0.224751
-0.226224
-0.153141
-0.109486
-0.327113
-0.292182
-0.398932
-0.606826
-0.743431
-0.611116
-0.501742
-0.508092
-0.667597
-0.514932
-0.850556
-0.764422
-0.628385
-0.228433
-0.040438
0.463591
0.342847
0.329356
0.544759
0.357808
0.402351
0.834549
0.684241
0.352431
-0.064402
-0.460444
-0.931363
-0.915281
-0.865466
-0.519344
-0.105437
0.310865
0.331941
0.517339
0.382540
0.045287
-0.213654
-0.147827
-0.119702
-0.206728
-0.117557
-0.249996
0.004018
0.034766
0.375317
0.704191
0.850980
0.917148
0.727583
0.504485
0.259168
0.087297
-0.043376
-0.026678
0.123635
0.216469
0.378826
0.122940
-0.068624
-0.163615
-0.582689
-0.876797
-0.911825
-0.963903
-1.081281
-1.086672
-0.829850
-0.685688
-0.512802
-0.152070
0.240213
0.154667
0.257415
0.346208
0.133774
0.007534
0.410226
0.481735
0.843518
1.272057
1.538982
1.591831
1.381451
1.093468
0.337662
-0.208871
-0.865054
-0.949363
-1.120570
-1.002585
-0.837760
-0.611832
-0.624784
-0.598375
-0.700323
-0.513276
-0.472239
-0.402035
-0.327359
-0.092253
-0.119550
0.028190
0.420526
0.672643
0.863649
0.809665
0.611165
0.265300
-0.266711
-0.685672
-0.613479
-0.555508
-0.365380
-0.171191
0.252898
0.343104
0.566774
0.380979
0.272074
0.205764
0.225303
0.281172
0.569900
0.279078
0.034729
-0.485095
-0.715708
-1.019856
-0.883378
-0.833805
-0.552859
-0.345220
-0.106655
0.329399
0.748427
0.885411
0.882328
0.421884
0.276171
-0.203410
-0.359881
-0.480608
-0.182981
-0.120344
0.061648
0.069268
-0.016209
-0.107514
0.130746
0.358834
0.617064
0.827494
0.641031
0.324237
-0.107415
0.008624
-0.162983
0.045218
0.316524
0.445914
0.349872
0.396113
0.548627
0.385636
0.510589
0.509722
0.226242
0.259580
-0.039290
-0.377950
-0.584321
-0.724736
-0.971233
-0.942289
-0.598012
-0.405457
-0.064037
-0.133052
-0.073584
-0.398440
-0.956289
-1.319464
-1.235888
-1.352179
-1.087122
-0.611302
0.402465
0.919774
1.144242
1.401835
1.402081
0.797800
0.324455
0.301198
0.035789
0.051927
0.572209
0.772731
0.971458
1.060511
0.950877
0.438100
0.178239
0.024616
-0.395387
-0.689670
-0.540678
-0.310855
-0.370228
-0.598986
-0.557127
-1.006289
-1.594748
-1.988450
-1.795488
-1.313458
-0.962631
-0.566684
0.065352
0.477520
0.554105
0.441334
0.580495
0.409219
0.362092
0.194379
0.293212
0.449978
0.203347
0.086531
0.221787
0.445648
0.342712
0.398095
0.508255
0.283435
-0.168790
-0.197296
-0.371153
-0.149429
-0.552777
-0.847834
-1.103855
-0.884534
-1.142372
-1.007882
-0.444775
-0.226237
-0.255234
-0.187059
0.012008
0.118135
0.116198
0.310700
0.696187
0.843828
0.799332
0.775409
0.733804
0.284792
0.343958
0.246393
0.096511
0.301685
0.007088
-0.400761
-0.401243
-0.358366
-0.581050
-0.473991
-0.386293
-0.568318
-0.696093
-0.660844
-0.404984
0.013536
0.205552
0.546314
0.632005
0.663927
0.499446
0.102198
-0.269899
-0.612397
-0.797001
-0.829269
-0.383301
0.017756
0.457749
0.769945
0.866162
0.859113
1.047829
0.988561
0.873088
0.855551
0.669541
0.351477
0.060515
-0.226584
-0.614890
-0.912707
-1.169570
-1.247824
-1.042972
-0.884507
-0.424894
-0.082253
0.108153
0.357511
0.494907
0.544712
0.493394
0.580222
0.740805
0.587648
0.405105
0.129427
-0.028672
-0.524550
-0.551760
-0.325178
-0.151113
-0.115321
-0.501304
-0.805074
-1.119115
-1.251133
-1.338090
-0.783785
-0.026462
0.377451
0.480689
0.554437
0.447113
0.141787
-0.074333
0.058802
0.373964
0.601562
1.020547
1.096446
1.152380
1.072962
0.618659
0.336175
0.277320
0.624631
0.588138
0.875850
0.796776
0.574997
0.061420
-0.336373
-0.669384
-0.992785
-1.265850
-1.390343
-1.329019
-1.015127
-0.760826
-0.358641
-0.207641
-0.216872
-0.264680
-0.358212
-0.162516
0.058075
0.262175
0.355801
0.224228
-0.128814
-0.328212
-0.233843
-0.063592
0.405467
0.673236
0.782179
0.886150
0.912755
0.751869
0.813137
0.408878
0.133821
-0.335678
-0.695394
-0.782031
-0.524824
-0.371695
-0.379267
-0.184066
-0.252354
-0.109007
0.342815
0.764679
1.106722
0.722050
0.275863
-0.127056
-0.471776
-0.559688
-0.319550
0.069846
0.091530
-0.133931
-0.663619
-0.682921
-0.734754
-0.799995
-0.308425
0.285465
0.580315
0.595148
0.421803
0.201865
-0.033747
-0.402461
-0.431965
-0.343696
-0.143164
-0.263419
-0.197633
0.099492
0.257691
0.374722
0.317397
0.412376
0.101278
-0.174862
-0.159625
0.100250
0.747533
0.720771
0.822796
0.917755
0.735325
0.266405
0.235169
0.241027
-0.160370
-0.570061
-0.774417
-0.796093
-0.546244
-0.326921
0.308616
0.654910
0.627841
0.298803
-0.081750
-0.489471
-1.086218
-1.433141
-1.725953
-2.180038
-1.955721
-1.674664
-1.556965
-0.871355
-0.187960
0.285139
0.609437
1.243875
1.279855
1.281394
0.900093
0.715610
0.761454
0.319647
0.133577
0.283593
0.111064
-0.192076
-0.091091
0.078126
-0.125009
0.146632
0.465251
0.364265
0.383263
0.147718
-0.358790
-0.403357
-0.002947
0.236284
0.388136
0.669925
0.334543
-0.050536
-0.216689
-0.129412
0.006528
-0.072366
-0.258740
-0.417160
-0.672010
-0.873780
-1.118194
-0.923671
-0.902535
-0.762153
-0.228529
0.117572
0.275581
0.565134
0.942855
0.905646
1.098284
1.296873
1.083665
0.973058
0.742498
0.425728
-0.026097
-0.442688
-0.697652
-0.956529
-1.010666
-0.817045
-0.621900
-0.455371
-0.392141
-0.145798
-0.075550
-0.067210
-0.298119
-0.549119
-0.542388
-0.454452
-0.120379
0.330633
0.568533
0.816417
0.788482
0.623351
0.258283
0.226458
0.179322
0.250323
0.497351
0.596093
0.619987
0.529329
0.183399
0.034714
-0.297532
-0.199946
-0.458825
-0.245315
-0.084728
0.279016
0.498810
0.669122
0.681634
0.546146
0.250909
-0.133184
-0.456665
-0.655847
-0.890880
-0.871539
-0.901880
-1.006028
-0.871793
-0.884554
-0.805348
-0.487412
-0.181535
0.252573
0.546611
1.156889
1.386470
1.347009
1.405427
1.289134
0.947005
0.497334
0.419014
-0.067400
-0.151967
-0.131459
-0.242652
-0.057587
-0.032954
-0.097363
-0.270709
-0.227885
-0.050268
-0.323179
-0.494852
-0.502641
-0.498230
-0.854706
-1.009420
-0.692212
-0.614478
-1.090149
-1.188337
-0.954108
-0.986741
-0.925803
-0.299698
0.225781
0.399283
0.946509
1.080171
1.387967
1.346169
1.265025
0.783864
0.615452
0.718633
0.425765
0.425320
0.262931
-0.352244
-0.870157
-1.101277
-1.018202
-0.941573
-0.471988
-0.258705
0.311737
0.369431
-0.013227
-0.440509
-0.613008
-1.235239
-1.205633
-1.096281
-0.356477
-0.024908
0.404579
0.668566
1.195312
1.214418
1.025008
0.950709
0.838760
0.656992
0.381098
-0.038301
-0.046534
-0.292115
-0.206301
0.291923
0.410296
0.418024
0.362016
0.190341
-0.163527
0.188710
0.344967
0.501923
0.731124
0.761946
0.477905
0.154699
-0.086341
-0.249283
-0.514483
-0.502418
-0.467588
-0.462653
-0.609896
-0.354755
-0.092772
0.173487
-0.068079
-0.075360
-0.410696
-0.275611
-0.672682
-0.571328
-0.487065
-0.592179
-0.979947
-1.083706
-0.962161
-1.012165
-0.868311
-0.447590
0.033640
0.256312
0.373202
0.532185
0.523984
0.343111
0.483683
0.602500
0.833709
0.778275
0.872431
0.654515
0.402102
0.280968
-0.178340
-0.492624
-0.496519
-0.636314
-0.718271
-0.549135
-0.121639
0.086513
0.436571
0.742064
0.930285
1.002931
0.905561
0.896096
0.862526
0.779465
0.611287
0.368069
-0.060118
-0.622094
-0.977521
-1.169334
-1.286832
-1.013989
-0.895349
-0.734780
-0.753047
-0.675723
-0.623889
-0.434618
-0.170028
0.195856
0.253002
0.449235
0.440432
0.434287
0.277868
0.476882
0.579362
0.696040
0.761482
0.655689
0.614627
0.367214
0.129733
-0.171131
-0.332322
-0.528068
-0.811803
-1.029240
-1.020529
-1.099906
-1.200818
-1.091062
-0.889153
-0.788268
-0.518119
0.020527
0.063136
0.195581
0.220607
0.229715
0.481940
0.774616
1.265345
1.372290
1.821973
1.648988
1.506770
1.158387
1.057693
0.664952
0.208794
0.028516
-0.190795
-0.524827
-0.598824
-0.695034
-0.442788
-0.176171
0.116288
-0.014528
0.173499
0.060528
-0.310492
-0.547621
-0.276843
-0.493049
-0.495099
-0.570635
-0.398013
-0.615714
-0.632385
-0.587696
-0.434024
0.052791
0.022169
-0.032108
0.101723
0.326644
0.130707
0.126806
0.400582
0.128648
0.103622
0.110090
-0.008751
0.155019
0.220339
0.118374
0.156603
0.454081
0.300466
0.049559
-0.103323
-0.474477
-0.475400
-0.338790
-0.382579
-0.314025
-0.437178
-0.699499
-0.777143
-0.444098
-0.303769
-0.114626
0.332007
0.601116
0.860439
1.079305
1.266763
1.311693
0.867974
0.466525
-0.133987
-0.703464
-1.052912
-1.075734
-0.979990
-0.556032
-0.310602
-0.279732
-0.232731
-0.284065
-0.455200
-0.461279
-0.152368
-0.041315
0.369532
0.610448
0.930658
0.853495
0.932389
0.590840
0.304293
0.066387
-0.337602
-0.560619
-0.333657
-0.146644
0.150628
0.149957
0.248773
0.085062
-0.224444
-0.284989
-0.003492
0.284523
0.248352
0.504665
0.504665
0.263188
-0.082819
-0.476633
-0.790674
-1.183499
-1.338040
-0.977924
-0.842169
-0.472762
-0.126870
0.084274
0.017016
0.291948
0.310658
0.186094
0.510147
0.674736
0.855592
0.799989
0.623656
0.668687
0.291546
0.069215
0.030910
0.135338
0.240692
0.161907
0.333870
0.429731
0.362105
0.166882
0.380554
0.125545
-0.230584
-0.303185
-0.497398
-0.628073
-0.295656
-0.114798
0.263434
0.436703
0.423898
0.154962
0.005450
-0.225379
-0.507137
-0.650406
-0.642719
-0.973573
-0.812588
-0.869742
-0.582071
-0.542821
-0.029837
0.139525
0.511009
0.683447
0.651488
0.688006
0.782842
0.951985
0.976643
1.013128
0.695028
0.098148
-0.508802
-0.988446
-1.321751
-1.028473
-0.936977
-1.015000
-0.816738
-0.584317
-0.562641
-0.402501
0.093958
0.297168
0.538191
0.598828
0.495183
0.328317
0.129859
-0.052449
0.104916
0.185596
0.589361
0.624119
0.505523
0.159418
0.108111
-0.033817
-0.478237
-0.149921
-0.057664
-0.050704
-0.143578
0.093699
-0.149825
-0.192310
-0.241802
-0.494192
-0.521209
-0.117070
0.230490
0.608043
0.543701
0.533843
0.297798
-0.075934
0.010514
0.251977
0.883342
1.126854
1.301759
1.020914
0.665388
0.002231
-0.460799
-0.903095
-0.927562
-0.634991
-0.485737
-0.501012
-0.336265
-0.535650
-0.678743
-0.341106
-0.309187
0.107460
0.490328
0.817494
0.666100
0.776329
0.769151
0.358283
0.114853
0.022138
-0.335407
-0.659155
-0.573046
-0.464597
-0.642004
-0.447602
-0.461447
-0.614557
-0.731269
-0.691425
-0.585640
-0.472663
-0.420279
-0.260213
-0.298823
0.091946
0.424974
0.825752
1.096516
1.512904
1.567316
1.336420
1.208009
0.879031
0.251116
-0.470709
-0.908082
-1.070281
-1.240849
-1.072064
-0.683958
-0.287989
0.130322
0.331390
0.659457
0.731063
0.768926
0.636838
0.598284
0.714219
0.405941
0.169672
-0.147161
-0.253481
-0.610842
-0.846418
-0.649748
-0.448405
-0.155271
0.197829
0.718034
0.912143
0.816065
0.373288
0.130706
-0.449841
-0.736536
-0.829685
-0.718128
-0.861056
-0.763970
-0.843354
-0.759080
-0.440994
-0.411529
-0.166280
-0.145017
-0.003620
0.171538
0.304499
0.456980
0.630422
0.335214
-0.205441
-0.510381
-0.604819
-0.835631
-0.803046
-0.491501
-0.149483
0.148579
0.374407
0.797116
0.862358
0.302067
-0.032565
-0.333720
-0.650186
-1.013139
-0.665174
-0.407954
-0.045311
0.136287
0.191159
0.186709
-0.014906
-0.104979
-0.182946
-0.176260
0.196721
0.459942
0.619576
0.752427
1.008502
1.025557
0.921196
0.928207
0.894129
0.741658
0.629874
0.422690
0.043720
-0.548121
-0.995485
-1.260864
-1.400336
-1.143246
-0.789723
-0.223221
-0.154761
-0.001570
-0.075453
0.114325
0.159343
0.320561
0.412028
0.735478
0.462322
0.079229
-0.422607
-0.431725
-0.629473
-0.426263
-0.123337
0.292116
0.631473
0.498743
0.352322
-0.030030
-0.198632
-0.500273
-0.399098
-0.019055
0.618055
0.774404
0.731539
0.398865
-0.099518
-0.651160
-0.935365
-0.896281
-0.532457
-0.110105
-0.079969
0.346219
0.226474
0.172566
0.126499
0.417037
0.397480
0.424322
0.328534
0.465989
0.212379
0.269042
0.132735
0.096745
-0.252609
-0.323069
-0.671271
-0.968035
-1.024700
-1.060125
-1.049561
-0.987775
-0.477784
-0.394890
-0.409368
-0.030699
0.196683
0.193770
0.554177
0.946613
0.969768
0.826703
0.743769
0.689887
0.227018
0.340338
0.425666
0.726559
0.743479
0.943785
0.764226
0.814103
0.641168
0.287985
0.175099
0.245472
0.022229
-0.141253
-0.602893
-0.826414
-1.333302
-1.795336
-1.940011
-1.760776
-1.313823
-1.091193
-0.611662
-0.092163
0.279953
0.322513
0.514207
0.990476
1.143819
1.045949
1.057495
0.866484
0.619169
0.113730
0.015009
-0.222065
-0.375833
-0.743671
-0.615562
-0.198284
0.020594
-0.143350
0.173565
0.175243
-0.167432
-0.235551
0.011051
-0.046928
-0.156217
0.264253
0.470976
0.630445
0.611891
0.652663
0.231988
0.108111
0.235463
0.108962
-0.031330
0.274955
-0.025688
-0.026472
0.221542
0.593421
0.674775
0.879157
0.853964
0.976387
0.843207
0.157721
-0.237984
-0.564373
-1.205453
-1.414718
-1.054679
-0.791125
-0.663146
-0.449800
-0.240425
-0.248051
-0.219518
-0.344727
-0.376658
-0.450720
-0.455244
-0.466787
-0.414943
-0.236480
-0.209492
-0.168441
0.083805
0.275268
0.558357
0.774482
1.024950
1.081810
1.195421
0.982230
0.621859
0.542915
0.511582
0.374196
0.491816
0.432914
0.051378
-0.414319
-0.700128
-1.128998
-1.337003
-1.360195
-1.463221
-1.240572
-0.998391
-0.559209
-0.102781
0.309754
0.670391
0.743003
0.683575
0.829848
0.775984
0.350054
0.110881
-0.119545
-0.672205
-0.878589
-0.791771
-0.741393
-0.393084
-0.076162
0.199657
0.255238
0.247410
0.342209
0.301897
0.567592
0.737028
0.583858
0.601761
0.492983
0.227858
-0.002395
0.227511
0.170011
0.058613
0.555980
0.456020
0.651844
0.747771
0.889151
0.279898
0.297816
0.272839
-0.095164
-0.208317
-0.493569
-0.647073
-0.794739
-1.046838
-0.848696
-0.469634
-0.665965
-0.810886
-0.532467
-0.344589
-0.329517
0.227086
0.767114
0.931235
1.053017
0.872940
0.761723
0.263324
-0.294103
-0.760968
-0.602456
-0.477508
-0.385036
-0.023232
0.167893
-0.110376
-0.430105
-0.501783
-0.662568
-1.033968
-1.275956
-0.983384
-0.788801
-0.295348
-0.078563
0.257480
0.368850
0.482524
0.541944
0.642142
1.007308
1.184640
1.069145
0.860619
0.654748
0.413953
-0.300213
-0.694179
-0.915501
-0.967787
-0.806373
-0.401158
0.125369
0.480040
0.704297
0.525461
0.409497
0.256003
-0.351390
-0.856095
-0.834547
-0.775173
-0.602802
-0.201415
0.521212
0.818036
0.944002
0.736586
0.789146
0.728660
0.656353
0.746917
0.915456
0.765054
0.466486
0.056097
-0.351328
-0.566026
-0.440043
-0.150698
0.049863
0.324222
0.256230
0.145929
-0.039328
-0.020793
-0.070206
-0.277920
-0.554552
-0.856138
-1.158948
-1.403811
-1.320306
-1.024249
-0.947273
-0.974318
-0.768040
-0.451928
-0.304976
0.010182
0.501853
0.684663
0.532117
0.646157
0.548592
0.494852
0.088385
-0.101018
-0.236369
-0.371884
-0.418202
-0.302698
0.022352
0.048760
0.074832
0.394885
0.318516
0.295644
0.370004
0.641317
0.431828
0.554797
0.827612
0.532005
0.358878
0.237081
0.177176
0.074171
0.237496
0.462009
0.189278
0.168154
0.103928
-0.009514
-0.205027
-0.315275
-0.138955
-0.316135
-0.453845
-0.599744
-0.508352
-0.756644
-0.931845
-0.880056
-0.698744
-0.630908
-0.370159
-0.249639
0.017543
0.224658
0.509432
0.678384
0.861338
0.923670
1.047563
1.126418
1.225661
1.270168
1.177534
0.536078
0.204639
-0.273346
-0.558888
-0.769562
-1.052313
-1.040125
-0.979092
-1.082211
-1.205050
-0.792918
-0.766429
-0.763518
-0.547748
-0.242974
-0.156224
0.007178
0.269002
0.342764
0.308048
0.235692
0.243894
0.057675
0.227660
0.185068
0.107284
-0.035886
-0.016766
0.030758
-0.165098
0.059240
-0.242069
-0.447053
-0.763772
-0.679444
-0.516034
-0.208698
0.294800
0.623778
1.017800
1.177845
1.468671
1.399818
1.041750
0.733106
0.496347
0.225234
-0.050594
-0.204278
-0.027247
-0.097245
-0.096972
-0.294610
-0.374369
-0.625797
-0.811341
-0.981766
-0.668943
-0.833037
-0.543025
-0.606898
-0.403522
-0.331157
0.090716
-0.015086
0.209442
0.478362
0.551458
0.817996
0.895421
0.834064
0.522186
-0.085168
-0.389535
-0.564546
-0.859849
-0.860703
-0.549449
-0.300786
-0.176201
0.024715
0.081513
0.066861
0.153882
0.198509
0.586851
0.832427
0.789526
0.755571
0.274197
-0.052465
-0.436494
-0.426519
-0.777525
-0.541318
-0.727360
-0.697331
-0.406561
-0.068761
-0.162132
0.238959
0.002767
-0.171747
-0.423186
-0.287849
-0.348358
-0.028683
0.223034
-0.145920
-0.074642
-0.007618
-0.019268
-0.229614
0.243928
0.522003
0.026773
-0.176938
-0.297647
-0.219205
-0.025437
0.443122
0.972476
1.442141
1.330629
0.937245
0.663828
0.722656
0.488606
0.547365
0.523849
0.057597
-0.375998
-0.822393
-1.014721
-1.251612
-0.924392
-0.896182
-0.635537
-0.435555
-0.195828
-0.021939
0.167125
0.216285
0.393298
0.152520
0.402367
0.259013
-0.012339
-0.343809
-0.409835
-0.569753
-0.636327
-0.405567
-0.043324
0.020941
0.055163
0.197335
0.602850
0.603266
0.799747
0.994245
1.078954
0.872100
0.657423
0.697372
0.623166
0.422762
0.110305
-0.102852
-0.172351
-0.252018
-0.428440
-0.387166
-0.540715
-0.849976
-1.167568
-1.252303
-1.122041
-0.968492
-0.624562
-0.539037
-0.032539
0.251988
0.580169
0.900901
1.377536
1.350656
0.905431
0.577251
0.268905
-0.304631
-0.549382
-0.518459
-0.491437
-0.542069
-0.339952
-0.387075
-0.486354
-0.343040
-0.385189
-0.421801
-0.286801
-0.117445
-0.193036
-0.214803
0.081620
0.350383
0.518546
0.710869
0.926029
0.979886
0.858540
0.886311
0.994997
0.875377
0.632103
0.064752
-0.561942
-0.993841
-1.260546
-1.288218
-0.951938
-0.509801
-0.449432
-0.320777
-0.190218
0.021955
0.247951
0.493772
0.806084
0.909788
0.712583
0.683298
0.580343
0.532945
0.362735
0.346140
0.072557
-0.115019
-0.438210
-0.729222
-0.960100
-0.878841
-0.810071
-0.496797
-0.402238
-0.341888
-0.450469
-0.473843
-0.418183
-0.191733
0.241720
0.468040
0.760853
0.845437
0.843623
0.758415
0.624312
0.512857
0.160929
0.065336
0.288889
0.517683
0.400006
0.385851
0.244170
-0.321259
-0.729318
-0.800861
-0.790834
-0.685084
-0.702398
-0.769772
-0.739815
-0.643215
-0.615083
-0.605476
-0.138454
0.262572
0.400774
0.665091
0.813015
0.674915
0.381855
0.115333
-0.083400
0.041842
0.061257
-0.297015
0.029822
0.168636
-0.160815
-0.065420
0.426601
0.671160
0.469307
0.615555
0.670387
0.540064
0.236584
0.380490
0.636164
0.544150
0.157070
-0.298788
-0.854619
-0.944282
-1.029003
-0.697574
-0.386364
0.051234
0.063111
-0.086982
-0.194803
-0.438627
-0.521782
-0.566780
-0.443117
-0.340120
-0.319849
-0.434151
-0.613885
-0.796410
-0.777298
-0.717587
-0.486544
-0.287683
-0.093978
0.254829
0.457986
0.668290
0.260713
-0.184362
-0.530412
-0.390906
-0.101135
0.752583
1.703458
2.210731
2.135095
1.736424
1.098735
0.580376
0.087621
-0.054636
-0.170134
-0.279459
-0.492743
-0.753538
-0.629175
-0.522178
-0.425761
-0.443843
-0.430101
-0.637538
-0.798041
-0.761708
-0.521733
-0.375329
0.072422
0.330898
0.765829
1.042736
1.060670
0.720024
0.498896
0.337376
0.024290
0.086247
0.120349
0.004276
-0.351323
-0.562138
-0.591979
-0.491539
-0.400462
-0.273541
-0.354631
-0.393540
-0.535598
-0.592354
-0.317694
0.249110
0.481295
0.447119
0.370878
-0.056875
-0.669984
-0.938901
-1.189082
-0.837013
-0.538857
-0.137708
0.097031
0.271360
0.111209
0.301129
0.456225
0.546912
0.586471
0.822391
0.709755
0.802680
0.516688
0.471919
0.438429
-0.014026
-0.441163
-0.475360
-0.417067
-0.752891
-0.620764
-0.521787
-0.469803
-0.428767
-0.395135
-0.318975
-0.039972
-0.408138
-0.539845
-0.780899
-0.727357
-1.134439
-0.593416
-0.244309
0.159209
0.421376
0.649017
0.595223
0.843217
0.988308
1.259181
1.511679
1.414726
0.969421
0.461937
0.066470
-0.617165
-0.418347
-0.348426
0.028172
0.149129
0.479309
0.295008
0.161951
-0.057186
-0.330166
-0.943297
-1.114294
-1.178827
-1.071921
-1.300415
-0.962727
-0.867872
-0.864329
-0.739502
-0.247883
0.341090
0.830140
1.090222
1.428139
0.866547
0.650262
0.205746
0.123333
0.110243
0.340360
0.339755
0.408181
0.387957
0.019405
0.216892
0.474725
0.680124
1.089100
1.030827
1.000039
0.804264
0.523327
-0.047489
-0.359621
-0.396878
-0.661592
-0.972779
-1.211859
-1.133847
-1.197588
-1.464437
-1.479597
-1.245103
-1.073888
-0.997059
-0.616542
0.000074
0.347880
0.627625
0.976599
1.158875
1.125461
0.975533
0.804737
0.467649
0.354245
0.334536
0.346639
0.188358
0.222242
0.226094
0.090233
-0.121407
-0.128974
-0.308579
-0.483383
-0.692414
-0.737055
-0.757883
-0.806664
-0.857457
-0.779510
-0.683068
-0.427629
-0.248838
0.122377
0.370278
0.648553
0.780276
1.004307
1.050025
1.100038
1.151011
1.083802
0.920145
0.707272
0.393100
0.175099
-0.161446
-0.393438
-0.461075
-0.626323
-0.730456
-0.823788
-0.794539
-0.890079
-0.788151
-0.807115
-0.684979
-0.574040
-0.462871
-0.424399
-0.073281
0.260569
0.346918
0.189025
0.450828
0.335881
0.076072
0.158083
0.418832
0.613495
0.724317
0.916590
0.941697
0.789954
0.506929
-0.050774
-0.303516
-0.510417
-0.613834
-0.632941
-0.406033
-0.495625
-0.654342
-0.802818
-0.897762
-0.899846
-0.687861
-0.638996
-0.070128
0.337239
0.446899
0.617075
0.814275
0.504415
-0.031932
-0.344140
-0.484516
-0.532087
-0.400660
-0.138833
0.328812
0.371307
-0.243429
-0.445948
-0.579696
-0.711800
-0.396499
0.588801
1.082491
1.055702
0.990347
0.740529
0.373241
0.127652
0.148629
-0.027075
-0.360551
-0.084375
-0.067745
0.210819
0.627728
0.842301
0.655001
0.715471
0.602662
0.427971
0.218277
0.077224
-0.284329
-0.390827
-0.694071
-0.846818
-0.906717
-0.887112
-0.876452
-0.746074
-0.484471
-0.485394
-0.431628
-0.379263
-0.137674
0.116153
0.436372
0.684061
0.966630
0.879150
0.842244
0.725106
0.811054
0.673993
0.632103
0.801819
0.583539
0.262163
-0.062654
-0.221508
-0.503394
-0.554038
-0.565309
-0.782719
-0.529298
-0.523459
-0.405918
-0.155463
0.211226
0.312929
0.336180
0.549138
0.649088
0.793675
0.742737
0.635746
0.467993
0.250409
-0.158156
-0.386761
-0.476697
-0.700293
-0.977565
-0.954166
-0.983114
-1.075112
-1.035721
-0.987775
-0.895288
-0.848983
-0.758549
-0.461486
-0.099294
0.421874
0.637186
0.888912
0.974623
0.973255
0.785182
0.654682
0.531519
0.379838
0.107773
-0.101437
0.008250
0.177710
0.190040
0.329936
0.597448
0.467568
0.482550
0.486612
0.704118
0.712880
0.797413
0.710880
0.602963
0.334327
0.038053
-0.045785
-0.046598
-0.370039
-0.552876
-0.812701
-0.948859
-1.132976
-1.121267
-1.186828
-1.032597
-1.032650
-1.083418
-0.851664
-0.560513
-0.321808
-0.052100
0.273874
0.690211
0.874611
0.904520
0.917847
0.809624
0.619786
0.493878
0.356577
0.265679
0.018803
-0.212295
-0.579911
-0.773256
-1.016912
-0.912709
-0.687711
-0.532216
-0.462025
-0.439534
-0.575961
-0.647602
-0.496057
-0.098471
0.374032
0.880778
1.173362
1.317710
1.229816
1.024146
0.948940
0.780470
0.557008
0.608879
0.634277
0.539607
0.224257
0.074378
-0.244165
-0.376119
-0.268801
-0.158575
0.073756
-0.104883
-0.422944
-0.649728
-0.738088
-0.653163
-0.387402
0.019471
0.080093
0.377656
0.349662
0.266907
-0.015738
-0.153671
-0.378488
-0.542207
-0.526465
-0.315238
-0.471680
-0.630959
-0.797057
-0.654908
-0.742469
-0.679731
-0.030694
0.593875
0.864138
1.369826
1.702207
1.798978
1.122268
0.762072
0.404178
-0.025728
-0.263080
0.073978
0.163354
-0.085316
-0.202718
-0.326785
-0.361887
-0.343284
-0.323310
-0.033592
-0.087092
-0.227056
-0.305262
-0.154342
0.061347
-0.030173
0.133289
0.135499
0.163694
-0.101038
-0.315380
-0.510633
-0.771346
-1.035159
-0.615158
-0.404092
0.007259
-0.077350
-0.150820
-0.543796
-0.625903
-0.944508
-0.498061
0.462149
1.204518
1.488043
1.811370
1.632694
0.916951
0.014440
-0.427435
-0.561066
-0.873736
-0.666954
-0.357103
-0.067836
-0.183211
0.064094
0.155636
0.092084
0.161233
0.250249
0.573026
0.815414
0.799657
0.766898
0.687061
0.451626
0.082643
-0.094923
-0.115047
-0.240272
-0.041243
-0.497325
-0.621188
-0.787287
-0.806517
-1.007152
-1.103900
-0.639462
-0.386067
-0.083267
0.153888
0.727918
0.763930
0.412593
0.066538
-0.059221
-0.255610
-0.239124
0.350324
1.200027
1.856688
1.865570
1.736934
0.978654
0.195038
-0.796567
-0.994648
-1.139165
-1.108274
-1.225046
-1.048031
-0.733805
-0.638418
-0.358351
-0.073024
-0.102774
-0.039068
-0.174234
-0.234467
-0.200794
-0.161103
-0.068580
0.191383
0.549606
0.718606
1.105294
1.132617
0.974295
0.897536
0.379431
-0.198321
-0.268399
-0.322934
-0.194828
0.103012
0.508520
0.410440
0.417957
0.206678
-0.090897
-0.328037
-0.580692
-0.741661
-0.922303
-0.954055
-0.928608
-0.867579
-0.596797
-0.421271
-0.205914
0.037857
0.269380
0.536864
0.679498
0.954483
1.174277
1.436462
1.499065
1.146553
0.778538
0.247186
-0.053899
-0.407645
-0.583494
-0.543523
-0.783424
-1.143361
-1.141452
-0.816083
-0.569256
-0.239642
0.245480
0.367677
0.226200
0.237189
0.122671
-0.135703
-0.239188
-0.087455
-0.138915
-0.017869
0.054478
-0.123313
-0.093675
-0.116996
-0.023998
0.036949
0.272357
0.383514
0.180138
-0.073239
0.016074
-0.049043
0.206450
0.542489
0.927386
1.008304
0.834410
0.530694
0.150507
-0.266845
-0.770089
-0.980024
-1.085454
-1.002298
-0.856599
-0.613128
0.056399
0.349670
0.561008
0.925609
0.878193
0.769159
0.527692
0.442457
0.137055
-0.090546
-0.441037
-0.574419
-0.482230
-0.325825
-0.039301
0.144254
-0.177229
-0.600281
-0.936824
-1.230834
-1.323472
-0.723053
-0.118916
0.038872
0.504132
0.697877
0.534785
0.614839
0.667549
0.595594
0.604848
0.720156
0.445740
0.295318
0.277894
0.136345
0.046978
-0.037316
-0.035876
-0.111717
-0.380173
-0.633155
-0.976057
-1.088626
-1.286304
-1.271265
-1.160136
-0.752592
-0.348394
0.120945
0.760702
1.373232
1.504386
1.934766
1.612525
0.995014
0.488139
0.280723
-0.227784
-0.285147
-0.097438
-0.109150
-0.316968
-0.571307
-0.507553
-0.348129
-0.590391
-0.807553
-0.713695
-0.907234
-1.070008
-0.925979
-0.375086
-0.217194
-0.272750
-0.313601
-0.517861
-0.636917
-0.670145
-0.537749
-0.365111
0.058156
0.149079
0.404671
1.239641
1.516103
1.310277
1.544047
1.314786
0.812948
0.663558
0.948703
0.717767
0.697874
0.668580
-0.024531
-0.453891
-0.679392
-1.140579
-1.518612
-1.124453
-0.959015
-0.852795
-0.393947
-0.108034
0.108038
0.556635
0.736676
0.845830
0.868756
0.511496
0.124970
-0.357192
-0.781118
-1.003222
-1.007470
-1.123680
-0.967775
-0.620354
-0.360843
0.123406
0.641886
0.836336
1.097750
0.744881
0.262952
-0.464433
-0.770550
-1.050724
-0.764062
-0.553164
-0.312400
-0.067782
-0.095074
-0.097435
-0.057514
0.108999
0.457926
0.677942
0.917760
1.309573
1.439230
1.323452
1.090121
0.812173
0.488890
0.029889
-0.212355
-0.713731
-1.121611
-1.405047
-1.371060
-1.387517
-1.120145
-0.610587
-0.467725
-0.264153
-0.312529
-0.160050
-0.142989
-0.125713
-0.107593
-0.136269
-0.213631
-0.193025
-0.187723
-0.139381
-0.073289
0.417386
0.638665
0.894404
1.048666
1.242752
1.237091
1.030650
0.798471
0.661527
0.331344
-0.162602
-0.659743
-0.787069
-1.058341
-1.282963
-1.495637
-1.244605
-0.979873
-0.813020
-0.367153
0.355270
0.579527
0.606950
0.841440
1.146931
1.224164
1.205664
0.943685
0.576388
0.246178
-0.360220
-0.705257
-0.525371
-0.370270
-0.119383
0.145099
0.416703
0.424298
0.223740
-0.145786
-0.354796
-0.356029
-0.588126
-0.541981
0.085439
0.552579
0.498361
0.284802
0.339812
-0.241643
-0.992587
-1.088369
-0.963321
-0.963596
-0.983887
-0.766754
-0.738025
-0.734755
-0.517720
-0.542817
-0.343643
-0.225962
0.089537
0.180300
0.516071
0.651205
0.717224
0.657667
0.616173
0.633398
0.843015
0.691978
0.779017
0.691687
0.460776
0.422379
0.405088
0.610902
0.599300
0.434136
0.083505
-0.048939
-0.207200
-0.756088
-0.834024
-1.105805
-1.150323
-1.329480
-0.983552
-0.809250
-0.704275
-0.613818
-0.440644
-0.231285
-0.159705
0.183472
0.528928
0.430950
0.442194
0.676471
0.523529
0.333057
0.254432
0.188548
0.282303
0.490354
0.780589
0.980386
1.100998
0.914919
0.788522
0.707524
0.305457
0.043007
-0.526019
-1.103537
-1.385442
-1.408644
-1.366268
-1.351078
-0.724934
-0.540940
-0.435819
-0.085638
0.267590
0.120878
0.106761
0.291931
0.109381
0.088754
0.540537
0.497296
0.870092
1.214684
1.379161
1.249859
1.324100
1.109387
0.538577
0.216915
0.043004
-0.624038
-0.895386
-0.986993
-0.815800
-1.108763
-1.151921
-1.359104
-1.658795
-1.762695
-1.610353
-1.068555
-0.532735
0.321188
0.803930
0.787061
0.891229
0.724536
0.358801
0.207500
0.138246
0.136297
-0.235337
-0.461429
-0.541498
-0.724555
-0.925174
-0.554475
0.505157
1.213623
1.620727
2.475268
1.698986
1.039728
-0.048539
-0.389962
-0.948512
-0.772402
-1.146169
-1.537346
-1.627181
-2.401551
