7.470720
7.470720
6.939931
5.971221
4.602476
2.487473
0.372469
-1.211746
-2.353428
-3.028389
-2.900666
-2.900666
-2.871451
-2.203161
-1.902228
-1.169098
-0.504255
0.194697
0.268799
0.253520
-0.009225
-0.305852
-0.502192
-0.704530
-0.778763
-0.647179
-0.561527
-0.450785
-0.670245
-0.623356
-0.662631
-0.714164
-0.543933
-0.245814
0.312096
0.533135
0.690856
0.620012
0.436207
0.423268
-0.036486
-0.153653
-0.263156
-0.298772
-0.608559
-0.562352
-0.324799
-0.270181
-0.269825
0.063073
0.111856
0.367265
0.224331
0.378520
0.388694
0.330527
0.161206
0.061400
0.381154
0.334969
0.319762
0.303606
0.228733
-0.030274
-0.568571
-0.724708
-0.784539
-0.793415
-0.654162
-0.675041
-0.353496
-0.452181
-0.447909
-0.410281
-0.254640
-0.073990
-0.259429
-0.234502
-0.259017
-0.247071
-0.358451
-0.381046
0.027018
0.049657
0.080865
0.261239
0.504260
0.670241
0.627558
0.845007
0.969928
0.984179
0.827568
0.540824
0.443713
0.086772
-0.187927
-0.166247
-0.242674
-0.212544
-0.424088
-0.355346
-0.448161
-0.461624
-0.538191
-0.636158
-0.287907
-0.214252
-0.034140
0.189236
0.286111
0.407095
0.077701
0.016830
-0.059187
-0.092846
-0.378071
-0.451402
-0.259920
-0.311201
-0.340185
-0.187334
-0.287263
-0.164753
-0.374685
-0.324773
-0.136336
0.120649
0.106117
0.118146
0.540342
0.389826
0.346275
0.401461
0.317591
0.248216
0.028288
0.107437
0.196776
0.265032
0.115585
-0.081613
0.099561
-0.042519
-0.034108
0.167162
0.275318
0.364383
0.004997
0.002913
0.043723
0.055393
0.024236
0.118475
0.429546
0.333298
0.195549
0.024873
-0.157357
-0.244090
-0.661984
-0.697058
-0.658986
-0.561079
-0.409075
-0.252501
0.242158
0.372321
0.377463
0.344898
0.356894
0.243553
-0.145502
-0.179897
-0.209750
-0.284577
-0.164126
-0.136183
0.289902
0.336960
0.304789
0.243230
0.345240
0.390619
0.079738
0.173828
0.128789
0.083407
-0.022617
-0.062013
0.226733
0.306252
0.115147
0.167604
0.201675
0.237331
-0.256859
-0.223248
-0.183688
-0.245709
-0.373550
-0.300566
-0.009166
-0.151418
-0.280837
-0.274495
-0.163609
-0.021082
-0.127654
0.163146
0.256888
0.308383
0.352647
0.122949
0.130408
-0.028787
-0.287768
-0.429684
-0.264651
-0.052851
-0.290417
-0.147776
-0.072523
-0.285204
-0.520951
-0.530022
-0.025653
0.114198
0.231094
0.447227
0.557350
0.333870
-0.089273
-0.026104
0.086677
0.198345
0.259085
0.123767
0.354992
0.224365
0.045507
0.180704
0.224453
0.254252
-0.139490
-0.229855
-0.580204
-0.575140
-0.641614
-0.742861
-0.131567
0.265818
0.362397
0.333022
0.570012
0.623139
0.189474
0.200641
0.345161
0.344009
0.012894
-0.099887
0.166326
0.084638
-0.050201
-0.060575
-0.035131
-0.176223
-0.481187
-0.467361
-0.134075
-0.182740
-0.146218
-0.269136
0.007875
-0.336852
-0.282470
-0.125981
0.121553
0.213813
-0.176964
-0.381078
-0.607412
-0.857917
-0.727589
-0.435770
0.173928
0.484661
0.732174
0.662351
0.583319
0.441366
0.067069
0.033889
-0.026498
0.001337
0.095577
0.028674
0.363506
0.449493
0.273702
0.167279
0.031192
-0.207899
-0.626815
-0.537411
-0.441404
-0.310523
-0.027752
-0.011531
0.336980
0.291736
0.256684
0.144593
0.174829
0.114549
-0.131923
-0.099129
-0.103220
-0.172251
-0.165596
-0.229989
0.102576
0.099086
0.099995
0.200809
0.338770
0.517798
0.144701
0.168233
0.145509
-0.031082
-0.279403
-0.307030
0.012164
0.005857
0.027096
-0.067448
-0.009132
-0.104650
-0.485414
-0.437284
-0.193154
-0.180451
-0.183663
-0.108340
0.253770
0.175312
0.200746
0.222590
0.153729
-0.027186
-0.445630
-0.533767
-0.481045
-0.368870
-0.060244
0.034249
0.376393
0.437745
0.414147
0.262280
0.230077
0.292678
-0.017597
-0.077450
-0.029807
0.133286
0.081025
-0.001249
0.342750
0.307430
0.007960
-0.102081
-0.077510
0.045572
-0.263308
-0.104617
0.089317
0.064875
-0.012149
-0.058375
0.220853
0.126918
0.155841
0.090009
0.051043
0.021429
-0.300540
-0.311510
-0.348988
-0.294565
-0.099342
0.108592
0.439315
0.504664
0.551343
0.186931
-0.082097
-0.052897
-0.398739
-0.470219
-0.193560
-0.180823
-0.149808
-0.279296
-0.140850
-0.337608
-0.325485
-0.325663
-0.228554
-0.028693
-0.215550
-0.145482
0.049457
0.300646
0.297074
0.367873
0.754309
0.583774
0.334443
0.312451
0.090626
-0.034685
-0.545647
-0.641420
-0.703085
-0.562189
-0.469398
-0.243562
0.141155
0.201799
0.211929
0.192743
0.248628
0.320796
0.038485
0.052535
0.187222
0.075266
0.037767
0.095055
0.416742
0.271116
0.326976
0.505290
0.414477
0.509419
-0.016957
-0.299936
-0.432157
-0.470355
-0.576291
-0.331056
0.187902
0.164483
0.186544
0.264490
0.226270
0.280795
-0.020321
0.031626
0.065187
0.068283
0.064416
-0.066216
0.153828
-0.008567
-0.236543
-0.304572
-0.293773
-0.131005
-0.453199
-0.316059
-0.474543
-0.358129
-0.493771
-0.579405
-0.070797
0.172128
0.152357
0.283683
0.479155
0.332850
-0.045210
-0.005769
0.073453
0.057276
0.193496
0.192517
0.407691
0.151477
0.161669
-0.076188
-0.086352
0.033564
-0.237143
-0.531387
-0.466311
-0.563513
-0.575031
-0.574708
0.088261
0.275863
0.411674
0.466276
0.515393
0.471858
0.025995
-0.073660
-0.148664
-0.113337
-0.033838
0.017805
0.497636
0.558903
0.513926
0.148434
0.167111
-0.056545
-0.469900
-0.423730
-0.142383
-0.131651
-0.019294
0.041050
0.274877
0.201759
0.112224
0.138081
0.204173
0.312455
0.051332
0.113743
-0.023679
-0.159455
-0.303659
-0.425374
-0.306602
-0.366758
-0.503456
-0.420769
-0.368267
-0.176034
-0.350947
-0.266780
-0.241064
-0.239637
-0.418889
-0.490742
-0.069708
-0.097797
-0.096934
0.129833
0.317527
0.430685
0.254413
0.410916
0.464780
0.506048
0.557443
0.515623
0.698531
0.577183
0.422450
0.219166
0.173436
0.080693
-0.365076
-0.491106
-0.658996
-0.792606
-0.622938
-0.593290
-0.207725
-0.102524
-0.106721
-0.155847
-0.020976
0.182123
0.005658
0.158886
0.284044
0.419653
0.370320
0.365017
0.675050
0.598574
0.357187
0.215310
0.168284
0.069369
-0.510023
-0.631006
-0.592001
-0.732172
-0.611718
-0.376347
-0.045417
-0.142003
-0.045491
0.094052
0.138061
0.264144
0.196883
0.343002
0.189743
0.093224
0.236631
0.215086
0.480329
0.512773
0.553310
0.378696
0.207455
0.136686
-0.414341
-0.575146
-0.593288
-0.523347
-0.561613
-0.425039
-0.039019
0.010719
-0.096505
-0.014135
-0.069824
-0.112284
-0.401695
-0.325154
-0.242672
-0.220637
-0.086218
-0.019895
0.416907
0.405002
0.452573
0.450023
0.441301
0.365755
-0.068724
-0.122228
-0.252431
-0.419594
-0.420881
-0.518521
-0.278688
-0.270337
-0.149804
-0.097391
0.046368
0.185201
0.015996
0.029018
-0.035798
0.076229
0.134612
0.192275
0.632604
0.784451
0.525975
0.407942
0.320944
0.128625
-0.373725
-0.302475
-0.253295
-0.329610
-0.320038
-0.273038
0.150742
0.170600
0.054306
0.291229
0.325967
0.151694
-0.109868
0.131076
-0.016976
-0.038215
0.047618
-0.082220
0.094871
0.014146
-0.040806
-0.041328
0.003755
0.201930
-0.204846
-0.293019
-0.151254
-0.092670
-0.401677
-0.282920
0.230278
0.207870
0.051907
0.271846
0.210879
0.154631
-0.432155
-0.520062
-0.339756
-0.172914
-0.325059
-0.183234
0.280779
0.014628
-0.072064
0.038768
0.061149
0.138608
-0.042840
0.052068
0.183092
0.324628
0.434738
0.438366
0.475104
0.219627
-0.014739
-0.072063
-0.240649
-0.142296
-0.350417
-0.260101
-0.372652
-0.297869
-0.238854
-0.116838
0.270547
0.375740
0.393834
0.553003
0.443950
0.408846
-0.136552
-0.281338
-0.422151
-0.556408
-0.596058
-0.443197
0.005229
0.016993
0.280056
0.577143
0.630176
0.705601
0.312766
0.166650
-0.072514
-0.031462
-0.163607
-0.109088
0.195554
0.111664
-0.141300
-0.102602
-0.113879
-0.046743
-0.359397
-0.246761
-0.241682
-0.192251
-0.296917
-0.151309
0.208278
0.231714
0.174380
0.360766
0.273412
0.087741
-0.323600
-0.385463
-0.318278
-0.239154
-0.004331
-0.003650
0.262087
-0.043219
-0.193479
-0.239921
-0.246801
-0.092077
-0.270671
-0.206396
-0.219811
-0.023082
0.082702
0.075512
0.335309
0.314409
0.122803
0.048248
0.056018
0.155387
-0.060433
0.114451
0.128765
0.257081
0.306425
0.215735
0.487372
0.512012
0.439204
0.120897
0.007144
-0.062308
-0.443335
-0.507707
-0.259933
-0.268458
-0.252901
-0.333314
-0.033035
-0.087383
-0.057064
0.021114
0.185728
0.233651
-0.089748
-0.057529
-0.163503
-0.276278
-0.310442
-0.366763
-0.066469
-0.033114
0.061973
0.158247
0.320062
0.610015
0.303414
0.212872
0.087192
-0.051880
-0.275541
-0.369064
-0.072912
-0.032469
0.031708
0.093897
0.132061
0.204255
-0.235987
-0.389823
-0.281931
-0.182811
-0.355951
-0.308803
0.156993
0.033364
-0.020052
0.168512
0.358714
0.417266
0.042429
0.000351
-0.088958
-0.221305
-0.399703
-0.393742
-0.124146
-0.156854
-0.188224
-0.035877
-0.028778
0.192367
-0.014948
0.083368
0.219383
0.278391
0.160216
0.186843
0.639787
0.658544
0.627621
0.532664
0.492750
0.224576
-0.331861
-0.397988
-0.434589
-0.596704
-0.558357
-0.459452
-0.105190
0.035301
0.229848
0.372695
0.347631
0.167173
-0.229355
-0.328224
-0.382406
-0.597731
-0.372668
-0.353949
0.068095
0.117116
0.282769
0.162148
0.160770
0.145036
-0.194114
-0.116422
0.013928
0.104942
0.109776
0.169772
0.288699
0.111063
0.034920
-0.075161
-0.189022
-0.008211
-0.186603
-0.165448
-0.011368
-0.008587
0.010960
0.031611
0.428853
0.369952
0.451355
0.341790
0.208624
0.157075
-0.130985
-0.189926
-0.254668
-0.211228
-0.148892
-0.213086
-0.001730
0.079086
0.026342
-0.146331
-0.306648
-0.242516
-0.529197
-0.417996
-0.311081
-0.163558
0.049079
0.180549
0.763739
0.962884
0.954543
0.735651
0.584656
0.183922
-0.379986
-0.406601
-0.575329
-0.469437
-0.291297
-0.319389
-0.114779
-0.058528
-0.300573
-0.228578
-0.184258
0.012743
-0.244150
-0.133766
-0.257745
-0.189801
-0.249133
-0.108853
0.358491
0.510793
0.446919
0.401045
0.359955
0.407752
0.052367
0.158592
0.236451
0.213271
-0.048632
-0.207376
-0.226570
-0.399225
-0.528563
-0.259212
-0.233091
0.102980
0.176459
0.517954
0.636899
0.684151
0.702081
0.327710
0.408760
0.083386
-0.012550
-0.129769
-0.104509
-0.284036
-0.681252
-0.773854
-0.761246
-0.719685
-0.486163
-0.325462
0.128971
0.083893
0.234705
0.227134
0.211079
0.294461
0.051481
-0.000390
0.088854
0.190855
0.091132
0.074808
0.355693
0.233413
0.069643
-0.004573
-0.056546
-0.042567
-0.463358
-0.488218
-0.248655
-0.247389
-0.143944
-0.068242
0.356290
0.234288
0.254442
0.202948
0.183009
-0.014577
-0.217906
-0.184553
-0.168705
-0.152981
-0.046321
-0.291349
0.010310
-0.043077
0.048867
0.096175
0.354604
0.360282
-0.019750
-0.149611
-0.199176
-0.416903
-0.495833
-0.351633
0.041622
0.107241
0.253093
0.441240
0.571042
0.636267
0.571079
0.718958
0.774092
0.635210
0.343852
-0.091913
-0.330792
-0.837760
-1.115433
-1.149794
-1.113432
-1.055277
-1.284288
-1.349853
-1.397355
-1.381650
-0.919571
-0.389804
0.322183
0.802155
1.186116
1.200544
1.135614
1.125736
0.837370
0.745796
0.656458
0.747376
0.871200
0.876250
1.136129
1.163101
1.039952
0.691372
0.473900
0.224376
-0.425902
-0.807463
-0.800916
-0.963504
-0.785863
-0.508636
-0.158396
-0.227422
-0.294124
-0.315942
-0.496312
-0.558838
-0.790544
-0.651950
-0.689571
-0.572855
-0.541133
-0.676218
-0.412609
-0.521387
-0.383799
-0.035473
0.250235
0.463775
0.460055
0.509887
0.596458
0.801922
0.961997
0.988581
1.217095
1.046799
0.744443
0.493959
0.230064
-0.050550
-0.819142
-1.214348
-1.309859
-1.421501
-1.603747
-1.505715
-0.845013
-0.764919
-0.493345
0.000113
0.535016
0.786797
0.720997
0.837245
0.897749
0.698913
0.654809
0.443354
0.172681
-0.330319
-0.486732
-0.677750
-0.989766
-0.632627
-0.783186
-0.844597
-0.793696
-0.409958
-0.524249
-0.353639
0.251509
0.404900
0.265746
0.473228
0.477596
0.483124
0.194407
0.384189
0.291302
0.324523
0.152472
-0.052369
0.085770
0.059027
0.029952
0.256057
0.384689
0.314987
-0.133553
-0.366715
-0.572302
-0.740110
-0.572047
-0.438951
0.167914
0.318987
0.428130
0.380156
0.300475
0.355168
-0.152195
-0.270722
-0.357930
-0.245673
-0.283026
-0.226651
0.097159
0.100625
0.031841
-0.106274
-0.062513
0.094985
-0.149357
-0.051769
0.262809
0.167329
-0.017605
-0.001926
0.303362
0.072505
0.210950
0.373132
0.368801
0.363188
-0.054859
-0.187736
-0.270909
-0.466194
-0.441031
-0.400360
-0.085384
-0.108950
0.108367
0.125454
0.205907
0.277250
0.021988
0.008704
0.050563
-0.022878
-0.050125
-0.075544
0.235568
0.109728
0.059881
0.047111
-0.075187
-0.069906
-0.549780
-0.699097
-0.737133
-0.690953
-0.460496
-0.176755
0.457070
0.670757
0.920618
0.789394
0.787302
0.673810
0.123719
-0.159374
-0.313053
-0.628789
-0.648155
-0.866460
-0.523584
-0.526490
-0.369903
-0.412930
-0.109947
0.190493
0.011295
0.174821
0.092147
0.054196
0.014501
-0.067822
0.315578
0.662425
0.697569
0.845673
0.878912
0.444629
-0.035912
-0.121582
-0.321705
-0.383847
-0.083175
-0.268811
0.038255
-0.234819
-0.604514
-0.720432
-0.687600
-0.524739
-0.672437
-0.274942
-0.013962
0.264617
0.415544
0.459106
0.934611
0.972483
0.883868
0.538478
0.345299
0.155356
-0.289741
-0.274918
-0.194905
-0.106094
-0.135128
-0.260759
0.055253
0.166674
0.130345
0.013111
-0.014104
-0.099602
-0.572654
-0.530347
-0.369170
-0.288436
-0.228336
-0.138539
0.319221
0.435075
0.452614
0.629049
0.666923
0.578653
0.173388
0.162442
-0.010947
-0.059057
-0.080140
-0.188666
0.144309
0.132351
0.145780
0.162855
0.096659
0.078327
-0.317047
-0.340230
-0.360334
-0.197870
-0.260731
-0.290557
-0.022957
-0.067381
-0.110442
-0.073152
-0.070608
-0.170204
-0.450279
-0.443076
-0.366775
-0.271092
-0.253220
-0.240159
0.212060
0.223795
0.119434
0.235605
0.356139
0.304948
0.011423
0.167310
0.214669
0.120121
0.082285
-0.051192
0.134478
0.092986
0.007170
0.046419
0.086774
0.126639
-0.066303
0.083733
0.145491
0.143487
0.127464
-0.078100
0.179476
0.170130
0.101098
0.155670
0.282307
0.214613
-0.248758
-0.269379
-0.341769
-0.526837
-0.509447
-0.430708
0.044943
0.173288
0.295691
0.462989
0.369834
0.163614
-0.270344
-0.300967
-0.543081
-0.603230
-0.566298
-0.533307
-0.236971
-0.214381
-0.049000
-0.004420
0.008606
0.260987
0.191208
0.294058
0.328594
0.456474
0.303369
0.189659
0.484849
0.636760
0.395765
0.409091
0.204706
-0.082390
-0.651917
-0.681223
-0.614808
-0.642963
-0.482466
-0.387087
-0.113465
-0.323977
-0.169256
-0.060290
0.087229
0.336154
0.322042
0.521272
0.552081
0.616688
0.602992
0.552756
0.576343
0.330693
0.071108
-0.093662
-0.258100
-0.129794
-0.444172
-0.426668
-0.224276
-0.150981
-0.162395
-0.026402
0.290864
0.118360
-0.110382
-0.231036
-0.343338
-0.264283
-0.429598
-0.174904
-0.043668
-0.029954
-0.017232
-0.078347
0.161796
0.149822
0.245087
0.298918
0.330001
0.385135
0.041665
-0.030794
-0.055014
-0.213320
-0.279231
-0.350764
-0.084224
-0.233217
-0.238836
-0.251253
-0.172513
0.070874
-0.082148
0.092450
0.134592
0.154969
0.038563
-0.020773
0.243076
0.268672
0.361834
0.361462
0.407085
0.366368
-0.025098
-0.166550
-0.150758
-0.227717
-0.106158
-0.094776
0.255218
0.237595
0.270739
0.210012
0.282251
0.203248
-0.107188
-0.074561
-0.060530
-0.160025
-0.119834
-0.220293
-0.096706
-0.279237
-0.416482
-0.552637
-0.576620
-0.572977
-0.794867
-0.659962
-0.514715
-0.352589
-0.116953
0.063077
0.633311
0.821006
0.834993
0.916391
0.907513
0.827255
0.303060
0.180424
0.011414
-0.133913
-0.298682
-0.315438
-0.123913
-0.294920
-0.474855
-0.451298
-0.414544
-0.246487
-0.283940
-0.001613
-0.120284
-0.215740
-0.332619
-0.684349
-0.404075
-0.248922
-0.279999
-0.298542
-0.071013
-0.049319
-0.204329
0.088981
0.451970
0.662263
0.680291
0.536532
0.858917
0.809204
0.747606
0.969704
1.202838
1.293025
0.781932
0.646641
0.505300
0.353141
0.007030
0.016942
0.289153
0.054278
0.012944
0.273872
0.331631
0.342205
-0.030883
-0.236032
-0.518224
-0.648595
-0.808034
-0.794681
-0.370555
-0.242210
-0.308127
-0.079560
-0.023493
-0.012101
-0.313027
-0.189487
-0.041792
0.000716
0.022485
-0.032500
0.305816
0.157946
0.043628
0.023180
0.061919
-0.022284
-0.439106
-0.371323
-0.298521
-0.182247
0.000437
0.114799
0.504098
0.475886
0.482193
0.546397
0.428017
0.336311
0.045335
0.022652
-0.110452
-0.020281
0.067068
-0.036788
0.085019
-0.038759
-0.248288
-0.375513
-0.290585
-0.207888
-0.450774
-0.292435
-0.206765
-0.358582
-0.270710
-0.372066
0.024492
0.120218
0.212427
0.175158
0.261007
0.230206
-0.033250
0.074787
0.237778
0.237486
0.154488
-0.115834
-0.066720
-0.418103
-0.391378
-0.379867
-0.226865
-0.044329
-0.159238
-0.100339
-0.114919
-0.030390
0.136219
0.286889
0.695364
0.902812
0.887138
0.797065
0.471050
0.140717
-0.483790
-0.706596
-0.920769
-0.911741
-0.841305
-0.760613
-0.268082
-0.122714
0.031453
0.221188
0.324057
0.321282
-0.030190
-0.084782
-0.147062
-0.155998
-0.104073
-0.040293
0.267299
0.224725
0.286805
0.387813
0.451016
0.430385
0.113500
-0.022142
-0.185912
-0.430591
-0.378080
-0.294981
0.079178
0.085048
0.268344
0.320989
0.307025
0.362907
-0.088538
-0.235766
-0.300220
-0.510205
-0.736820
-0.714391
-0.155676
-0.059056
0.137809
0.325417
0.503599
0.342611
-0.083456
-0.103704
0.089157
-0.025336
0.039440
0.133048
0.344282
0.049861
0.002502
-0.028057
-0.105902
-0.063868
-0.271168
-0.146111
-0.212634
-0.289760
-0.155351
-0.093736
0.160737
0.250905
0.323177
0.313038
0.320870
0.399399
0.027562
-0.002106
0.010870
-0.064834
-0.184285
-0.173083
0.185693
0.122596
0.110150
0.112330
0.157648
0.145464
-0.270358
-0.367648
-0.286130
-0.377032
-0.326731
-0.281831
0.011303
-0.124210
-0.073597
0.006771
0.101901
0.178059
-0.055002
-0.087077
-0.328182
-0.448267
-0.311734
-0.275992
0.048892
0.149921
0.280271
0.184328
0.168939
0.299770
0.031858
-0.039942
0.055280
0.096648
0.076728
-0.003623
0.406865
0.431863
0.440686
0.278499
0.348354
0.205895
-0.320073
-0.485450
-0.304966
-0.371943
-0.385110
-0.465326
-0.133329
-0.310393
-0.272840
-0.182485
-0.047383
0.052068
-0.023183
0.109314
0.222735
0.331924
0.477382
0.343661
0.557503
0.424658
0.378301
0.178867
0.052710
-0.059427
-0.483118
-0.595745
-0.445133
-0.344481
-0.311524
-0.274517
0.258320
0.264240
0.257067
0.287061
0.258357
0.151260
-0.241711
-0.252493
-0.208970
-0.125290
-0.207453
-0.334720
-0.022649
-0.019842
-0.069463
0.084454
0.242687
0.161703
-0.259199
-0.249258
-0.342486
-0.269029
0.066759
0.329538
0.699958
0.740501
0.754055
0.544425
0.466829
0.347455
-0.180612
-0.452903
-0.626795
-0.790273
-0.694459
-0.604254
-0.229768
-0.138174
-0.177870
-0.087169
0.015298
0.245381
0.138181
0.424598
0.597056
0.598381
0.430106
0.310870
0.471032
0.232448
0.281336
0.384207
0.285300
0.294624
-0.126130
-0.341422
-0.521459
-0.525473
-0.536527
-0.509685
-0.159621
-0.165950
-0.111425
-0.203147
-0.108853
0.002644
-0.216515
-0.209408
-0.176804
-0.272931
-0.316619
-0.382101
0.020322
0.150576
0.194895
0.112633
0.208450
0.191726
-0.095679
-0.011373
0.377513
0.394823
0.388931
0.317173
0.484053
0.189432
-0.078719
-0.023357
-0.103602
0.001838
-0.352737
-0.210781
-0.323345
-0.358213
-0.262607
-0.273868
0.136752
0.152463
0.008314
-0.251705
-0.186925
0.093565
-0.050612
0.330360
0.581129
0.640377
0.346143
0.198061
0.320874
0.176193
0.255269
0.155354
0.051009
-0.133963
-0.448409
-0.589822
-0.334958
-0.315054
-0.104806
-0.213831
0.045170
-0.188120
-0.153634
-0.135879
-0.021353
0.148191
-0.089540
-0.050296
-0.025188
0.076291
0.018342
-0.003442
0.276122
0.238727
0.214184
0.238418
0.167716
0.277943
-0.064904
-0.127153
-0.263865
-0.172466
-0.314851
-0.191846
0.273044
0.473021
0.385739
0.305431
0.125762
-0.146256
-0.763904
-0.812435
-0.731083
-0.792540
-0.607689
-0.484795
-0.039167
-0.017641
0.264089
0.376676
0.420259
0.427889
0.228270
0.163464
0.229527
0.385924
0.251138
0.122156
0.307081
0.025600
-0.198473
-0.077051
-0.058951
0.105796
-0.217221
-0.238020
-0.067297
-0.032715
-0.189858
-0.180399
0.354510
0.311489
0.307816
0.450072
0.496795
0.356332
-0.068324
-0.097072
-0.012592
0.012316
-0.049533
-0.172494
0.030416
-0.241186
-0.464171
-0.437429
-0.391540
-0.189605
-0.459165
-0.308165
-0.320735
-0.219496
-0.187540
-0.060155
0.096264
-0.048929
-0.111117
-0.198134
-0.189983
0.126703
0.016620
0.001089
0.113045
0.078724
0.071688
0.059991
0.397841
0.239135
0.035472
0.004976
-0.051432
-0.035567
-0.171827
0.103009
0.152550
0.341226
0.401415
0.179723
0.341818
0.221171
0.136068
0.234254
0.266547
0.060194
-0.334747
-0.466645
-0.502386
-0.424833
0.027725
0.030644
0.393722
0.284100
0.253604
0.156658
0.253464
0.380404
0.142047
0.190118
-0.023967
-0.196083
-0.283763
-0.452319
-0.269490
-0.221910
-0.201198
-0.312723
-0.242114
-0.263942
-0.435129
-0.207951
0.079216
0.085238
0.354661
0.209637
0.532556
0.425621
0.481821
0.325527
0.433526
0.351060
-0.119581
-0.266937
-0.272316
-0.192242
-0.162395
0.047499
0.504503
0.510126
0.221138
0.094768
-0.031990
-0.127887
-0.402889
-0.181461
-0.137895
-0.123537
-0.127871
-0.260831
0.083965
0.223702
0.381513
0.562953
0.834569
0.888226
0.376236
0.112534
-0.223261
-0.684814
-0.851896
-0.909388
-0.600896
-0.530474
-0.383904
-0.485961
-0.354360
-0.148612
-0.234232
-0.045698
0.137645
0.308730
0.399479
0.338367
0.514923
0.369001
0.170614
-0.164334
-0.264113
-0.246837
-0.469312
-0.412894
-0.241225
-0.240214
-0.186420
-0.230771
0.099044
0.142458
0.148763
0.182918
0.266913
0.325437
-0.088478
-0.084750
-0.118905
-0.107764
-0.226854
-0.085237
0.340461
0.397354
0.152296
0.138420
0.007739
0.009151
-0.368223
-0.171518
-0.101440
-0.044812
0.070960
0.140245
0.264117
0.094431
0.095663
-0.051518
-0.174235
0.006398
-0.082381
-0.037318
0.093413
0.207559
0.152088
0.016424
0.311042
0.251564
0.319301
0.327886
0.327315
0.223031
-0.346712
-0.605838
-0.605291
-0.533501
-0.441349
-0.237678
0.288062
0.370725
0.430766
0.350640
0.274441
0.192561
-0.287731
-0.485687
-0.403742
-0.426823
-0.367356
-0.256798
0.212407
0.213355
0.281613
0.164182
0.161587
0.342817
0.119327
0.255269
0.305175
0.282061
0.042718
-0.202138
-0.041541
-0.014218
0.081620
0.149375
0.289524
0.202751
-0.242109
-0.397076
-0.246876
-0.245675
-0.277986
-0.160499
0.270186
0.136598
0.179531
0.314572
0.301284
0.273951
-0.056679
-0.094581
-0.104463
-0.122446
-0.081227
-0.130454
0.108793
0.085317
0.076948
0.029602
-0.118531
-0.175319
-0.594323
-0.679991
-0.552693
-0.400711
-0.296831
-0.174397
0.323670
0.297831
0.228426
0.167617
0.000706
0.008715
-0.336051
-0.242983
-0.165530
0.040683
-0.102292
-0.254145
0.016978
-0.024812
-0.066995
0.116766
0.235520
0.286267
-0.034323
-0.041026
-0.003609
-0.049405
-0.031316
0.131415
0.484365
0.384483
0.453890
0.402998
0.074743
0.231203
-0.061676
-0.088087
0.023965
0.133463
-0.186541
-0.241877
-0.028650
-0.149177
-0.037716
0.189057
0.178552
0.265556
-0.018854
-0.022185
0.156679
0.236837
0.307016
0.260305
0.535000
0.279303
0.102566
0.055772
-0.023130
-0.077656
-0.405601
-0.396655
-0.414561
-0.303080
-0.154831
-0.108682
0.282149
0.252267
0.197248
0.108126
0.056268
0.130281
-0.145355
-0.087607
-0.111153
-0.175154
-0.246617
-0.325322
0.041010
0.133822
0.209382
0.100960
0.126689
0.031219
-0.345685
-0.373405
-0.235157
-0.139565
0.048246
0.169524
0.569885
0.601987
0.448037
0.377386
0.125774
-0.003923
-0.377585
-0.307377
-0.320443
-0.196203
-0.119975
-0.046455
0.183300
0.014607
-0.011610
-0.064487
-0.224744
-0.090685
-0.284311
-0.247010
-0.298477
-0.270170
-0.264979
-0.238186
0.042427
0.136502
0.173929
0.155490
0.063139
0.099508
-0.257534
-0.267302
-0.191446
-0.255482
-0.308244
-0.174066
0.091486
-0.066188
0.073414
0.248337
0.253009
0.427697
0.260327
0.309817
0.338136
0.320148
0.261710
0.161795
0.402801
0.252320
0.187327
0.113845
-0.052915
-0.340623
-0.700536
-0.764295
-0.671004
-0.525820
-0.256993
-0.359836
0.026063
0.045927
0.065185
0.053735
0.235804
0.236565
0.008670
0.190483
0.174766
0.030025
0.014678
-0.050369
0.168900
0.286348
0.355827
0.453389
0.371944
0.238998
-0.160073
-0.154418
-0.271737
-0.354408
-0.226066
-0.150958
0.183476
0.245658
0.264028
0.158419
0.151667
0.183795
-0.211360
-0.194535
-0.196222
-0.258507
-0.251872
-0.264891
0.138437
0.222766
0.222295
0.125048
0.042484
-0.060401
-0.371453
-0.293806
-0.396187
-0.445931
-0.369863
-0.433029
-0.120169
0.130119
0.403838
0.350054
0.428904
0.350642
-0.007647
-0.037097
0.101206
0.065727
0.245979
0.199384
0.427193
0.280058
0.230818
0.062667
0.045785
0.165861
-0.238913
-0.353101
-0.350659
-0.366261
-0.482539
-0.355190
0.194399
0.340554
0.344971
0.467945
0.440432
0.489626
0.053447
0.102383
0.143820
0.179277
0.034420
-0.050292
0.097431
-0.208185
-0.377564
-0.368335
-0.457766
-0.445564
-0.540881
-0.334818
-0.356066
-0.376107
-0.189137
-0.114685
0.150681
0.157617
0.317375
0.347007
0.292702
0.333154
0.054179
0.051840
-0.010125
-0.178454
-0.192616
-0.050376
0.279204
0.266799
0.401262
0.438049
0.348764
0.337493
0.000380
-0.070300
-0.178596
-0.313500
-0.343197
-0.348761
0.012002
0.064402
0.046913
0.132056
0.149674
0.145349
-0.275903
-0.323097
-0.392037
-0.275485
-0.252779
-0.259198
0.222919
0.334899
0.210173
0.190001
0.396755
0.337827
-0.111247
-0.125241
-0.167046
-0.319807
-0.433345
-0.324406
0.060133
0.119722
0.129368
0.067976
-0.144323
-0.162566
-0.397846
-0.243335
-0.028315
0.141614
0.127296
0.072650
0.261121
0.184390
0.153149
0.198850
0.117810
0.214957
-0.070816
-0.093756
-0.110545
-0.122893
-0.168044
-0.149704
0.188989
0.179432
0.268300
0.122576
0.096074
0.148649
-0.095530
-0.081320
0.215374
0.329264
0.290959
0.377201
0.668315
0.514412
0.462676
0.418528
0.180522
0.105741
-0.352287
-0.467326
-0.417933
-0.511584
-0.536529
-0.409858
-0.090750
-0.167163
-0.088978
-0.125087
-0.264339
-0.220614
-0.532447
-0.515521
-0.426969
-0.322004
-0.203988
-0.083497
0.236298
0.231989
0.190207
0.288147
0.344287
0.388803
0.166528
0.281923
0.294706
0.120594
0.079167
-0.070480
0.199413
-0.012193
-0.109044
-0.225299
-0.228935
-0.225328
-0.595244
-0.529830
-0.332139
-0.198433
-0.264552
-0.212762
0.180521
0.153907
0.049401
0.269107
0.480756
0.611517
0.345114
0.438809
0.337044
0.112071
-0.032990
-0.150731
0.034512
-0.132547
-0.235030
-0.264338
-0.346447
-0.160582
-0.266951
-0.024977
0.163434
0.290451
0.301797
0.139739
0.247112
0.021443
-0.000870
-0.133779
-0.044864
0.026730
-0.239582
-0.253565
-0.138684
-0.252495
-0.442254
-0.628488
-0.311045
-0.454965
-0.398143
-0.071981
0.257027
0.342741
0.240732
0.440092
0.279694
0.168640
0.127084
-0.009626
0.112061
0.189997
0.270543
0.311565
0.123425
0.074972
-0.339613
-0.433191
-0.356269
-0.122223
0.005564
0.039687
0.452485
0.404592
0.423939
0.408100
0.430162
0.327535
-0.029477
-0.143497
-0.140973
-0.088533
-0.128917
-0.192413
0.049108
-0.074437
-0.154494
-0.023124
0.002619
0.147510
-0.036180
0.072959
-0.019118
0.013961
-0.015264
-0.129116
0.113989
0.145810
0.014574
0.022747
0.039156
0.051830
-0.238907
-0.148156
-0.320011
-0.170015
-0.133086
-0.120169
0.165430
0.263052
0.193835
0.248368
0.218678
0.374762
0.081826
0.028210
-0.012851
-0.039534
-0.189139
-0.323704
0.026474
-0.026356
-0.050354
-0.029859
0.002421
0.006575
-0.351230
-0.341140
-0.278118
-0.099707
-0.167598
-0.199953
0.002842
-0.188254
-0.181754
-0.132441
-0.039910
0.134424
0.078498
0.114829
0.064276
0.060395
-0.046901
-0.225694
0.067330
0.208528
0.320103
0.442883
0.517619
0.429903
-0.017986
-0.189177
-0.225125
-0.373313
-0.322707
-0.276076
0.098000
0.098019
0.132372
0.131467
0.157312
0.079030
-0.223975
-0.102827
-0.184085
-0.365597
-0.339383
-0.497795
-0.162393
-0.116126
-0.200225
-0.288459
-0.178909
-0.070791
-0.393216
-0.162966
0.006073
0.177572
0.244936
0.348524
0.789436
0.867342
0.685472
0.437676
0.317435
0.147346
-0.100215
0.118054
0.199656
0.218240
0.286275
0.021215
0.145992
0.100067
-0.010293
-0.108097
-0.194250
-0.281079
-0.621128
-0.535044
-0.496569
-0.348750
-0.134121
-0.183264
0.166756
0.239453
0.203271
0.083916
0.219574
0.273014
0.026199
0.192568
0.154096
0.062913
-0.130732
-0.381925
-0.200222
-0.123011
-0.115090
0.031064
0.127594
0.197397
-0.128388
-0.063516
-0.144231
-0.048668
-0.107759
-0.097225
0.055244
0.030410
-0.127387
-0.110761
-0.182524
0.004296
-0.279515
-0.234207
-0.304331
-0.277729
-0.328671
-0.286523
0.276410
0.535110
0.539037
0.568133
0.727392
0.706215
0.200891
0.205927
0.139911
-0.069875
-0.238777
-0.246887
0.153769
0.278834
0.356706
0.340273
0.208240
0.012630
-0.505077
-0.605313
-0.634348
-0.487107
-0.433810
-0.277360
0.171457
0.313398
0.228793
0.438266
0.388957
0.353931
0.084752
0.287982
0.111001
0.037162
-0.030822
-0.202201
0.042060
0.148052
0.168638
0.140959
-0.065912
-0.451287
-0.890166
-0.893502
-0.918329
-0.810351
-0.533848
-0.343672
0.157242
0.432393
0.582562
0.682666
0.584655
0.487914
0.125718
0.213679
0.146805
0.105998
0.004849
-0.080210
0.168670
0.242952
0.303375
0.489927
0.366533
0.354973
-0.100428
-0.253125
-0.390355
-0.216192
-0.244517
-0.168796
0.273743
0.353260
0.327238
0.295256
0.225579
0.085678
-0.426295
-0.623224
-0.808050
-0.835515
-0.762891
-0.642089
-0.091282
0.212754
0.289962
0.283778
0.315493
0.270518
-0.045444
0.045077
0.237702
0.304413
0.364184
0.197207
0.269773
-0.016547
-0.213077
-0.382116
-0.421507
-0.242298
-0.315669
-0.114057
0.027820
0.213601
0.336311
0.160162
0.386479
0.321755
0.159644
-0.022654
-0.060187
-0.140741
-0.620318
-0.671638
-0.636025
-0.515114
-0.468880
-0.248066
0.373022
0.546637
0.504146
0.489360
0.271628
0.034172
-0.417424
-0.413176
-0.316761
-0.144949
0.114359
0.266634
0.717449
0.840826
0.803707
0.718993
0.491962
0.336036
-0.115367
-0.130571
-0.212486
-0.164958
-0.295126
-0.488432
-0.281004
-0.397084
-0.500044
-0.421389
-0.339314
-0.167031
-0.197762
0.058745
0.260930
0.520967
0.665044
0.490303
0.669723
0.561677
0.326185
0.199679
0.143882
0.081903
-0.318347
-0.318746
-0.367965
-0.463668
-0.487781
-0.555190
-0.257719
-0.301824
-0.250149
-0.251380
-0.123356
0.092892
-0.191579
-0.097805
0.015206
0.186849
-0.010167
-0.031130
0.260480
0.231012
-0.049891
-0.053488
-0.096892
-0.066306
-0.399273
-0.310173
-0.244371
-0.179194
-0.172493
-0.108992
0.325430
0.398009
0.476142
0.615846
0.684743
0.711846
0.246289
0.101316
0.017765
-0.067629
-0.216821
-0.083685
0.159702
-0.062390
-0.223947
-0.167570
-0.289881
-0.222043
-0.457585
-0.413306
-0.406551
-0.282797
-0.113665
0.006361
0.490118
0.527415
0.420913
0.280373
0.249678
0.324582
-0.058106
-0.092147
-0.020987
0.033739
-0.197192
-0.204280
0.120268
0.060464
-0.020860
-0.043194
-0.060559
-0.125890
-0.450376
-0.501666
-0.400468
-0.337828
-0.192794
-0.130064
0.302994
0.348124
0.413737
0.448341
0.394444
0.377700
0.096781
0.093093
0.055584
0.150238
0.139276
0.007777
0.157353
0.116352
0.042469
-0.066123
-0.039117
0.047559
-0.210381
-0.155415
-0.068907
-0.081477
-0.209732
-0.334639
0.014520
0.094549
0.037990
-0.096332
-0.242174
-0.420563
-0.858554
-0.845781
-0.558290
-0.331938
-0.037676
0.153685
0.513635
0.459526
0.479048
0.358125
0.200391
0.198674
-0.010244
0.046607
0.045513
0.030309
0.051959
-0.164653
0.056227
-0.012248
0.003793
-0.001014
0.259637
0.386216
-0.111867
-0.276044
-0.373607
-0.664082
-0.758108
-0.669716
-0.099875
0.118625
0.287523
0.365503
0.481662
0.392920
-0.048125
-0.074956
0.035842
0.146615
0.233127
0.292549
0.637309
0.442876
0.322494
0.247623
0.178694
0.211718
0.034807
0.123877
0.200158
0.290783
0.255189
0.030788
0.084208
-0.140850
-0.269029
-0.476537
-0.473747
-0.285922
-0.478472
-0.427725
-0.327215
-0.339213
-0.403995
-0.315480
0.177274
0.434483
0.644686
0.746429
0.629922
0.517821
0.085772
0.033613
-0.016766
0.021256
-0.080598
-0.292753
-0.119652
-0.198725
-0.270683
-0.194368
-0.013044
0.080523
-0.266370
-0.256106
-0.288104
-0.317228
-0.212895
-0.050658
0.364808
0.444563
0.389627
0.249823
0.180367
0.180339
-0.226190
-0.176744
-0.208059
-0.267589
-0.400106
-0.453135
-0.143212
-0.110283
-0.138520
-0.062163
-0.047356
-0.103847
-0.383072
-0.262955
-0.066712
0.071760
0.212368
0.254080
0.669609
0.622942
0.435459
0.312186
0.245630
0.014373
-0.484617
-0.480789
-0.459639
-0.521661
-0.317019
-0.154300
0.274263
0.371257
0.448148
0.398132
0.324564
0.214578
-0.064142
-0.030278
0.027938
0.021211
0.148042
0.070838
0.448681
0.469437
0.303069
0.167089
0.012460
-0.185333
-0.750539
-0.684339
-0.489351
-0.322061
-0.355463
-0.293911
-0.043389
-0.250967
-0.290966
0.018966
0.126877
0.249079
0.057745
0.086922
-0.121048
-0.254954
-0.330057
-0.279809
0.060993
0.141897
0.292361
0.485359
0.525901
0.510993
0.042262
-0.133350
-0.257849
-0.430127
-0.508173
-0.478907
0.019910
0.135324
0.251816
0.311521
0.489444
0.482042
0.011082
-0.096320
-0.075818
-0.170500
-0.347049
-0.351048
0.007956
-0.027167
-0.017235
0.100069
0.178603
0.068235
-0.212816
-0.240960
-0.230560
-0.132717
0.055581
-0.015798
0.327392
0.319656
0.257686
0.228358
0.219693
0.138668
-0.121451
-0.102349
-0.109206
-0.025087
-0.042334
-0.060443
0.219049
0.227674
0.136810
0.246820
0.113702
0.108300
-0.252946
-0.214408
-0.265804
-0.240144
-0.268634
-0.267443
-0.117408
-0.286810
-0.383213
-0.308258
-0.263283
-0.070037
-0.141626
0.039992
-0.031759
0.025565
0.057489
0.061733
0.382350
0.428685
0.379056
0.249121
0.129069
0.113927
-0.298983
-0.447737
-0.375772
-0.286777
-0.234072
-0.087265
0.379626
0.487181
0.496663
0.543186
0.328063
0.397340
0.007960
-0.013378
-0.051216
-0.093027
-0.266755
-0.270331
-0.012846
-0.107952
0.010871
0.086465
0.059593
0.125885
-0.088446
0.051227
-0.069978
-0.168520
-0.288003
-0.304159
-0.139837
-0.036307
0.030106
0.180708
0.099566
0.251480
-0.052801
-0.020673
-0.026820
-0.093280
-0.113827
-0.069222
0.354609
0.425843
0.525798
0.461577
0.384705
0.369100
-0.013605
-0.008489
-0.127665
-0.186137
-0.382362
-0.452837
-0.282403
-0.288735
-0.255034
-0.124578
-0.038333
0.208876
0.194210
0.396842
0.434162
0.286352
0.132269
-0.124858
0.128432
0.197468
0.255270
0.235825
0.245776
0.235659
-0.219144
-0.191272
-0.191465
-0.112075
-0.113159
-0.056059
0.200305
0.223440
0.162673
0.077705
-0.027924
-0.039292
-0.412143
-0.485917
-0.509493
-0.503518
-0.591326
-0.505328
0.112989
0.340751
0.365869
0.588993
0.542328
0.312558
-0.132287
-0.061894
-0.205155
-0.109946
-0.037635
-0.164410
0.191045
0.330735
0.267478
0.127834
0.072456
0.012912
-0.357703
-0.347841
-0.279637
-0.218334
-0.231412
-0.241888
0.082757
0.124021
0.061418
0.089050
0.183393
0.259305
-0.020080
0.120606
0.188355
0.151559
0.134915
0.074950
0.366901
0.292743
0.115639
0.158115
0.228382
0.144826
-0.294656
-0.313001
-0.630748
-0.708902
-0.666426
-0.613549
-0.163793
0.046188
-0.016160
-0.073550
0.049262
0.187242
-0.123118
-0.074595
0.007624
0.048515
0.013823
0.064366
0.575843
0.738706
0.738847
0.653294
0.650249
0.481329
-0.086675
-0.361141
-0.391133
-0.460858
-0.563406
-0.692310
-0.259096
-0.275561
-0.309897
-0.230218
-0.106649
-0.049999
-0.269719
-0.160993
-0.042771
0.109172
0.455234
0.555505
0.831748
0.789241
0.691449
0.361058
0.159849
0.032404
-0.344899
-0.390952
-0.554109
-0.516547
-0.467897
-0.437309
0.088874
0.340214
0.245207
0.245916
0.289094
0.233263
-0.183452
-0.070927
0.007013
-0.134671
-0.179310
-0.166775
0.062307
-0.031548
-0.006780
-0.011523
-0.064827
0.052721
-0.271199
-0.248280
-0.309105
-0.417401
-0.626707
-0.593707
-0.091333
0.119305
0.332706
0.429873
0.464162
0.415171
0.060192
0.056635
0.141347
0.165547
0.027677
-0.051259
0.180610
0.177149
0.124577
0.230172
0.124625
0.070871
-0.188465
-0.094186
-0.003817
0.080736
0.142252
0.107325
0.436275
0.343694
0.226943
0.177320
0.114364
-0.002123
-0.384327
-0.288415
-0.171791
-0.263296
-0.311859
-0.382589
-0.111577
-0.194151
-0.122036
-0.039121
0.008787
0.089445
-0.172427
-0.106119
-0.102134
-0.127206
-0.154073
-0.205795
0.155054
0.227369
0.247487
0.312041
0.317586
0.320862
-0.055916
-0.063640
-0.103228
-0.216073
-0.374140
-0.406795
-0.096389
-0.191054
-0.085794
0.089246
0.208449
0.371253
0.238491
0.324348
0.286967
0.305629
0.199796
0.072884
0.238590
0.096192
-0.172425
-0.271263
-0.282966
-0.086363
-0.299892
-0.126859
-0.063408
-0.105220
-0.208272
-0.285100
0.026578
0.108026
0.243358
0.233118
0.238808
0.209883
-0.250784
-0.429243
-0.352284
-0.254927
-0.232222
-0.060231
0.415652
0.366351
0.329368
0.385833
0.303044
0.305325
-0.009882
0.036867
0.028016
0.093708
0.165435
0.068989
0.255390
0.108383
-0.077576
-0.391217
-0.481397
-0.436868
-0.601591
-0.428307
-0.139859
0.123968
0.180656
0.164610
0.469864
0.411943
0.161185
0.184801
0.137637
0.125469
-0.132993
0.094416
0.019091
-0.000960
-0.118861
-0.274635
-0.206693
-0.345252
-0.438576
-0.254575
-0.067708
0.126652
-0.018973
0.083952
-0.001762
-0.031344
-0.015537
0.161151
0.472461
0.467290
0.463718
0.510171
0.449462
0.540505
0.088656
-0.132554
-0.361414
-0.515910
-0.556681
-0.458453
0.062306
0.284895
0.412571
0.316795
0.382803
0.373761
-0.119266
-0.289730
-0.169133
-0.342726
-0.498216
-0.572156
-0.287496
-0.405561
-0.231605
-0.145205
-0.063992
-0.034556
-0.272906
-0.303800
-0.289009
-0.127187
0.044725
0.178630
0.592961
0.705388
0.645674
0.475786
0.270036
0.192896
-0.271837
-0.312781
-0.216715
-0.135517
-0.077087
-0.132885
0.176357
0.170639
0.046723
-0.138868
-0.146876
-0.160147
-0.485494
-0.359651
-0.016500
0.207422
0.229592
0.203060
0.487142
0.257187
-0.009306
0.129670
0.027817
0.021481
-0.271145
-0.174859
-0.375546
-0.275994
-0.260295
-0.274973
0.060117
0.166628
0.217092
0.317961
0.414019
0.598981
0.241162
0.206560
0.078799
-0.111392
-0.283685
-0.348802
-0.086499
-0.091649
-0.142233
-0.173143
-0.148125
-0.161159
-0.475613
-0.384157
-0.331167
-0.359763
-0.321287
-0.305981
0.152698
0.244955
0.363390
0.397724
0.360410
0.231001
-0.067815
-0.013054
0.170458
0.372405
0.426923
0.280155
0.494986
0.327711
0.058733
-0.109958
-0.256555
-0.247671
-0.549380
-0.405280
-0.244342
-0.158809
-0.104979
-0.109016
0.267234
0.307957
0.414577
0.443285
0.540669
0.447538
0.067259
-0.006544
-0.124185
-0.283533
-0.410724
-0.505613
-0.175076
-0.153751
-0.214168
0.010209
0.215676
0.261611
0.046776
0.227855
0.128887
-0.041957
-0.119588
-0.248671
-0.001277
0.051928
0.003829
0.113369
0.150381
0.156255
-0.304602
-0.269702
-0.362261
-0.508111
-0.596265
-0.529745
-0.109188
-0.037084
0.132625
0.143130
0.177028
0.184119
-0.055683
-0.006505
0.184624
0.301849
0.189118
0.096960
0.367513
0.265093
0.195826
0.334229
0.444764
0.487572
0.124661
0.100106
0.037859
-0.138977
-0.167228
-0.244618
0.006843
0.000272
0.029580
-0.122720
-0.047142
-0.062270
-0.427572
-0.453354
-0.404239
-0.366098
-0.305683
-0.259820
0.117035
0.194172
0.243732
0.293596
0.427088
0.345208
-0.019964
-0.137244
-0.139117
-0.197491
-0.119482
-0.084303
0.261005
0.213560
0.120349
0.230198
0.260757
0.185645
-0.164263
-0.192482
-0.318435
-0.400756
-0.295233
-0.319693
-0.009594
-0.034048
0.066940
0.115928
0.214941
0.290593
-0.014286
-0.144855
-0.140169
-0.194110
-0.186904
-0.273391
0.120499
0.043963
0.057250
0.018101
0.250211
0.342304
0.074280
0.039462
0.150937
-0.024921
-0.137760
-0.196521
0.144247
0.067292
0.106731
0.279962
0.342406
0.224478
-0.175472
-0.260523
-0.504581
-0.561445
-0.306185
-0.183525
0.216400
0.287979
0.156843
-0.150050
-0.218255
-0.265258
-0.571277
-0.455827
-0.300426
-0.344630
-0.286134
-0.274324
0.162111
0.250273
0.296338
0.392291
0.494974
0.520363
0.276421
0.393241
0.378938
0.292165
0.126948
0.006277
0.154222
0.013169
-0.010637
0.101040
0.230210
0.347843
0.022689
-0.049448
-0.111971
-0.302310
-0.333527
-0.279084
0.142994
0.180424
0.068277
0.052434
-0.010542
0.041044
-0.319409
-0.195515
-0.245895
-0.218243
-0.257123
-0.140680
0.222710
0.263808
0.311469
0.319443
0.133234
0.019536
-0.263296
-0.238055
-0.229999
-0.114132
-0.089246
-0.211957
0.000885
-0.093756
-0.146330
0.068459
0.193649
0.250134
-0.034557
-0.047349
-0.256505
-0.416853
-0.327103
-0.255417
0.037707
0.059951
0.099964
0.010600
-0.065281
0.020987
-0.131912
0.118928
0.269020
0.283015
0.347621
0.191696
0.478205
0.495060
0.506235
0.445518
0.425487
0.206108
-0.259959
-0.248027
-0.374539
-0.361961
-0.260256
-0.273531
-0.044133
0.001084
0.074928
0.168073
-0.035162
0.020745
-0.310375
-0.384441
-0.495436
-0.361373
-0.468215
-0.548078
-0.192398
-0.185365
-0.121978
0.053225
0.205053
0.293621
0.086784
0.191819
0.247692
0.290589
0.292520
0.253630
0.523633
0.432535
0.412352
0.437471
0.352529
0.322042
-0.199330
-0.397917
-0.560900
-0.623083
-0.729175
-0.547921
-0.013916
0.097407
0.251041
0.363521
0.424293
0.453077
0.087448
0.012471
0.058669
0.032940
-0.063195
-0.125109
0.174100
0.128526
0.023351
-0.054087
-0.021825
0.009859
-0.374484
-0.347784
-0.208127
-0.189497
-0.209824
-0.194188
0.150226
0.102508
0.062163
0.116982
0.174236
0.210363
-0.048949
0.046914
0.087814
0.095356
0.211816
0.221974
0.446622
0.332551
0.269082
0.200241
0.179874
0.138141
-0.302258
-0.417095
-0.597511
-0.604011
-0.551596
-0.351134
0.101198
0.178095
-0.105958
-0.337431
-0.600912
-0.562729
-0.863058
-0.672734
-0.352205
-0.053415
0.088970
0.176811
0.707716
0.811231
0.764486
0.671963
0.546596
0.489942
0.042034
0.015379
0.041199
-0.000070
-0.164598
-0.327490
-0.188934
-0.460027
-0.506163
-0.446691
-0.258184
-0.121226
-0.185663
0.023870
0.082459
0.128185
0.200821
0.195702
0.522562
0.566806
0.453478
0.348254
0.138120
-0.029658
-0.571161
-0.700841
-0.641168
-0.447124
-0.274396
-0.143806
0.441742
0.598197
0.540359
0.537948
0.343293
0.115570
-0.395287
-0.407603
-0.487806
-0.260433
-0.145794
0.009959
0.190946
0.062290
0.056092
0.164444
0.118810
0.120462
-0.145775
-0.286768
-0.412905
-0.510921
-0.303467
-0.233912
0.175713
0.192522
0.257935
0.238082
0.170556
0.309171
-0.052919
-0.143836
-0.114674
0.057463
-0.030961
-0.052267
0.273350
0.172933
-0.127407
-0.211513
-0.165100
-0.143240
-0.390667
-0.156509
-0.028012
0.086376
0.175904
0.065276
0.227210
0.044604
-0.096985
-0.302469
-0.348281
-0.193963
-0.230857
-0.043302
0.167722
0.386220
0.527029
0.461618
0.607022
0.531314
0.412533
0.259140
0.056461
0.069423
-0.400385
-0.590494
-0.682089
-0.612198
-0.470253
-0.260501
0.360180
0.535626
0.553511
0.445220
0.411306
0.382036
-0.064709
-0.162429
-0.239120
-0.387466
-0.502070
-0.468908
-0.150220
-0.168881
-0.059557
0.134819
0.172585
0.462063
0.209403
0.231179
-0.003314
-0.084925
-0.313259
-0.375098
-0.049076
0.085598
-0.111710
-0.272698
-0.342226
-0.152508
-0.508191
-0.274670
0.160975
0.365003
0.339237
0.341084
0.635688
0.356005
0.254662
-0.207358
-0.426036
-0.432753
-0.676296
-0.637794
-0.280155
0.012146
0.187392
0.216902
0.550525
0.522065
0.385182
0.458255
0.421076
0.390398
-0.038487
-0.063786
-0.327401
-0.509540
-0.410157
-0.355533
0.051326
0.123350
0.297958
0.382247
0.453386
0.424186
-0.007336
-0.147740
-0.332660
-0.522219
-0.571454
-0.680914
-0.321361
-0.328379
-0.216873
-0.118043
0.190988
0.394854
0.152327
0.212159
0.257975
0.210049
0.042921
-0.182875
0.078977
0.073583
-0.069357
0.238527
0.325213
0.419171
0.178075
0.304411
0.141380
0.280821
0.248517
0.150039
0.322318
0.140030
0.022735
-0.086117
-0.239000
-0.125827
-0.362028
-0.306956
-0.242483
-0.102205
-0.128749
-0.176510
0.064062
-0.018748
-0.110410
-0.193849
-0.320952
-0.364188
-0.769142
-0.872761
-0.634829
-0.409473
-0.194895
0.083780
0.842977
1.002425
1.098477
1.283291
1.247488
1.040079
0.339061
0.159417
-0.233102
-0.481580
-0.703675
-0.888153
-0.702001
-0.715535
-0.808030
-0.623005
-0.335755
0.029102
-0.050552
0.360467
0.569109
0.599019
0.317882
-0.003438
0.067044
-0.276633
-0.496290
-0.430110
-0.206541
0.068873
-0.094470
0.117250
-0.014726
-0.016471
-0.116375
-0.181913
0.143936
0.349272
0.344082
0.430321
0.412642
0.369170
-0.112667
-0.228028
-0.430476
-0.407526
-0.548247
-0.544415
-0.201647
-0.247710
-0.233744
-0.086524
-0.032611
0.163541
-0.076226
-0.096846
-0.023402
0.141621
0.206097
0.387436
0.899307
0.982345
0.993705
0.889849
0.579445
0.231603
-0.326561
-0.529497
-0.612499
-0.618708
-0.505880
-0.449297
-0.034800
0.014763
0.092133
0.114540
0.174563
0.158419
-0.215874
-0.188898
-0.211269
-0.267284
-0.346800
-0.289393
0.012828
0.023922
0.044471
0.127552
0.177662
0.339187
0.007989
-0.043737
-0.100389
-0.274885
-0.480714
-0.411642
0.107630
0.319438
0.213141
0.157759
-0.022280
-0.184982
-0.596925
-0.323580
0.006281
0.411351
0.502499
0.364019
0.502703
0.177221
-0.074765
-0.044910
0.035974
0.239949
0.096918
0.086932
-0.018371
0.022737
-0.016658
-0.029244
0.259537
0.273548
0.228105
0.057125
-0.048105
0.022675
-0.356027
-0.408249
-0.371195
-0.353644
-0.369887
-0.288069
0.089329
0.215871
0.365145
0.294842
0.170712
0.010045
-0.490396
-0.690019
-0.550194
-0.383473
-0.180952
-0.108566
0.368722
0.321062
0.348324
0.364190
0.449001
0.513913
0.209675
0.109791
0.010095
-0.119028
-0.208786
-0.206827
0.118900
0.164379
0.233360
0.191775
0.197461
0.175231
-0.109795
-0.021317
-0.082867
-0.172582
-0.277177
-0.384018
-0.140923
-0.082524
-0.247975
-0.304836
-0.380268
-0.232901
-0.531833
-0.314601
-0.118623
-0.000906
-0.013546
0.008417
0.374811
0.424897
0.431528
0.405218
0.311970
0.261933
-0.038562
-0.006858
-0.111625
-0.192843
-0.123043
-0.303743
-0.055116
-0.085637
0.071998
0.068361
0.203380
0.542463
0.352767
0.466875
0.416528
0.356255
0.072575
-0.027044
0.062929
-0.040232
-0.146891
-0.082243
-0.026441
0.064830
-0.194186
-0.106094
-0.044672
-0.064428
0.044581
0.013009
0.268819
0.066390
-0.056625
-0.170204
-0.220982
-0.257062
-0.613165
-0.625996
-0.667181
-0.618182
-0.329233
-0.070647
0.490797
0.733388
0.968839
0.819776
0.525059
0.470295
-0.104226
-0.479736
-0.594166
-0.390447
-0.577938
-0.524737
0.099665
0.313674
0.144687
0.076580
0.015571
-0.134069
-0.530581
-0.382753
-0.196170
-0.099966
0.028764
0.001242
0.268764
0.245509
0.276754
0.341204
0.323918
0.255852
-0.090028
-0.187739
-0.477428
-0.499502
-0.335505
-0.213127
0.161174
0.266923
0.306597
0.226431
0.188548
0.298328
-0.090947
-0.171156
-0.171156
-0.269938
-0.341598
-0.253034
0.217077
0.298614
0.351549
0.339876
0.391083
0.346859
-0.021053
-0.039491
-0.014750
-0.098919
-0.192638
-0.261182
0.045097
0.014662
-0.008228
-0.000291
0.108228
0.148575
-0.127281
0.001720
0.180664
0.223201
0.433113
0.403797
0.613645
0.416970
0.019989
-0.220689
-0.329488
-0.361879
-0.721421
-0.670686
-0.818852
-0.941356
-0.901983
-0.871677
-0.285767
-0.006031
0.225506
0.315669
0.572953
0.810566
0.564812
0.735633
0.781138
0.689428
0.416014
0.275816
0.321879
0.177802
0.063917
0.101792
-0.004707
-0.010557
-0.340032
-0.426441
-0.567497
-0.649076
-0.665335
-0.715636
-0.329789
-0.236166
-0.025955
0.164670
0.336392
0.429956
0.068795
-0.045200
-0.069302
-0.143361
-0.160052
-0.184541
0.112282
-0.026763
-0.136907
-0.177973
-0.102933
-0.121592
-0.370112
-0.282630
-0.256639
-0.202973
-0.053073
0.007563
0.433111
0.492790
0.504259
0.574095
0.612133
0.563730
0.178668
0.084871
-0.025844
-0.255881
-0.213788
-0.178844
0.038937
-0.124799
0.010535
0.032405
0.047946
0.161368
-0.120515
-0.289266
-0.404455
-0.433279
-0.428284
-0.203110
0.527333
0.795069
0.812302
0.901495
0.714688
0.426269
-0.192033
-0.256505
-0.366462
-0.427422
-0.332133
-0.300951
-0.097201
-0.187694
-0.026655
-0.005531
0.060477
0.192600
0.066160
0.091500
-0.059034
-0.161734
-0.233779
-0.408291
-0.156838
-0.092321
-0.039847
-0.031775
0.021197
0.053897
-0.297629
-0.322531
-0.245396
-0.256429
-0.153742
-0.043057
0.333985
0.399698
0.436026
0.360438
0.382798
0.368974
0.152952
0.325219
0.431025
0.427257
0.450500
0.186254
0.249338
0.020951
-0.227437
-0.455851
-0.514203
-0.552565
-0.721689
-0.507057
-0.341526
-0.395033
-0.303576
-0.458683
-0.212018
-0.182362
-0.095622
0.117175
0.321954
0.413122
0.095938
0.243621
0.233630
0.263000
0.188667
0.177863
0.702466
0.807282
0.752027
0.945435
0.917437
0.614615
-0.171858
-0.541190
-0.814030
-0.762563
-0.885774
-0.843012
-0.418490
-0.470187
-0.491444
-0.301111
-0.138073
0.002471
-0.191893
-0.222416
-0.172606
0.040236
0.178328
0.278093
0.700766
0.709492
0.491766
0.419984
0.354778
0.293819
-0.182287
-0.278169
-0.490228
-0.522403
-0.652473
-0.578823
-0.105488
0.126815
0.104619
0.176410
0.250048
0.227837
0.079556
0.372717
0.607646
0.663252
0.623032
0.353132
0.353219
0.083375
-0.138079
-0.251180
-0.226335
-0.236922
-0.549844
-0.531611
-0.601164
-0.653894
-0.668184
-0.627454
-0.170688
0.098150
0.130246
0.262026
0.473249
0.498532
0.150262
0.227504
0.252594
0.184114
0.115446
0.192347
0.551083
0.539713
0.348872
0.147475
-0.120168
-0.304756
-0.788383
-0.777216
-0.632717
-0.479480
-0.307293
-0.242195
0.122418
0.138349
0.143918
0.164613
0.253030
0.390120
0.179602
0.223495
0.363693
0.360197
0.328711
0.206578
0.404193
0.097668
0.009675
-0.056750
-0.019768
0.138078
-0.134408
-0.079413
-0.057929
-0.231005
-0.454011
-0.605624
-0.425756
-0.516650
-0.381932
-0.060585
0.198301
0.438494
0.220296
0.254981
0.120026
0.011502
-0.130618
-0.167594
0.114667
0.011187
-0.025508
-0.057290
-0.065485
0.117764
-0.125009
-0.053818
0.099708
0.137424
0.062709
0.101776
0.449365
0.396619
0.363562
0.271354
0.111283
0.087744
-0.371842
-0.479711
-0.512767
-0.637616
-0.738942
-0.745811
-0.278618
-0.182188
-0.030319
-0.045537
0.064325
0.146745
-0.071724
0.108571
0.380307
0.410202
0.368353
0.289836
0.473194
0.336216
0.291769
0.185187
0.115924
0.032373
-0.246811
-0.254837
-0.250231
-0.287415
-0.289833
-0.256784
0.171814
0.323249
0.392658
0.479125
0.321535
0.222280
-0.242632
-0.297448
-0.221989
-0.174794
-0.121660
-0.056333
0.308862
0.268158
0.301442
0.309336
0.296878
0.232890
-0.159220
-0.264682
-0.347712
-0.493787
-0.579798
-0.617268
-0.277816
-0.255658
-0.170650
-0.044313
0.032535
0.145588
-0.097492
0.009081
0.096237
0.272351
0.372063
0.274964
0.490173
0.421388
0.096507
-0.244671
-0.389578
-0.456842
-0.851769
-0.761524
-0.466840
-0.112636
0.067160
0.157287
0.707196
0.779997
0.651272
0.699959
0.713997
0.548629
0.089258
0.078709
-0.006274
0.066709
-0.016030
-0.174449
-0.027267
-0.166777
-0.259912
-0.148992
0.014685
0.154503
-0.087003
-0.114871
-0.159100
-0.252486
-0.303324
-0.317526
0.015654
0.066471
0.043020
-0.035407
-0.109649
-0.076771
-0.484918
-0.515738
-0.448692
-0.365892
-0.422060
-0.352977
0.180672
0.348149
0.473521
0.585185
0.599117
0.499210
0.148353
0.064421
0.003849
-0.104753
-0.052797
-0.111654
0.256723
0.329535
0.395187
0.315058
0.330854
0.328336
-0.002199
0.113617
0.093135
-0.006206
-0.195984
-0.317631
-0.144708
-0.134921
-0.149011
-0.189011
-0.331650
-0.331983
-0.674493
-0.650336
-0.512155
-0.294317
-0.229040
-0.128987
0.446763
0.659332
0.485335
0.523926
0.416610
0.186559
-0.425294
-0.403785
-0.442376
-0.154667
-0.075024
0.056332
0.534230
0.583153
0.386569
0.398597
0.267173
0.199101
-0.112634
-0.088740
-0.270745
-0.158182
-0.194294
-0.310966
-0.055071
0.052520
0.070098
0.081061
0.009825
0.114594
-0.152674
-0.207458
-0.117033
-0.004543
-0.095781
-0.170511
0.193437
0.187949
0.381132
0.488966
0.359488
0.039501
-0.465427
-0.804875
-0.890747
-0.858885
-0.553062
-0.360926
0.028279
-0.026687
-0.067608
0.077110
0.019510
0.074449
-0.135057
0.095752
0.183571
0.226369
0.419451
0.388890
0.620855
0.368419
0.164110
-0.052128
-0.267252
-0.232006
-0.551503
-0.460130
-0.449638
-0.280750
-0.223657
-0.142534
0.419648
0.641050
0.668516
0.601899
0.607108
0.471414
-0.017937
-0.066132
-0.122962
-0.232282
-0.358538
-0.373658
-0.073091
-0.042407
-0.022206
0.103257
-0.043946
-0.147904
-0.563432
-0.729128
-0.685253
-0.497978
-0.368335
-0.259133
0.398073
0.466290
0.510853
0.582003
0.657140
0.589671
0.107875
0.010313
-0.025362
-0.032101
-0.033441
0.032347
0.325336
0.268192
0.286540
0.321452
0.280525
0.451510
0.224550
0.174243
0.139830
0.130330
-0.116646
-0.467876
-0.338595
-0.502761
-0.652193
-0.505663
-0.196891
0.120593
-0.024986
0.227950
0.259286
0.181194
0.017724
-0.239856
-0.004321
-0.052252
-0.107810
-0.246569
-0.111258
-0.201420
-0.537656
-0.473287
-0.339605
-0.320945
-0.270550
-0.230105
0.219762
0.334760
0.269776
0.376809
0.385620
0.367515
-0.039577
0.042263
0.006447
-0.020598
0.053132
0.093726
0.351935
0.243458
0.203914
0.161631
0.074925
0.113719
-0.213039
-0.317885
-0.301598
-0.202639
-0.119753
-0.096598
0.434623
0.395049
0.395755
0.269980
0.354563
0.323828
0.011059
0.026993
0.175636
0.154969
-0.047215
-0.214645
-0.140692
-0.347606
-0.561355
-0.527516
-0.412718
-0.323019
-0.539223
-0.362901
-0.094067
-0.078318
0.103013
0.144944
0.576396
0.496997
0.529689
0.318879
0.266865
0.160324
-0.205513
-0.292860
-0.268433
-0.350894
-0.278201
-0.227064
0.229555
0.432690
0.514593
0.525105
0.510192
0.392537
-0.060082
-0.049015
-0.173879
-0.258216
-0.310572
-0.327064
0.085218
0.269392
0.288254
0.288139
0.263866
0.054439
-0.421363
-0.459475
-0.310377
-0.222056
-0.066145
-0.139510
0.096384
-0.074669
-0.219790
-0.363183
-0.251606
-0.201389
-0.351630
-0.145848
0.033855
0.150729
0.372953
0.381409
0.625209
0.629928
0.530608
0.283561
0.097425
0.010384
-0.477332
-0.604793
-0.444810
-0.327025
-0.158883
-0.092587
0.300902
0.259485
0.181755
0.079123
0.085419
0.092060
-0.173735
-0.103555
-0.090496
-0.153019
-0.096191
-0.212788
0.044882
0.014953
0.095004
0.118141
0.095801
0.186708
-0.086213
-0.064275
-0.174552
-0.112027
-0.043600
-0.092505
0.086025
0.025709
0.011892
-0.055002
-0.016533
0.064700
-0.241770
-0.350072
-0.415982
-0.394895
-0.158044
-0.155505
0.253037
0.264724
0.125035
-0.133734
-0.043145
0.189953
-0.229917
-0.217463
0.303724
0.424075
1.543749
1.173600
2.912792
2.872945
3.911938
