4.858079
4.932938
4.202637
3.422828
2.384671
1.299748
0.111902
-0.370369
-0.785892
-1.029258
-0.932969
-0.914361
-0.935742
-0.949743
-1.026612
-1.106040
-0.951662
-0.658826
-0.287550
0.124851
0.506831
0.605399
0.696158
0.542527
0.231255
0.150222
0.036472
-0.029944
-0.293417
-0.284257
-0.282484
-0.284392
-0.229168
-0.166410
0.159066
0.202365
0.032886
0.040514
0.027778
0.069551
-0.230949
-0.238446
-0.285052
-0.276265
-0.337225
-0.318328
-0.048241
-0.035831
-0.045647
-0.007007
0.018872
0.091636
-0.057971
0.064019
0.118177
0.184466
0.180489
0.119577
0.340734
0.322916
0.213216
0.186737
0.181121
0.116928
-0.230010
-0.253213
-0.622039
-0.672695
-0.636631
-0.675734
-0.769079
-0.823978
-0.577076
-1.091964
-0.732859
-0.304734
0.058917
0.054945
0.557976
0.501439
0.647450
0.635098
0.688774
0.665787
0.637659
0.682087
0.779561
0.777727
0.841563
0.965152
0.982465
0.885488
0.713656
0.467458
0.242459
-0.130527
-0.361858
-0.304246
-0.390212
-0.440581
-0.540522
-0.525823
-0.201163
-0.343076
-0.233059
-0.396442
-0.147526
-0.365260
-0.066647
0.249551
0.412941
0.503708
0.412044
0.475648
0.566636
0.580383
0.453435
0.307996
0.512844
0.342228
0.367122
0.415254
0.393575
0.228218
-0.010382
-0.902685
-0.622357
-1.460901
-1.283012
-2.171115
-0.870738
-0.972459
-0.084794
-0.104611
0.636478
0.524553
0.218689
0.308837
0.457144
0.519252
0.411257
0.255426
0.340861
0.044133
-0.038484
0.000405
0.054943
0.106632
-0.124928
-0.024372
-0.066263
-0.100487
-0.161300
-0.207278
0.331537
0.730505
0.591483
0.445399
0.464594
0.005038
-0.718276
-0.661952
-0.550355
-0.461030
-0.290950
-0.122055
0.393189
0.636301
0.644152
0.603648
0.367353
0.135940
-0.194725
-0.197249
-0.214064
-0.204680
-0.065669
-0.323068
-0.117344
-0.113941
0.039042
-0.161686
0.032760
0.667040
0.424881
0.510743
0.576103
0.632550
-0.037725
-0.113527
0.042891
0.103707
-0.129852
-0.043844
0.055161
0.183349
-0.223360
-0.139505
-0.062969
-0.201185
-0.432027
-0.446559
-0.290293
-0.534922
-0.601123
-0.536996
-0.215855
-0.009585
0.178074
0.660946
0.970946
1.031282
1.139801
0.802528
0.467561
-0.008101
-0.423370
-0.770797
-0.827107
-0.526278
-0.790701
-0.803275
-0.686831
-0.951406
-1.111579
-0.894465
-0.183500
0.130499
0.460303
0.539961
0.717686
0.446291
0.026517
0.123883
0.422935
0.397798
0.453473
0.465188
0.541815
0.270963
0.158327
0.438621
0.177432
0.311205
0.046576
-0.041319
-0.604380
-0.462848
-0.652781
-0.965049
-0.375799
0.127086
0.005844
0.049930
0.541393
0.712256
0.276555
0.547097
0.735910
0.734589
0.084573
-0.175759
0.006080
-0.153969
-0.422782
-0.455028
-0.212215
-0.416257
-0.533544
-0.345796
0.276882
0.091944
0.125467
-0.095393
0.027964
-0.406522
-0.331784
-0.059842
0.306528
0.296855
-0.069181
-0.135564
-0.528951
-0.812302
-0.569101
-0.521700
-0.132643
0.229967
0.473118
0.351809
0.391821
0.300307
0.141465
0.203467
0.099712
0.283066
0.418730
0.272963
0.420493
0.649346
0.268765
0.150811
-0.266767
-0.626977
-0.948282
-0.599461
-0.507583
-0.263982
0.232543
0.015544
0.174058
0.118927
0.098279
-0.175823
-0.071864
-0.105260
-0.272123
-0.032671
0.001433
-0.033809
-0.014027
0.098428
0.343969
0.356502
0.374619
0.450061
0.484198
0.711513
0.293633
0.271575
0.252695
0.083204
-0.233019
-0.235152
0.047623
0.072407
0.047179
-0.137697
0.044933
-0.050899
-0.414821
-0.389908
0.141459
-0.124900
-0.229160
-0.115722
0.205027
-0.094868
-0.117717
0.032991
-0.290648
-0.533918
-1.229180
-1.346497
-1.335860
-0.964104
-0.476518
-0.064268
0.475012
0.546863
0.522991
0.205688
0.363148
0.518683
0.418810
0.494881
0.560898
0.737436
0.584062
0.027692
0.162152
0.201947
-0.405065
-0.599892
-0.096648
0.130008
-0.025131
0.396681
0.775955
0.765219
0.533228
0.160173
0.141370
-0.129820
-0.155709
-0.180528
-0.085779
-0.066131
-0.283244
-0.503517
-0.664137
-0.586660
-0.234251
0.190872
0.639559
0.896527
1.064826
0.629004
0.181180
0.189528
-0.097109
-0.225481
0.012629
-0.046472
-0.195810
-0.409233
-0.501082
-0.804065
-0.686372
-0.555779
-0.397681
-0.153898
-0.197932
-0.138966
0.205155
0.441529
0.627039
0.851365
1.283055
1.058135
0.781272
0.611972
-0.018722
-0.340969
-1.035205
-1.282107
-1.416497
-0.897358
-0.678472
-0.197962
0.133085
0.191330
0.230903
0.226566
0.243559
0.327725
0.224026
0.130319
0.268391
0.115494
0.128091
0.214610
0.489145
0.289647
0.442441
0.948106
0.895629
1.203493
0.523322
-0.037019
-0.511036
-0.836373
-1.175716
-0.663575
-0.071015
-0.023644
0.244353
0.447368
0.192741
0.294949
0.141794
0.218214
0.163921
0.286850
0.285980
0.049917
0.116427
-0.166344
-0.463869
-0.578799
-0.562479
-0.370703
-0.607261
-0.414649
-0.642665
-0.431703
-0.610167
-0.545797
0.014897
0.364231
0.420729
0.648467
0.739722
0.487742
0.240917
0.224926
0.207731
0.067966
0.205752
0.087891
0.074614
-0.270234
-0.140917
-0.524977
-0.525335
-0.328632
-0.417460
-0.768699
-0.529727
-0.506685
-0.506002
-0.556468
0.134642
0.358570
0.515512
0.687115
0.909062
0.871769
0.478295
0.285835
0.050520
0.038601
0.107991
0.162557
0.503015
0.544303
0.411181
-0.249321
-0.113115
-0.450474
-0.795484
-0.755531
-0.202916
-0.376003
-0.166362
-0.032949
0.126542
0.045136
-0.000288
0.179048
0.339223
0.419173
0.309576
0.461553
0.177501
-0.019175
-0.035304
-0.208287
-0.306743
-0.383016
-0.513088
-0.436013
-0.393714
-0.123923
-0.365195
-0.507171
-0.642991
-0.705372
-0.988804
-0.865557
-0.314865
-0.200882
-0.110849
0.208752
0.342140
0.439188
0.309387
0.451231
0.625558
0.842485
0.962927
0.935316
1.042646
0.821327
0.578612
0.316305
0.312760
0.183583
-0.251472
-0.446499
-0.714902
-1.013594
-0.809336
-0.850258
-0.501283
-0.300670
-0.262323
-0.449923
-0.195768
-0.019114
-0.094097
0.179848
0.372397
0.616744
0.728171
0.815728
0.934600
0.852040
0.477193
0.152175
-0.221579
-0.295806
-0.757671
-0.905247
-0.773943
-0.913329
-0.774536
-0.495340
-0.198830
-0.324526
0.077404
0.361381
0.506426
0.541111
0.276863
0.340048
0.121953
-0.089097
0.215701
0.492175
0.748724
0.811831
1.026965
0.870166
0.718004
0.568906
-0.130996
-0.613380
-0.873568
-0.966918
-1.060557
-1.007385
-0.673838
-0.556464
-0.617622
-0.465620
-0.301475
-0.275985
-0.357807
-0.165697
0.036363
-0.015372
0.136489
-0.153947
0.254031
0.189810
0.301712
0.380917
0.699888
0.447902
0.014933
0.018627
-0.189489
-0.292912
-0.124866
-0.264941
-0.140386
-0.053135
0.034657
0.058753
0.226652
0.329871
0.127067
0.194784
0.081613
0.007660
0.062988
0.174351
0.461336
0.626085
0.332585
0.177343
-0.037138
-0.267663
-0.736143
-0.466980
-0.430015
-0.456960
-0.410271
-0.298222
0.125792
0.246935
0.231688
0.521391
0.564007
0.214584
0.044018
0.298717
0.110891
0.087006
0.300151
0.160673
0.149419
-0.026808
-0.108141
-0.143038
-0.134383
0.085258
-0.129332
-0.148523
-0.043008
0.084518
-0.215192
-0.281469
0.022478
0.034855
-0.220429
0.045218
0.061507
-0.009846
-0.510785
-0.471424
-0.312973
-0.237668
-0.346137
-0.222632
0.078631
-0.160259
-0.063491
0.076402
0.240339
0.255352
0.175284
0.293973
0.317464
0.493489
0.629745
0.483379
0.371868
0.191447
-0.018735
-0.123811
-0.168822
-0.080843
-0.189596
-0.207350
-0.278548
-0.284399
-0.213173
-0.129392
0.066355
0.116975
0.147910
0.223806
0.097003
0.109437
-0.219023
-0.241880
-0.293215
-0.331193
-0.361444
-0.272194
0.056901
0.094761
0.335807
0.545805
0.511875
0.516476
0.194980
0.042596
-0.131168
-0.084198
-0.161268
-0.197905
0.040576
0.015949
-0.170485
-0.119382
0.001056
0.073414
-0.200258
-0.040508
-0.058492
-0.085397
-0.244589
-0.096429
0.180476
0.257750
0.135354
0.342582
0.155743
-0.047919
-0.440755
-0.427342
-0.318845
-0.085218
0.150647
0.154333
0.397314
0.082767
-0.067906
-0.176393
-0.248306
-0.143377
-0.270020
-0.238813
-0.175949
0.061367
0.150859
0.163584
0.285914
0.205036
-0.062378
-0.068488
-0.111937
0.035754
-0.124069
0.128387
0.153050
0.110892
0.108403
-0.050315
0.191552
0.178058
0.275005
0.044760
0.161879
0.092001
-0.322452
-0.460820
-0.275297
-0.255073
-0.281108
-0.306384
-0.008224
-0.070959
-0.242306
-0.094664
0.229362
0.363541
0.255608
0.491677
0.367083
0.165986
0.079995
-0.124238
-0.003921
0.009342
0.055515
0.066760
0.145785
0.357674
0.044064
-0.087468
-0.145992
-0.185846
-0.386291
-0.395465
-0.129097
-0.098024
-0.092093
-0.013399
-0.055379
0.033748
-0.318382
-0.392073
-0.295648
-0.175598
-0.273074
-0.141155
0.230489
0.103454
0.170090
0.298358
0.400643
0.438703
0.105947
-0.053993
-0.159259
-0.304921
-0.438631
-0.282903
-0.025497
-0.043811
0.000557
0.155322
0.015735
0.195815
0.025485
0.057169
0.101863
0.215714
0.122273
0.031380
0.404424
0.513785
0.447280
0.399525
0.386661
0.184221
-0.384708
-0.471508
-0.497763
-0.450274
-0.439255
-0.248291
0.083508
0.157517
0.213014
0.278810
0.111154
-0.024245
-0.284298
-0.311761
-0.331924
-0.375923
-0.150683
-0.124147
0.174286
0.226507
0.397605
0.276181
0.192499
0.193002
-0.208348
-0.315401
-0.219609
-0.099370
-0.124500
0.009002
0.165058
-0.025497
-0.083884
-0.146103
-0.266887
-0.052036
-0.072536
0.016603
0.138609
0.152501
0.119729
0.056681
0.276030
0.225530
0.356994
0.295851
0.202537
0.125234
-0.055682
-0.029727
-0.095292
-0.131156
-0.033321
-0.183036
-0.060317
0.046374
0.097067
-0.037825
-0.115907
-0.090406
-0.372891
-0.325194
-0.288338
-0.193748
-0.033875
0.042757
0.485252
0.666764
0.681341
0.473147
0.405269
0.131632
-0.321248
-0.323817
-0.381373
-0.369226
-0.237584
-0.206363
-0.032263
-0.003732
-0.054339
0.020614
-0.052720
0.128474
-0.120364
-0.048011
-0.197419
-0.112856
-0.191884
-0.142648
0.156988
0.264368
0.152374
0.085281
0.193543
0.261994
-0.063201
0.070689
0.136985
0.091561
-0.107280
-0.147477
-0.053264
-0.122979
-0.227604
-0.005875
0.020223
0.170710
0.113590
0.326170
0.381943
0.313532
0.392555
0.160004
0.267518
0.043509
0.114056
0.021717
-0.062670
-0.181030
-0.519312
-0.664603
-0.700440
-0.615140
-0.484691
-0.298002
0.030002
-0.005667
0.145367
0.169156
0.070200
0.176938
0.066910
0.086238
0.104317
0.181551
0.129963
0.027428
0.260500
0.248789
0.140193
0.135433
0.102909
0.029823
-0.342570
-0.353577
-0.269468
-0.263586
-0.217669
-0.233220
0.085909
-0.001084
0.068875
0.099141
0.169891
0.063194
-0.079058
-0.052900
-0.063072
0.021251
0.068581
-0.066248
0.158637
0.138300
0.110232
0.157762
0.297712
0.315910
0.020723
-0.036372
-0.081797
-0.274826
-0.339298
-0.349614
-0.077256
-0.013646
0.099731
0.225926
0.416055
0.503696
0.377785
0.535763
0.593601
0.454655
0.170291
-0.144931
-0.316922
-0.726609
-0.919058
-0.888963
-0.887049
-0.808577
-0.905666
-0.872820
-0.886822
-0.791424
-0.489205
-0.285650
0.163594
0.440548
0.649163
0.654977
0.810148
0.871780
0.588124
0.503456
0.470214
0.472654
0.606331
0.706410
1.074784
1.155923
1.006556
0.706724
0.528678
0.283682
-0.315802
-0.539327
-0.523250
-0.573111
-0.474608
-0.265861
-0.014969
-0.089465
-0.193345
-0.196926
-0.420661
-0.461854
-0.695013
-0.606512
-0.606512
-0.278900
-0.274329
-0.343960
-0.221651
-0.419820
-0.560943
-0.261540
-0.086225
0.218370
0.242509
0.324353
0.384778
0.638809
0.757351
0.861141
1.124038
1.034680
0.762907
0.554678
0.357513
0.160621
-0.525653
-0.838728
-0.902344
-0.982208
-1.101306
-0.983720
-0.457031
-0.417314
-0.302210
0.079501
0.004286
0.243375
0.182968
-0.224203
-0.130431
0.254246
0.246745
0.108033
0.541336
0.114127
-0.008049
-0.229707
-0.355258
-0.149222
-0.739653
-0.688236
-0.633483
-0.331126
-0.403404
0.142842
0.454519
0.557367
0.375005
0.513265
0.577113
0.576694
-0.048512
-0.354935
-0.411722
-0.450985
-0.538260
-0.324372
0.171684
0.129800
0.114417
0.255958
0.382860
0.268176
-0.010570
-0.137080
-0.319332
-0.472697
-0.298244
-0.230240
0.199109
0.320782
0.416884
0.405936
0.373898
0.422074
0.104995
0.075221
-0.002301
-0.043247
-0.132669
-0.143247
0.058269
0.067837
0.089418
0.044814
0.091021
0.197035
-0.395201
-0.714597
-0.503520
-0.478391
-0.549543
-0.093432
0.566076
0.431121
0.421947
0.505602
0.506302
0.464475
0.162400
0.096776
0.022341
-0.536536
-0.497030
-0.457811
-0.210932
-0.192979
0.345481
0.317534
0.284982
0.274481
-0.344888
-0.747213
-0.651117
-0.616156
-0.592450
-0.175405
0.488024
0.410084
0.354774
0.309309
0.214156
0.129803
-0.126175
-0.107649
-0.071229
-0.483418
-0.324389
-0.255247
0.016702
0.061646
0.637580
0.573649
0.576386
0.512350
0.211003
0.061893
0.064862
-0.081366
0.014562
-0.622989
-0.370954
-0.413342
-0.967601
-1.050219
-0.377070
-0.171843
-0.327869
0.367899
0.356495
-0.155696
-0.242119
-0.353858
-0.052433
0.151699
0.655885
0.743878
0.797164
0.472042
0.132609
0.124560
0.008331
0.012002
0.191352
0.121384
0.261737
0.120449
0.037273
-0.035625
-0.301604
-0.196938
-0.260546
-0.125906
-0.007621
0.132873
0.186473
0.181549
0.313153
0.275958
0.495633
0.355046
0.122928
0.098321
-0.226370
-0.413611
-0.356675
-0.267920
-0.259169
-0.198752
0.136211
0.172757
0.113846
0.086801
0.021540
0.001519
-0.339684
-0.301343
-0.239484
-0.206155
-0.197557
-0.128686
0.166267
0.158389
0.165611
0.203754
0.194204
0.198440
-0.069309
-0.062217
-0.093315
-0.132782
-0.134802
-0.142441
0.125998
0.114578
0.176243
0.175413
0.166735
0.173892
-0.083994
-0.089704
-0.093116
-0.068608
-0.086256
-0.092171
0.121464
0.105636
0.102063
0.105148
0.099962
0.082584
-0.179675
-0.209225
-0.174952
-0.191301
-0.205087
-0.232910
0.067687
0.054522
0.031265
0.085102
0.142460
0.139955
-0.143954
-0.116988
-0.098461
-0.072935
-0.066580
-0.082688
0.179247
0.157733
0.086952
0.077945
0.103255
0.111772
-0.121251
-0.066783
-0.023983
-0.047083
-0.047078
-0.104115
0.151084
0.131904
0.102316
0.109378
0.122971
0.102851
-0.184915
-0.135643
-0.136456
-0.182754
-0.181035
-0.216649
0.058577
0.084315
0.164857
0.218958
0.222344
0.185285
-0.081303
-0.086029
-0.142093
-0.170007
-0.175649
-0.219020
0.018861
0.022613
0.090985
0.104991
0.100868
0.156514
-0.078019
-0.071812
-0.056875
-0.004848
-0.045995
-0.088106
0.177673
0.212298
0.171857
0.191344
0.193253
0.142739
-0.165840
-0.153956
-0.131536
-0.153868
-0.112673
-0.128237
0.085802
0.010690
-0.019977
-0.008495
0.020295
0.099916
-0.119963
-0.044746
-0.031606
0.008183
-0.003095
-0.019836
0.211557
0.162264
0.130850
0.093982
0.080687
0.122786
-0.147107
-0.156093
-0.115007
-0.082734
-0.105719
-0.091395
0.147652
0.104855
0.029976
-0.002170
-0.011203
0.019300
-0.202357
-0.120296
-0.064404
-0.069685
-0.067242
-0.052298
0.187108
0.171519
0.176385
0.191648
0.142968
0.150808
-0.140106
-0.159152
-0.164491
-0.198821
-0.212401
-0.211540
0.060849
0.028337
0.039425
0.030443
0.079926
0.149439
-0.075119
-0.024437
0.005607
-0.045024
-0.081611
-0.085951
0.152551
0.146221
0.171002
0.175304
0.148878
0.155467
-0.121349
-0.147254
-0.136861
-0.173203
-0.147765
-0.160471
0.123633
0.114732
0.162365
0.160248
0.190982
0.177850
-0.070795
-0.029365
0.005964
-0.008589
0.021519
-0.006802
0.184462
0.102839
0.021853
-0.032567
-0.073860
-0.084945
-0.385994
-0.373246
-0.326562
-0.320462
-0.474329
-0.377677
0.036429
0.115460
0.193862
0.493914
0.550315
0.568640
0.205747
0.146151
0.110612
0.013874
-0.050235
-0.027745
0.020183
-0.283482
-0.307034
-0.300260
-0.267853
-0.214086
-0.180352
-0.091155
-0.346390
-0.429109
-0.223216
-0.349035
-0.059587
0.235939
0.296606
0.027502
0.151487
0.158145
-0.185900
-0.204083
0.141733
0.139738
0.113186
0.117000
0.446114
0.413020
0.418339
0.471295
0.542090
0.285800
-0.035216
-0.078022
-0.135350
-0.181696
-0.200620
-0.182220
0.067186
0.010596
-0.009874
0.256721
0.256260
0.254613
-0.019623
-0.023141
-0.087288
-0.156640
-0.199121
-0.247609
0.021587
0.047254
0.017712
0.092479
0.164848
0.170118
-0.137038
-0.092105
-0.061224
-0.079233
-0.297578
-0.273758
0.024532
-0.009136
-0.034814
0.176485
0.168830
0.163676
-0.140558
-0.110130
-0.073209
-0.055660
-0.015781
-0.026535
-0.009540
-0.270721
-0.255755
-0.200877
-0.326382
-0.078532
-0.242626
-0.414977
-0.463680
-0.087598
-0.074727
0.288606
0.666765
0.589212
0.405429
0.301097
0.260080
0.285169
0.231123
0.334717
0.426178
0.359456
0.576418
0.478718
0.531168
0.486509
0.490014
0.211106
0.337265
0.577595
0.622253
0.736811
0.886412
0.538027
0.182233
-0.255249
-0.548103
-0.899771
-0.776733
-0.753256
-0.614327
-0.570906
-0.481969
-0.389479
-0.011891
0.141271
0.510036
0.687403
1.129465
1.117559
0.987482
1.071054
0.568915
-0.006777
-0.541083
-0.589112
-1.158944
-0.947782
-0.762184
-0.656895
-0.501477
-0.292069
-0.120145
-0.012672
0.045913
0.167662
0.094076
0.017515
0.133105
0.053026
0.086110
0.082718
0.714737
1.103129
1.239064
1.636049
1.804528
1.155681
0.302704
-0.014930
-0.480163
-0.899791
-0.680142
-0.408658
-0.006822
-1.041231
-0.544259
0.020136
-0.009590
0.090661
0.864322
0.620085
0.100513
-0.103724
-0.262502
-0.179878
0.258393
0.284017
0.605267
0.636448
0.896067
0.883876
0.561412
0.424399
0.702396
0.546339
-0.751408
-0.583790
-0.547445
-0.877135
-0.992542
0.107723
0.088677
0.100591
0.123665
0.349059
0.423738
0.428742
0.614008
0.741174
0.059874
-0.643271
-0.542867
-0.571275
-0.555440
-0.444665
0.158113
0.105888
0.090168
0.017870
0.680714
0.657427
0.696958
0.657613
0.615255
0.019243
0.029339
-0.537573
-0.608959
-0.638688
-0.499274
-0.553877
0.002004
0.017620
0.044047
-0.020468
0.084048
0.165694
0.187170
-0.114654
0.340923
0.340010
-0.034275
0.005111
0.044255
0.088246
-0.157586
-0.116198
-0.109206
-0.076334
-0.118659
-0.210785
0.030852
0.000893
-0.020503
0.004891
0.105501
0.135449
-0.115999
-0.103295
-0.315515
-0.374088
-0.355512
-0.360603
-0.109622
0.069316
0.422459
0.424557
0.419144
0.392204
0.142244
-0.191261
-0.209995
-0.248281
-0.181437
-0.217356
0.102623
0.136454
0.533809
0.336012
0.379765
0.132385
-0.125097
-0.425362
-0.205407
-0.157497
0.088574
0.021551
0.039861
-0.183395
-0.223137
-0.248047
-0.232572
-0.022649
-0.017285
0.052634
0.106539
0.160122
-0.055587
-0.184127
-0.240196
-0.517252
-0.582646
-0.297809
-0.218092
0.058819
0.356109
0.741727
0.722330
0.684794
0.512592
0.131407
0.044692
-0.190036
-0.123324
-0.098105
0.034257
-0.109355
-0.214376
-0.282388
-0.280811
-0.283322
-0.305672
-0.332850
0.013981
0.280275
0.135950
0.381047
0.304380
0.031155
-0.532021
-0.635596
-0.503453
-0.515352
-0.059561
0.173745
0.450596
0.117861
0.240947
0.214336
0.142702
0.161737
0.111777
0.260614
-0.058517
-0.007202
-0.058610
-0.159332
0.203868
0.523923
0.494971
0.522020
0.416603
0.561368
-0.097374
-0.337439
-0.371790
-0.502758
-1.029536
-1.210524
-0.964032
-0.991499
-0.992352
-0.934379
-0.638147
-0.567764
-0.712600
0.586429
0.579723
0.735713
1.525890
1.483142
0.653529
0.694345
0.553528
-0.183183
-0.212416
-0.131545
-0.271549
-0.123966
-0.301904
-0.323340
-0.393802
-0.637366
-0.586864
-0.397575
-0.288490
-0.188579
-0.123317
-0.048866
-0.297796
-0.368952
-0.571885
-0.496042
-0.531160
-0.472372
0.104217
0.396759
0.583813
0.673744
0.820227
0.599180
0.183063
-0.003917
0.054099
-0.362800
-0.505040
-0.755972
-0.551559
-0.684550
0.755102
0.766138
1.048303
0.905150
0.650509
-0.530032
-0.432693
-0.611320
-0.485038
-0.385213
-0.192267
-0.155289
0.081625
0.166351
-0.195872
-0.375964
0.205309
0.961114
0.821176
0.793459
0.785890
-0.175528
-1.014327
-1.035301
-1.022204
-0.850856
-0.706002
-0.423847
0.652626
2.126964
2.148398
2.025295
1.682204
0.274434
-1.051607
-1.273901
-1.440963
-1.372541
-1.394822
-1.208210
-1.026927
-0.576825
-0.331177
0.983995
1.045736
0.770027
0.834270
0.787141
-0.155771
0.046345
0.260232
0.217019
-0.110537
-0.312532
-0.406019
-0.420327
-0.475391
-0.435622
-0.159715
-0.182878
-0.252499
-0.130289
-0.280695
0.370093
0.181448
0.152271
0.229147
0.390427
-0.046134
0.155302
0.414254
0.927807
1.026024
0.925343
0.585669
0.404083
-0.596193
-0.786833
-1.034013
-0.882901
-0.823523
-0.608106
-0.526744
-0.596957
-0.564257
-0.520163
-0.571196
-0.237286
-0.036077
0.095018
0.279127
0.293928
0.267361
0.073818
0.778090
0.724816
0.765271
0.748467
0.805050
0.040614
-0.371846
-0.545931
-0.781976
-0.895140
-0.907575
-0.882080
-0.033555
0.693185
0.670039
0.756555
0.779506
0.232066
-0.352993
-0.111000
-0.111789
-0.025809
-0.086041
-0.195590
0.066218
-0.015301
0.414285
0.742245
0.703483
0.284655
0.150797
-0.323389
-0.634385
-0.539299
-0.173507
-0.182241
0.236402
0.470689
0.456496
0.139288
0.114067
0.058959
-0.349595
-0.458342
-0.166106
-0.098650
-0.096508
-0.025661
0.136021
-0.052925
-0.011932
0.042203
0.136488
0.355611
0.210108
0.168369
-0.068663
-0.212371
-0.416403
-0.511080
-0.463733
-0.557987
-0.525794
-0.248755
-0.281137
0.052172
-0.105785
-0.276737
-0.777972
-0.330770
-0.317544
0.096154
0.610081
1.065064
1.011875
0.809228
0.756634
0.656156
0.665992
0.764442
0.842619
0.866553
0.891137
0.816073
0.518179
0.332486
-0.018168
-0.316781
-0.511001
-0.573070
-0.579943
-0.492897
-0.340056
-0.438473
-0.460262
-0.236106
-0.075622
-0.048703
0.308000
0.615289
0.739342
0.708743
0.553816
0.191805
-0.128432
-0.663978
-0.883004
-0.763563
-0.789507
-0.776345
-0.422226
-0.344944
-0.270617
-0.180956
0.070916
0.146768
0.225482
0.210018
0.387701
0.456686
0.142030
0.025661
0.160383
0.215172
-0.015808
0.369857
0.594363
0.466142
-0.148917
-0.362703
-0.685734
-0.700375
-0.834682
-0.355963
0.164109
0.286660
0.766955
1.033142
0.821790
0.506140
0.302058
-0.207615
-0.408590
-0.224575
-0.018430
0.281664
0.576558
0.697878
0.645358
0.229286
0.179410
-0.000528
-0.137596
0.113529
0.041832
-0.199913
-0.712623
-0.973305
-1.277478
-0.836095
-0.493244
0.021808
0.655721
1.077874
1.192221
0.827181
0.615331
0.165054
-0.578084
-1.215297
-0.924663
-1.045235
-0.915562
-0.640236
-0.146712
-0.173154
0.072665
0.159061
0.326585
0.827829
0.998831
1.245270
0.996914
0.777391
0.504052
0.101103
-0.185135
0.016981
0.162401
0.118536
0.332628
0.358079
-0.074721
-0.229559
0.071316
-0.363405
-0.323346
-0.106299
0.070557
-0.403210
0.140757
0.046429
0.250386
0.238629
-0.126392
-0.588331
-0.522363
-0.700274
-0.478300
-0.233113
0.034171
-0.004213
0.150123
-0.067404
-0.245285
-0.373969
-0.588411
-0.787186
-0.455965
-0.150299
0.060722
0.380401
0.800461
0.792544
0.523399
0.419425
-0.002959
-0.124005
-0.615256
-0.673479
-0.520847
-0.374448
-0.578108
-0.520048
-0.139614
-0.114286
-0.101169
0.175492
0.247098
0.140465
-0.195103
-0.224135
-0.204796
-0.160990
-0.044955
0.050468
0.371012
0.314684
0.305812
0.440797
0.300391
0.499904
0.465801
0.613934
0.470589
0.643252
0.162319
-0.047992
-0.314724
-0.536517
-0.472390
-0.273812
-0.247742
0.080931
0.253848
0.400333
0.804727
0.934626
0.941028
0.737564
0.605857
0.175335
-0.119903
-0.165692
-0.367927
-0.402789
-0.602382
-0.646996
-0.516696
-0.204392
0.023258
0.042321
0.291593
-0.008787
-0.107352
-0.227370
-0.130283
0.062066
-0.055054
-0.137365
-0.234167
-0.420449
-0.281420
-0.281589
0.106179
0.323373
0.467922
0.244013
0.173337
-0.045955
-0.414111
-0.533096
-0.572498
-0.387868
-0.060792
0.248395
0.862554
1.250185
1.163797
1.044530
0.666784
0.267727
-0.260654
-0.203189
-0.247965
-0.080368
0.032245
0.118881
0.092898
-0.167555
-0.254468
-0.419081
-1.256177
-1.007419
-0.859411
-0.621315
-0.350865
0.408908
0.462394
0.562630
0.600327
0.519755
0.145572
0.072881
-0.037341
0.065457
-0.574278
-0.540383
-0.437675
-0.924367
-1.122205
-0.541526
-0.108732
-0.317969
-0.239857
-0.027000
0.041298
0.217259
0.330573
0.499083
0.584126
0.542514
0.512653
0.437750
0.875843
0.767483
0.441447
0.314578
0.160761
-0.147710
-0.640377
-0.683423
-0.631385
-0.810943
-0.641203
-0.442746
-0.049588
0.028864
0.012159
0.027244
0.156211
0.120519
0.093162
0.261640
0.231280
-0.038170
-0.024330
-0.244739
0.003751
0.096907
0.347448
0.425303
0.384322
0.394462
0.069572
-0.139367
-0.220319
-0.286879
-0.273580
-0.220296
0.061224
0.103711
0.101699
0.028006
-0.013089
0.020211
-0.295321
-0.283015
-0.203529
-0.160826
-0.146925
-0.105189
0.233407
0.227751
0.234682
0.195437
0.126495
0.047019
-0.249736
-0.261993
-0.322176
-0.363372
-0.290732
-0.380330
-0.091484
0.031693
0.186201
0.155819
0.289461
0.246134
-0.040049
-0.032522
0.135055
0.099502
0.197589
0.149175
0.343295
0.165961
0.162172
0.053219
0.064986
0.109089
-0.215380
-0.292501
-0.269407
-0.283596
-0.316476
-0.287553
0.098631
0.173438
0.187627
0.253752
0.290831
0.321909
0.011516
0.036271
0.039747
0.057253
-0.024010
-0.102773
0.090837
-0.023142
-0.069271
-0.077192
-0.110242
-0.127776
-0.286257
-0.171360
-0.172695
-0.162617
-0.057331
-0.032699
0.165526
0.194289
0.248527
0.244202
0.190379
0.214788
-0.104204
-0.142197
-0.177984
-0.314996
-0.339404
-0.232266
0.073508
0.063115
0.232104
0.239299
0.230939
0.237959
-0.043281
-0.133461
-0.179881
-0.321198
-0.327483
-0.274074
0.046090
0.109099
0.181176
0.217052
0.250890
0.250343
-0.077457
-0.084613
-0.099248
-0.088855
-0.080079
-0.074306
0.200856
0.207922
0.076467
0.033680
0.050126
0.080073
-0.206304
-0.135324
-0.135428
-0.114314
-0.192938
-0.140503
0.175361
0.243243
0.195895
0.195430
0.018808
-0.033123
-0.309845
-0.233570
-0.172885
-0.016678
-0.016678
-0.011116
0.194018
0.161009
0.114399
0.130279
0.046212
0.071661
-0.208422
-0.218529
-0.223095
-0.205563
-0.182478
-0.133983
0.161720
0.173882
0.255744
0.185238
0.188280
0.235796
-0.024918
-0.056780
0.040126
0.046254
0.016914
0.076961
0.357983
0.344838
0.391084
0.344277
0.174825
0.099205
-0.263161
-0.344869
-0.287414
-0.245648
-0.276568
-0.246107
-0.004329
-0.062750
-0.068329
-0.046978
-0.038941
0.010170
-0.245935
-0.208974
-0.153353
-0.122562
-0.077856
-0.039854
0.193346
0.162781
0.089489
0.088536
0.095204
0.129363
-0.077364
0.037331
0.102415
0.055870
0.022545
-0.060527
0.158467
0.045035
0.004839
-0.019105
-0.049162
-0.058932
-0.357003
-0.343152
-0.266074
-0.175933
-0.212739
-0.134591
0.178418
0.161357
0.143812
0.303256
0.318465
0.377909
0.086133
0.061294
-0.028120
-0.072403
-0.159346
-0.147412
0.105767
0.026972
-0.020979
-0.038448
-0.077598
-0.005864
-0.199406
-0.109575
0.047039
0.093950
0.090667
0.043259
0.190461
0.021620
0.078873
0.049445
0.110354
0.172562
-0.047448
-0.111872
-0.085335
-0.149596
-0.263118
-0.343032
-0.123714
-0.208888
-0.180506
-0.027611
0.102095
0.159148
0.073843
0.196620
0.201435
0.142127
0.128126
-0.010364
0.101827
0.053425
0.065696
0.094822
0.039576
0.044967
-0.274056
-0.286582
-0.263669
-0.181621
-0.137805
-0.104411
0.206092
0.198128
0.238668
0.261534
0.280715
0.237518
-0.050820
-0.101375
-0.106496
-0.109003
-0.106598
-0.131121
0.080602
-0.006347
-0.065958
-0.014513
-0.037746
0.062874
-0.118989
-0.023186
-0.081665
-0.080070
-0.146351
-0.219302
0.010392
0.035424
0.036056
0.077541
0.312274
0.326720
0.068515
0.084575
0.042855
-0.122231
-0.141077
-0.133875
0.132243
0.141336
0.136044
0.208762
0.207833
0.320017
0.056577
0.026578
0.001373
-0.010257
-0.120176
-0.229196
0.053710
0.028777
-0.034447
-0.035929
0.040565
0.037457
-0.301200
-0.301815
-0.244046
-0.225730
-0.204159
-0.230224
0.005921
-0.121105
-0.076919
-0.102443
-0.022973
0.054153
-0.085441
-0.088779
-0.131290
-0.109227
-0.131176
-0.223452
0.054759
0.139049
0.092611
0.118368
0.367413
0.322128
0.213022
0.447470
0.463019
0.167422
0.182152
-0.113224
-0.058627
-0.071670
-0.086713
-0.086713
0.200053
0.186924
-0.130741
-0.061495
-0.089222
-0.466770
-0.419903
-0.471130
-0.170954
-0.171724
0.047362
-0.083117
-0.063418
0.035632
-0.042448
-0.163100
-0.045857
0.295483
0.281239
0.150925
0.533487
0.554732
0.317107
0.190074
0.143482
0.088809
-0.123642
-0.046836
0.059060
0.023922
0.076385
-0.137575
0.041428
-0.001840
0.016197
-0.036651
0.070541
0.024865
-0.349778
-0.414278
-0.387370
-0.374307
-0.236818
-0.197323
0.170924
0.183502
0.189848
0.096076
0.206517
0.229221
-0.030477
-0.008994
-0.036735
-0.196502
-0.276776
-0.357112
-0.122365
-0.090536
-0.073473
-0.016525
0.162788
0.176609
0.090148
0.374654
0.334545
0.194554
0.193810
0.047672
0.080786
0.092828
0.057250
0.059380
-0.063338
-0.019794
-0.349779
-0.363013
-0.453958
-0.393968
-0.417246
-0.411056
-0.014593
0.148274
0.211692
0.286321
0.439907
0.432157
0.242572
0.367480
0.291129
0.217430
0.133117
-0.004062
0.111026
0.176182
0.134214
0.104058
0.026949
-0.048094
-0.381743
-0.452508
-0.430685
-0.430380
-0.388838
-0.305367
0.097056
0.168811
0.146187
0.246999
0.150214
0.129958
-0.080897
0.101931
0.054447
0.109974
0.078302
0.011391
0.192215
0.186539
0.163241
0.148022
0.043276
-0.103543
-0.397716
-0.398441
-0.407948
-0.478426
-0.379806
-0.290865
0.047301
0.167315
0.308939
0.346367
0.228536
0.134567
-0.026773
0.131009
0.103203
0.028268
0.027603
-0.231504
-0.101822
-0.048065
0.044094
0.142546
0.217302
0.213594
0.142570
0.377185
0.295794
0.237584
0.206002
-0.117823
-0.082339
-0.033874
0.203047
0.218284
0.121674
0.076306
-0.357076
-0.657904
-0.795257
-0.534715
-0.527385
-0.289833
0.152167
0.326367
0.129253
0.171885
-0.155425
-0.185941
-0.312219
-0.394322
-0.302601
0.224748
0.259264
0.222862
0.562098
0.359886
-0.210803
-0.289514
-0.391435
-0.162769
-0.111311
0.338969
0.401076
0.461210
0.477560
0.357605
0.498541
0.558255
0.633153
0.468841
0.375607
0.194505
-0.787928
-1.544036
-1.521358
-1.429341
-1.385819
-0.440322
0.570187
0.763321
0.687347
0.689013
0.170130
-0.038188
-0.328776
-0.246264
-0.103259
0.235790
0.469645
0.582052
0.868808
0.926697
0.824296
0.822281
0.611106
0.537238
-0.285224
-0.767457
-0.889885
-0.829127
-1.010335
-0.696159
-0.183592
-0.409422
-0.478798
-0.439946
-0.324355
-0.084353
0.048233
0.228593
0.521165
0.834077
0.978846
0.297732
0.327422
0.094507
-0.162738
-0.251272
0.217046
0.193090
-0.012839
-0.577085
-0.632232
-0.861474
-0.910995
-1.027207
-0.089792
0.060050
0.286681
0.358380
0.502810
0.442067
-0.012830
-0.020592
0.021294
0.145143
-0.110994
-0.117998
0.019770
-0.067790
-0.314640
-0.274014
-0.277895
-0.121337
-0.187141
0.003032
0.196071
0.336869
0.411602
0.483711
0.768784
0.832801
0.232967
0.392767
-0.192490
-0.263642
-0.697464
-0.277665
-0.548369
-0.141158
-0.243019
-0.100713
0.092166
-0.014051
-0.073530
-0.033110
-0.128712
-0.085161
-0.285623
-0.276918
-0.151329
-0.075370
0.099256
0.214336
0.608999
0.541839
0.440480
0.234318
0.166347
0.233804
-0.050068
-0.065010
0.099568
0.265771
0.051302
0.101117
0.374481
0.327867
-0.077359
-0.048602
-0.063539
-0.143003
-0.838264
-1.041486
-0.973184
-0.960362
-0.782136
-0.218657
0.600642
0.683369
0.776473
0.814466
0.155878
0.117346
-0.083473
-0.624735
-0.531201
0.085662
0.112401
0.063949
0.656377
0.423387
0.371635
0.145300
0.069561
0.193926
0.070281
0.149779
0.278040
0.206462
-0.083156
-0.339192
-0.166752
-0.132221
-0.170110
-0.214114
-0.280248
-0.401561
-0.734928
-0.749812
-0.449489
-0.189139
0.098331
-0.284180
0.010355
-0.046212
-0.072222
-0.156744
0.378881
0.431086
0.345767
0.494449
0.454231
0.401255
0.413648
0.288178
0.329223
0.248401
-0.287987
-0.341843
-0.241414
-0.138680
-0.534100
-0.808355
-0.915028
-1.158055
-1.204069
-1.093195
0.001428
0.244189
0.425606
0.492113
0.549841
0.464560
0.128393
0.068068
0.191426
0.340160
0.488238
0.538739
0.812276
0.626661
0.503979
0.308113
0.175552
0.168902
0.080183
0.199035
0.304952
0.440078
0.454881
0.075808
-0.128641
-0.385546
-0.672669
-0.954817
-0.853686
-0.530602
-0.509483
-0.248939
-0.138140
-0.147537
-0.269076
-0.253793
0.079141
0.362623
0.566316
0.676727
0.522634
0.388751
0.032269
-0.004828
-0.088130
0.016901
-0.070064
-0.196189
-0.003951
0.075988
-0.041357
0.058590
-0.242543
-0.150045
-0.437314
-0.365189
-0.353946
0.092158
0.094345
0.257264
0.532329
0.552107
0.426261
0.285646
0.202827
0.200531
-0.491560
-0.833969
-0.872507
-0.952173
-1.063782
-0.615621
0.037084
0.110762
-0.253466
-0.151036
-0.126318
-0.194973
-0.406569
0.014455
0.242091
0.328475
0.513550
0.590750
1.002406
0.977963
0.802527
0.648920
0.541667
0.229743
-0.303294
-0.415637
-0.404359
-0.510452
-0.267213
-0.112928
0.235794
0.307769
0.376250
0.349825
0.246796
0.205759
-0.004082
0.064229
0.128676
-0.548339
-0.464565
-0.505273
-0.085675
-0.061235
0.625991
0.616642
-0.122106
-0.381683
-0.921405
-0.963778
-0.817612
-0.117827
-0.200540
-0.126040
0.142290
-0.032036
-0.011492
0.340934
0.381417
0.389071
0.127403
0.088508
-0.119971
-0.252472
-0.353786
-0.244932
0.052211
0.095562
0.335873
0.560924
0.613263
0.543010
0.095167
-0.181901
-0.312142
-0.573055
-0.617757
-0.559238
-0.008392
0.190217
0.406300
0.507968
0.721007
0.698182
0.217755
0.027971
0.100019
-0.073310
-0.334994
-0.541190
-0.250039
-0.382528
-0.350613
-0.237069
-0.014153
-0.085342
-0.259792
-0.210013
0.001522
0.219603
0.500130
0.407675
0.623256
0.424523
0.222628
0.079520
-0.050599
-0.136943
-0.301782
-0.226964
-0.272205
-0.089047
-0.222665
-0.333221
-0.026071
0.109626
-0.014009
0.250828
0.105641
-0.046406
-0.520892
-0.517154
-0.578678
-0.517301
-0.388105
-0.236421
0.078537
0.056364
-0.082556
0.005906
0.002473
0.027755
-0.174789
0.085190
-0.089743
0.013004
0.127673
0.178234
0.556539
0.710276
0.630076
0.460754
0.218012
0.180715
-0.344885
-0.562662
-0.565272
-0.333947
-0.334266
-0.216898
0.177571
0.267820
0.208969
0.134855
0.005666
0.125005
-0.097670
-0.004097
0.087064
0.130000
-0.073815
-0.046401
0.134996
0.049126
0.125007
0.244762
0.138212
0.156050
0.004610
0.172014
0.137006
-0.002853
-0.224604
-0.291282
-0.256358
-0.215005
-0.045114
0.162075
0.146329
0.307041
0.079695
0.121190
0.177079
0.138642
0.142954
0.154049
0.494584
0.593722
0.613501
0.573203
0.468432
0.497138
0.178529
-0.301126
-0.445603
-0.554008
-0.782655
-1.475362
-0.780888
-0.733944
-1.101450
-0.977969
-0.354120
-0.138401
-0.109124
0.661660
0.664442
0.634966
0.423050
0.229159
0.421838
0.577370
0.536303
0.508036
0.430299
0.436977
0.009671
0.096672
0.087806
0.112879
0.006901
-0.025171
0.089748
0.074624
-0.059058
-0.105737
-0.158042
-0.070488
-0.420535
-0.470505
-0.548412
-0.562084
-0.649236
-0.501477
0.114241
0.324236
0.311036
0.405602
0.362929
0.102615
-0.332709
-0.266048
-0.329086
-0.174615
-0.010827
-0.176223
0.230660
0.472364
0.400435
0.193032
0.310408
0.221613
-0.147677
-0.102581
-0.069804
-0.084815
-0.204467
-0.310638
-0.141711
-0.094930
-0.248308
-0.217777
-0.052739
0.046561
-0.090541
0.208328
0.365339
0.298830
0.302253
0.237413
0.434164
0.360131
0.193337
0.296423
0.369626
0.404257
0.054583
0.063555
-0.405331
-0.470981
-0.615251
-0.619823
-0.316975
-0.093909
-0.210876
-0.182146
-0.034469
0.183007
0.030489
-0.631213
-0.471570
-0.470231
-0.576860
-0.607870
0.557926
0.614536
0.692672
0.668602
0.711451
0.614040
0.090221
-0.267098
-0.203810
-0.246276
-0.338020
-0.354217
0.002330
-0.164480
-0.131856
-0.162120
-0.105515
-0.067773
-0.208556
-0.217687
-0.038372
0.130133
0.456336
0.513230
0.734466
0.648135
0.548488
0.421865
0.305325
0.175085
-0.060317
-0.087329
-0.433348
-0.439374
-0.431581
-0.481984
-0.086787
0.222830
0.166855
0.293851
0.331299
0.240992
-0.138330
-0.087474
-0.132199
-0.257660
-0.285254
-0.249803
0.046720
0.097531
0.120061
0.073822
0.080004
0.082720
-0.291344
-0.262705
-0.306244
-0.497126
-0.762674
-0.811247
-0.411291
-0.185426
0.068135
0.247971
0.355884
0.317873
0.063195
0.071925
0.347979
0.423417
0.295223
0.288034
0.473974
0.312274
0.237725
0.290703
0.098417
0.006441
-0.202155
-0.084769
0.095802
0.176818
0.182216
0.107088
0.365380
0.288937
0.217637
0.207749
0.186150
0.056731
-0.287232
-0.195212
0.025805
-0.000310
-0.108662
-0.217195
0.058016
-0.005865
-0.074552
0.027921
0.029414
-0.039646
-0.401961
-0.359766
-0.438452
-0.441847
-0.497589
-0.585278
-0.203651
-0.008303
0.081699
0.391812
0.573966
0.499066
0.278212
0.379056
0.259521
0.179764
0.087469
-0.079420
-0.046101
-0.334093
-0.397577
-0.178286
-0.145987
0.068108
0.074365
0.178652
0.095995
0.157180
0.008039
-0.121229
-0.048061
-0.245811
-0.294561
-0.072044
-0.033831
0.387479
0.384136
0.506545
0.273097
0.199849
0.039996
-0.037359
0.097215
0.226039
0.406770
0.175450
-0.079854
-0.044783
-0.581765
-0.881929
-0.660017
-0.453724
-0.585734
-0.414832
0.042077
-0.101469
-0.001499
0.129169
0.215891
0.253877
0.125386
0.160807
0.387770
0.492250
0.649162
0.541780
0.534530
0.136015
-0.160603
-0.565081
-0.867034
-0.813063
-0.945413
-0.750369
-0.398175
0.027038
0.335124
0.331425
0.637417
0.624382
0.338187
0.348535
0.349974
0.446896
0.175642
0.465945
0.234304
0.215245
-0.072809
-0.292322
-0.385713
-0.613175
-0.773907
-0.595745
-0.302889
0.160218
0.264490
0.562044
0.423956
0.309473
0.087857
0.115203
0.248019
0.337944
0.358152
0.606713
0.116683
0.202419
-0.216581
-0.448839
-0.958426
-0.679676
-0.744815
-0.628158
-0.165384
0.156040
0.421031
0.382001
0.514480
0.700617
0.301577
0.030884
0.094169
-0.260062
-0.495095
-0.612598
-0.415272
-0.524362
-0.235476
-0.262811
-0.162963
-0.155788
-0.223911
-0.176028
-0.010759
0.278155
0.582560
0.655769
0.777064
0.605416
0.397332
-0.038973
-0.237246
-0.190634
-0.452843
-0.475343
-0.216992
-0.129664
0.129018
0.119995
0.415248
0.458026
0.332304
-0.208283
-0.257207
-0.389493
-0.691400
-0.580177
-0.062074
0.184035
0.334387
0.382261
0.651120
0.500032
0.244521
0.367202
0.147551
-0.074678
-0.367187
-0.315019
-0.531197
-0.412355
-0.378711
-0.424038
-0.188175
-0.129262
-0.042520
0.291142
0.508015
0.723964
0.468095
0.410478
0.025544
-0.325661
-0.534409
-0.507117
-0.339914
-0.186166
-0.073448
-0.084105
-0.056451
0.237034
-0.023984
-0.096739
0.036850
-0.179007
-0.526492
-0.525936
-0.154521
-0.229395
-0.089941
-0.090582
-0.140004
-0.307668
-0.297610
-0.032729
0.879327
1.417419
1.555466
1.279998
1.182281
0.338140
-0.289201
-0.536885
-0.691408
-0.648270
-0.620828
-0.205685
-0.033481
0.099337
0.471336
0.353775
0.497904
0.714975
0.763943
0.457638
0.567099
0.252773
-0.156031
-0.212234
-0.400646
-1.374562
-1.558181
-1.601894
-0.952418
-0.372651
0.188751
0.791635
1.045470
0.685417
0.272947
0.705826
0.352342
0.169368
-0.010542
-0.156467
-0.121405
0.013699
-0.205477
0.130685
0.080729
0.019441
-0.361236
-0.236206
-0.080739
-0.285206
-0.440196
-0.394072
0.008610
-0.218603
0.004742
0.056989
0.201899
0.468588
0.167007
0.091271
0.359622
0.510805
0.406361
-0.204802
0.017093
-0.104100
-0.209748
-0.415749
0.436299
0.513138
0.300289
0.276366
0.657788
0.266174
0.392215
0.199433
0.204279
-0.230160
-0.915927
-1.263219
-0.999053
-0.992311
-1.353551
-0.640179
-0.619342
-0.609922
-0.214729
-0.080309
0.255639
0.450036
0.579727
0.434609
0.662865
0.466971
0.292004
0.157728
0.112815
0.014422
0.130922
0.051030
0.488137
0.806236
0.679023
0.993994
1.077988
0.512290
-0.292207
-0.421112
-0.811473
-1.031106
-0.823987
-0.709973
-0.412612
-0.317206
0.008425
0.618689
0.029895
0.134844
-0.009424
-0.232052
-0.688177
0.129845
0.148582
0.226851
0.543563
0.492007
0.487640
0.444180
0.553963
0.892912
0.141097
-0.582812
-0.327394
-1.162645
-1.561552
-0.856331
-0.045074
-0.271987
-0.408387
-0.220252
-0.353198
-0.582767
-0.886545
-0.201318
-0.342423
-0.290006
0.106795
0.496237
0.760304
0.661432
0.519807
0.058616
-0.042267
-0.153531
-0.214928
-0.146342
-0.074502
-0.313351
-0.012834
-0.123882
0.094898
0.300731
0.242376
0.104442
0.241493
0.278619
0.371798
0.705828
0.799119
0.706790
0.509444
0.375364
0.556080
0.671143
0.691784
0.912436
1.088375
0.926915
-0.208683
-0.900751
-1.041339
-2.026277
-2.142458
-1.375130
-0.491701
-0.401226
-0.401335
-0.052495
-0.111331
-0.031581
-0.159075
0.593747
0.482275
0.658518
0.638090
0.783275
0.925399
0.757447
0.707716
0.641772
-0.414532
-0.265833
-0.360082
-0.345644
-0.353040
-0.288424
-0.638657
-0.694875
-0.806443
-0.968634
-0.031447
0.284724
0.431287
0.580169
0.651549
0.540883
0.409052
0.233977
0.399549
-0.065223
0.249756
0.417048
-0.009544
-0.245419
0.228584
0.019828
-0.635082
-0.414584
-0.308866
-0.286421
-0.072642
-0.077735
0.343747
0.386408
-0.002319
-0.233036
0.137772
-0.021938
-0.086178
-0.015333
-0.086380
-0.024690
0.058216
0.086156
0.573318
0.797262
0.535062
0.610431
0.117985
-0.015175
-0.200324
-0.260281
-0.347833
-0.269834
-0.336767
-0.674847
-0.340026
-0.306253
-0.187671
-0.071773
0.097382
0.172651
-0.026641
0.039096
0.067643
0.046699
0.034109
0.005229
0.222921
0.163007
0.119820
0.125034
0.056790
0.167499
-0.205029
-0.295171
-0.346263
-0.362948
-0.520489
-0.374808
0.032728
0.082660
0.219730
0.276551
0.280226
0.279630
-0.007874
-0.085595
0.032850
0.055897
0.030825
0.001809
0.237864
0.102584
0.024743
-0.048029
-0.042846
-0.023356
-0.311008
-0.312293
-0.212620
-0.178083
-0.049034
-0.040708
0.224664
0.185777
0.075967
-0.032102
-0.000373
0.025901
0.055009
0.178386
0.211029
0.227387
0.297067
0.030841
0.361853
0.316484
0.250604
0.194866
0.163231
0.020655
-0.378900
-0.434770
-0.527320
-0.510015
-0.520200
-0.364591
-0.032866
-0.005060
-0.128687
-0.211829
-0.063022
-0.020540
-0.254333
-0.180816
-0.031877
-0.168681
-0.115270
0.180488
0.539859
0.588138
0.566771
0.512637
0.457355
0.413174
0.009902
-0.051524
-0.037599
-0.376513
-0.379237
-0.370589
-0.147995
-0.268833
-0.216917
-0.234176
-0.146040
-0.041819
0.092740
0.189737
0.346692
0.393855
0.410576
0.100866
0.328224
0.210799
0.089350
0.002057
-0.066067
-0.121653
-0.448214
-0.429530
-0.381723
-0.255776
-0.103826
-0.037352
0.323607
0.429167
0.303731
0.206153
0.036966
-0.115514
-0.471196
-0.380743
-0.391534
-0.030220
0.055821
0.114975
0.369065
0.412102
0.205439
0.278615
0.192443
0.142025
-0.246141
-0.370752
-0.463740
-0.473410
-0.433620
-0.376866
-0.050254
-0.040518
-0.003831
0.092940
0.104832
0.212670
0.228516
0.180387
0.135902
0.149968
0.093101
-0.214744
0.069192
-0.013493
-0.118948
-0.187125
-0.197590
-0.157928
-0.161778
0.169116
0.268461
0.205311
0.297885
0.241682
0.181205
0.047196
0.079842
-0.127544
-0.113090
-0.025336
-0.140707
-0.013085
0.173329
-0.025963
0.151150
0.067975
0.251017
0.153629
0.389140
0.174834
0.409543
0.402903
0.008431
-0.416202
-0.437556
-0.787365
-0.534830
-0.460821
0.067967
0.219408
0.228875
0.012947
0.395551
0.383215
0.249424
0.141671
0.081803
-0.495959
-0.515123
-0.393545
-0.000191
-0.035291
0.086669
0.092046
-0.022012
0.202529
0.266982
0.647602
0.524191
0.075710
-0.117947
-0.169393
-0.197119
-0.135314
-0.399298
-0.574867
-0.687543
-0.483380
-0.510669
0.209804
0.646446
0.338732
0.318578
-0.189103
-0.166711
-0.393408
0.093434
-0.331948
0.069429
0.187018
0.370615
-0.401766
-0.032406
-0.454143
-0.416352
-0.518262
0.310036
0.296112
0.831887
0.980161
0.922150
0.790098
0.630224
-0.342582
-0.791872
-0.955597
-0.796338
-0.735092
0.194463
0.295335
0.494924
0.661282
0.735106
0.660957
0.384383
-0.010774
-0.350744
-0.648918
-0.356443
-0.276035
-0.140435
-0.162860
0.033794
-0.197843
-0.819504
-0.423983
-0.250524
-0.114463
-0.049673
0.859014
0.469279
-0.040697
-0.194658
-0.153151
-0.435388
0.165024
0.459582
0.508271
0.818543
1.236379
0.953590
1.285515
1.292816
1.032207
0.451948
0.021295
-0.365030
-0.382427
-0.607710
-0.248956
-0.157626
-0.128420
-0.142292
-0.021448
-0.012582
-0.853016
-0.836270
-0.991029
-0.963105
-1.167195
-0.360318
-0.405866
-0.609241
-0.981662
-0.600950
-0.196445
-0.017710
0.436026
1.183025
1.337145
1.328013
1.611201
1.583823
1.182313
0.774551
0.588310
0.220264
0.042519
-0.213311
-0.425763
-0.646680
-0.766964
-0.944992
-0.679631
-0.407305
-0.031699
0.227565
0.592997
0.788111
0.889320
0.611115
0.303085
0.098053
-0.216746
-1.347277
-1.231640
-0.861700
-0.444793
-0.941622
-0.501346
-0.672908
-0.722559
-0.902361
-0.382863
0.284462
0.569651
0.556927
0.727389
0.772077
0.651518
0.423071
0.217206
-0.212095
-0.285775
-0.565594
-0.639550
-0.690145
-0.745145
-0.563140
-0.187585
-0.044286
0.302353
0.460134
0.371402
0.435495
0.686539
0.855827
1.288018
1.701863
1.902110
1.810730
1.564953
0.668170
-0.186941
-0.750344
-1.076579
-1.183287
-1.216378
-0.858436
-0.582309
-0.405635
-0.375334
-0.031082
0.014059
0.032500
0.169367
-0.056006
-0.097428
-0.176339
-0.359038
-0.608425
-0.429016
-0.391533
-0.400553
-0.138380
-0.108989
0.159484
0.589101
0.549402
0.297425
0.248230
-0.249506
-0.652384
-0.461832
-0.017919
0.464527
0.320424
0.050396
-0.502469
-0.950436
-1.114221
-0.516947
0.219587
1.264604
1.527100
1.335066
0.983175
0.348564
-0.240737
-0.027428
-0.017710
0.298841
0.606786
0.560716
0.166060
0.274058
0.134681
-0.114419
-0.182119
-0.189600
-0.448545
-0.616422
-0.694592
-0.476322
-0.592040
-0.577439
-0.588773
-0.526357
-0.566839
-0.373509
-0.033206
0.329305
0.734939
0.656830
0.541628
0.168103
-0.455732
-0.927230
-0.681356
-0.679119
-0.353956
-0.209906
0.237965
0.146271
0.412199
0.546311
0.870139
0.963680
0.857894
0.639763
0.329369
-0.049836
-0.229320
-0.056841
0.109256
0.286967
0.624531
0.552233
0.386826
0.182566
0.062762
0.143566
-0.102950
-0.274200
-0.480530
-0.649654
-0.701778
-0.382227
-0.804668
-1.120582
-1.386725
-1.215101
-1.339267
-0.770209
-0.271562
-0.009862
0.041077
0.157965
0.380428
0.691028
0.981040
0.940945
0.630388
0.525100
0.275839
-0.003083
-0.353864
-0.626291
-0.650690
-0.723384
-0.635756
-0.622078
0.026077
0.290613
0.630143
1.352174
1.555888
1.538953
1.232933
0.813075
0.219508
0.240646
-0.077584
-0.253184
-0.312885
-0.375700
-0.384886
-0.207704
-0.165536
-0.060234
0.248715
0.122274
0.332004
0.268451
0.228888
-0.214708
-0.411012
-0.708581
-0.786048
-0.808534
-0.794335
-0.736118
-0.594573
-0.635297
-0.036807
0.198875
0.677337
1.054401
1.655748
1.348135
0.865007
0.701842
0.038418
-0.611566
-0.890882
-0.558781
-0.855207
-0.691031
-0.032244
0.436432
0.136590
-0.006344
-0.008507
-0.369277
-0.779733
-0.522433
-0.362231
-0.347562
-0.221091
-0.178128
0.056453
0.294925
0.372774
0.712205
0.763975
0.753332
0.350765
0.063022
-0.722854
-0.844759
-0.837623
-0.283613
0.025866
0.308187
0.310895
0.096503
-0.097574
0.209814
0.000062
-0.061020
0.089579
0.059415
-0.254411
-0.044900
0.423542
0.588673
0.535916
0.707205
0.749684
0.634710
0.548510
0.622701
0.707958
0.348768
-0.129193
-0.528341
-0.651501
-0.807667
-0.658557
-0.381155
-0.077065
-0.060233
-0.205355
0.053477
0.355113
0.415003
0.955369
1.011501
0.996903
0.677316
0.202497
-0.379959
-0.486975
-0.641721
-0.885167
-0.856581
-1.106579
-1.414839
-1.390689
-1.229013
-0.839042
-0.407092
0.085535
0.307366
0.635632
0.936160
0.983559
1.126629
1.181973
1.159749
0.865460
0.726424
0.625373
0.599516
0.363539
0.420662
0.192802
-0.000928
-0.338231
-0.542836
-0.850511
-0.971850
-1.057263
-1.259790
-1.082217
-0.964981
-0.521833
-0.169094
0.411243
0.727970
0.625651
0.327552
0.237217
-0.009950
-0.169863
-0.233106
-0.203000
-0.437692
-0.636417
-0.666175
-0.447969
-0.440861
-0.453637
-0.335548
-0.276155
-0.259245
0.075592
0.217750
0.563132
0.628972
0.661614
0.757300
0.801930
0.693758
0.499974
0.390050
0.203349
-0.192639
-0.027537
-0.034038
-0.189857
-0.474647
-0.196715
-0.225175
-0.160899
0.215574
0.176274
-0.062002
-0.371247
-0.465683
-0.775516
-0.688160
0.285056
0.996718
1.220591
1.830852
1.728977
1.063769
0.311791
0.140154
-0.390544
-0.436569
-0.386202
-0.482509
-0.597631
-0.672324
-0.315195
-0.154299
0.025102
0.162354
0.403946
0.429664
0.005316
-0.440194
-0.609776
-1.012476
-1.102587
-0.841384
-0.491431
-0.354776
-0.130025
0.054906
-0.164079
-0.160417
0.011036
0.049077
0.185585
0.518142
0.771331
0.841850
0.674445
0.468731
0.097402
0.174968
0.127930
0.405459
0.593956
0.889211
0.818066
0.406783
0.292140
-0.021779
-0.384171
-0.787026
-1.122064
-1.244683
-1.185288
-0.818642
-0.534707
-0.104573
-0.023987
-0.219977
-0.363957
-0.402555
-0.605504
-0.182815
0.075635
0.239560
0.184952
0.539477
0.511864
0.712622
0.729705
0.885312
1.287920
1.530874
1.269643
1.709222
1.557882
1.079870
0.097603
-0.442895
-1.126764
-1.083764
-1.234192
-1.005695
-0.706915
-0.721966
-0.745445
-0.419384
-0.254190
-0.099222
-0.131021
-0.226498
-0.195911
0.002284
0.201009
0.401876
0.691298
0.684641
0.393564
0.348981
0.147242
0.111245
-0.183631
-0.267547
-0.567942
-0.445810
-0.670450
-0.543910
-0.176957
0.162659
0.061068
0.178442
0.173571
0.202300
0.247591
0.660515
1.016549
1.161558
1.006797
0.736118
0.446717
0.043464
-0.412691
-0.600756
-0.662308
-0.695220
-0.800450
-0.591831
-0.594168
-0.605025
-0.545864
-0.440793
-0.075094
0.320041
0.170393
0.331229
0.361284
0.359925
-0.020932
0.295133
0.380879
0.332840
0.216467
0.514038
0.815107
0.871650
0.687705
0.403700
0.030199
-0.436436
-1.219444
-1.424922
-1.266719
-1.039454
-0.788650
-0.415366
0.083214
0.133203
0.098085
0.014050
0.233165
0.406769
0.453299
0.542343
0.943619
0.947437
1.004948
0.905671
0.806995
0.313273
0.007393
-0.175662
-0.428983
-0.163657
-0.512732
-0.632993
-0.676876
-0.973628
-1.407109
-1.357618
-1.206742
-1.306596
-0.843186
-0.304286
0.256966
0.725024
0.888027
1.034979
0.903120
0.634421
0.349704
0.092975
0.070994
-0.140639
-0.127771
-0.166122
-0.146131
0.142183
0.007989
-0.096836
0.233724
0.287807
0.165444
0.285809
0.561163
0.357887
0.163210
-0.017682
-0.322913
-0.322799
-0.717429
-0.692698
-0.655613
-0.759355
-0.937735
-0.800697
-0.314838
-0.150277
-0.018261
-0.046438
-0.059513
-0.001473
-0.109432
0.291461
0.729866
0.856039
0.825714
0.719545
0.659212
0.454421
0.212179
0.097406
-0.163515
-0.230929
-0.383314
-0.068875
-0.192391
-0.139523
-0.148886
-0.191359
0.068008
0.391718
0.708719
0.865861
0.677367
0.510165
-0.069377
-0.405325
-0.382618
-0.297621
-0.269175
-0.174554
0.067750
-0.062120
0.024531
0.037828
0.137814
0.146490
-0.199602
-0.473912
-0.606406
-0.884437
-0.997963
-0.981858
-0.629607
-0.550246
-0.191290
0.009633
0.109039
0.215743
-0.051632
0.009229
0.077564
0.265317
0.401173
0.547933
0.423977
0.288932
0.226068
-0.116064
-0.296465
-0.254618
-0.195646
-0.026663
0.244564
0.714866
0.934705
0.949239
1.096418
1.156496
0.536415
0.485402
0.086932
-0.040289
-0.604183
-0.562211
-0.612411
-0.543189
-0.608880
-0.739690
-0.757152
-1.164014
-0.832079
-0.728288
-0.203372
0.213044
0.532901
0.477206
0.434237
0.374746
0.352848
0.294675
0.361200
0.387194
0.119143
0.099065
0.138607
0.134106
-0.254310
-0.282449
-0.271590
-0.264959
-0.289823
-0.226960
0.204218
0.282127
0.068262
0.104328
0.105777
0.041426
-0.246844
-0.222171
-0.251324
-0.307197
-0.286730
-0.316149
-0.019113
0.035972
0.194655
0.204472
0.464488
0.516128
0.536437
0.798845
0.863107
0.878827
0.851731
0.806570
0.426484
0.048379
-0.232730
-0.645126
-0.966964
-0.914719
-0.889617
-0.863488
-0.704372
-0.551789
-0.359186
-0.181279
-0.101759
-0.049609
-0.161538
-0.316623
-0.404453
-0.477075
-0.579385
-0.565743
-0.574992
-0.521900
-0.541698
-0.511889
-0.413346
-0.349815
-0.122992
0.246829
0.445843
0.633735
0.871194
0.850372
0.764153
0.795688
0.785963
0.731398
0.714076
0.751332
0.782423
0.800956
0.766871
0.405529
0.321049
0.243768
-0.117311
-0.393057
-0.403485
-0.637064
-0.870104
-0.806677
-0.673235
-0.578668
-0.576195
-0.563421
-0.584432
-0.685039
-0.343377
-0.311795
0.060045
0.151993
0.514120
0.480768
0.431026
0.460280
0.437734
0.398239
0.128786
0.230428
-0.023363
-0.019697
-0.250373
-0.302567
-0.106204
0.031502
-0.109630
0.083599
0.007764
0.042652
-0.241811
-0.164000
-0.083198
0.001944
-0.245337
-0.213537
0.193379
0.235004
0.202789
0.440465
0.441895
0.352130
-0.019832
0.003405
-0.030197
-0.080924
-0.112215
-0.082577
-0.023357
-0.198245
-0.171423
-0.124856
-0.236694
-0.078160
-0.199163
-0.252417
-0.242660
-0.178460
-0.115385
-0.091667
0.322188
0.356800
0.380506
0.157083
0.187581
0.160300
-0.205765
-0.232926
-0.007005
-0.004092
-0.022704
-0.017508
0.262982
0.237167
0.252950
0.267733
0.321756
0.163629
-0.039158
-0.026805
-0.037844
-0.127441
0.009311
-0.159767
0.012757
-0.044817
-0.037356
-0.004330
0.099005
0.223119
-0.007754
0.052202
-0.213909
-0.268932
-0.322407
-0.416420
-0.173607
0.074942
0.115690
0.034762
0.075929
0.059962
-0.194301
-0.184678
-0.087757
-0.030571
-0.255629
-0.223193
0.120987
0.160205
0.087503
0.391632
0.386872
0.348651
0.023748
0.095736
0.038434
-0.012347
-0.007770
-0.066972
-0.044124
-0.262901
-0.219438
-0.217793
-0.194253
0.012403
-0.016998
-0.040397
-0.055414
0.009137
0.038935
0.030505
0.322875
0.339137
0.338725
0.345274
0.328529
0.325923
-0.022434
-0.113579
-0.131183
-0.142765
-0.222921
-0.218143
0.023621
-0.039270
-0.082842
-0.078957
-0.027339
-0.162026
-0.328025
-0.215496
-0.112617
-0.064877
0.162128
0.137682
0.379796
0.357434
0.300861
0.230588
0.178246
0.130036
-0.201146
-0.244322
-0.456398
-0.468824
-0.409131
-0.388617
-0.023134
0.297618
0.290030
0.285724
0.344402
0.298919
-0.042939
0.001076
-0.022054
-0.070919
-0.313806
-0.308014
0.022348
0.080392
0.059289
0.260904
0.235507
0.116764
-0.219338
-0.209296
-0.153888
-0.137694
-0.092584
-0.166591
0.076983
0.026057
-0.040604
-0.046282
0.049605
0.076112
-0.104665
0.055388
0.134728
0.125858
0.204129
0.175797
0.386187
0.373579
0.383536
-0.003231
-0.092808
-0.133192
-0.497024
-0.587125
-0.265045
-0.225669
-0.171960
-0.084742
0.248561
0.266672
0.264198
0.247945
0.221329
-0.029078
-0.250579
-0.177847
-0.185119
-0.194383
0.081188
0.025693
0.220838
0.208884
0.208088
0.197607
0.132303
0.165416
-0.073181
-0.058001
-0.367791
-0.282684
-0.261842
-0.318531
-0.130140
0.105365
0.042641
0.035126
0.014008
0.103335
-0.126524
-0.116241
-0.108547
-0.000758
-0.276385
-0.270152
0.042542
0.043307
-0.028638
0.235696
0.235696
0.339418
0.001664
-0.011527
0.207529
0.257125
0.393542
0.240696
0.127404
-0.313034
-0.270481
