9.686443
9.686443
6.728438
3.770433
1.243379
-1.714626
-4.672632
-4.642698
-4.484198
-4.619164
-4.282777
-3.660646
-3.119044
-2.501288
-2.104234
-1.447358
-0.909268
-0.429712
-0.097236
0.269489
0.371066
0.217638
0.143317
0.124492
0.047517
0.006270
-0.101986
-0.049629
-0.104253
-0.291028
-0.367547
-0.372966
-0.681954
-0.877903
-0.804903
-0.744758
-0.684156
-0.140655
0.072359
0.619093
0.983341
1.259725
1.365742
1.440116
1.321541
1.050184
0.934223
0.643542
0.459605
0.271695
0.133610
-0.024098
-0.153649
-0.419781
-0.587880
-0.577777
-0.875320
-0.791147
-0.440316
-0.607221
-0.595085
-0.111084
-0.040349
-0.235071
-0.177731
-0.034819
0.059396
0.151143
0.236614
0.546260
0.543447
0.189739
0.135461
0.481207
0.496882
0.480361
0.736259
0.507130
0.303071
0.013681
-0.137043
-0.525723
-0.701700
-0.807405
-0.650579
-0.792222
-0.447837
-0.062981
0.125600
0.083974
0.234431
0.084291
-0.109648
-0.065719
0.146839
0.360137
0.335629
0.581826
0.285417
0.244381
0.182076
0.151608
0.110459
0.071851
-0.227346
-0.572223
-0.657286
-0.893045
-0.878635
-0.815483
-0.449213
-0.123779
0.133199
0.380049
0.575577
0.562898
0.577989
0.567004
0.596932
0.617528
0.674121
0.647702
0.253841
0.125687
-0.006250
-0.532498
-0.667940
-0.780678
-0.833093
-1.369553
-1.642641
-1.565964
-1.207933
-1.085513
-0.450866
0.260094
0.354376
0.638216
0.711185
0.716502
0.758105
0.743519
0.575953
0.493143
0.557483
0.534923
0.374049
0.207982
0.008403
-0.316300
-0.645982
-0.758960
-0.799177
-0.691639
-0.526314
-0.202164
0.104569
0.393178
0.543099
0.735484
0.744125
0.696804
0.742377
0.737750
0.563550
0.485399
0.427634
0.070510
-0.074462
-0.284849
-0.498907
-0.734741
-0.733758
-0.775980
-0.550039
-0.610077
-0.663109
-0.416590
-0.307732
-0.438083
-0.008993
0.449402
0.577800
0.610662
0.774102
0.567219
0.383606
0.245595
0.323838
0.382195
0.529693
0.639691
0.531376
0.184514
-0.060619
-0.416967
-0.774815
-0.909529
-0.797948
-0.899525
-0.909833
-0.779853
-0.693727
-0.571031
-0.404292
0.183008
0.338873
0.464555
0.459469
0.499072
0.178663
0.176384
0.322178
0.776119
1.305104
1.342770
1.615922
1.481068
1.315789
0.762292
0.605714
0.386554
0.176912
-0.176048
-0.374503
-0.539864
-0.812316
-0.765207
-0.935273
-0.913768
-0.809798
-0.817897
-0.832775
-0.751574
-0.710736
-0.606629
-0.553436
-0.534585
-0.482489
-0.659313
-0.514125
-0.400900
-0.109963
0.054812
0.526672
0.364953
0.330527
0.328857
0.159934
0.398833
0.773166
0.737144
0.657165
0.642267
0.146051
-0.343062
-0.490742
-0.816514
-0.873302
-0.897348
-1.059806
-0.756354
-0.497269
-0.460295
-0.146450
0.159191
0.450974
0.442295
0.551478
0.587335
0.571643
0.401356
0.290833
0.520229
0.547851
0.402795
0.296195
0.349161
0.144967
-0.230777
-0.262051
-0.486957
-0.577141
-0.561700
-0.636246
-0.470976
-0.457925
-0.324172
-0.178742
-0.142557
-0.070515
-0.010558
-0.106522
-0.082034
0.259738
0.381070
0.600186
0.704681
0.539634
0.232728
0.213975
-0.188760
-0.262463
-0.368200
-0.256112
-0.389081
-0.393872
-0.519323
-0.592321
-0.462697
-0.359882
-0.248696
-0.087308
0.138038
0.215823
0.288444
0.581540
0.832491
0.925501
1.038837
0.783455
0.736201
0.574537
0.379372
0.096198
0.037421
-0.038807
-0.311710
-0.485202
-0.584874
-0.694865
-0.955517
-0.961789
-0.787886
-0.657449
-0.303190
0.004320
0.236053
0.339755
0.379035
0.318618
0.442296
0.565810
0.831114
1.069738
1.245066
1.295055
1.059403
0.816306
0.516701
0.316366
0.003779
0.033432
-0.219180
-0.393536
-0.527755
-0.659512
-0.886019
-1.028058
-1.143313
-1.146607
-1.332032
-1.137926
-0.872298
-0.597915
-0.502182
-0.003984
0.395447
0.489805
0.894543
1.272521
1.205554
1.097204
1.233150
1.129609
0.793888
0.760945
0.523428
0.300561
0.104950
0.044922
-0.111371
-0.174443
-0.350268
-0.626163
-0.749321
-0.715414
-0.913980
-1.015432
-0.710267
-0.631048
-0.669035
-0.485176
-0.061389
-0.071173
0.009987
0.224930
0.500026
0.593557
0.681068
0.892645
0.876423
0.671697
0.609632
0.533758
0.458652
0.508787
0.647453
0.547331
0.299864
0.108279
-0.266264
-0.579909
-0.706258
-0.754168
-0.896128
-0.954501
-1.089180
-1.301530
-1.266364
-1.052782
-0.828662
-0.333131
0.015928
0.234596
0.269250
0.375688
0.248913
0.208600
0.282534
0.377899
0.529105
0.843685
0.931461
1.113589
1.018190
0.899179
0.731736
0.355054
0.181745
0.130495
-0.070975
-0.416348
-0.163109
-0.325075
-0.539540
-0.553858
-0.651926
-0.929113
-1.127955
-1.276630
-1.203563
-1.072049
-0.950894
-0.867894
-0.494033
-0.296380
-0.184325
0.135347
0.182421
0.060262
0.146362
0.299181
0.066130
0.353813
0.556877
0.441756
0.312297
0.347054
0.132461
0.072058
0.179423
0.373679
0.458852
0.382971
0.337060
0.435029
0.197752
0.110233
0.140290
0.474369
0.075510
-0.508109
-1.104904
-1.791467
-2.341234
-2.489535
-2.010895
-1.132916
-0.281872
0.064890
0.396854
0.558581
0.554502
0.651554
0.460380
0.373234
0.539691
0.370108
0.286706
0.463145
0.528531
0.376492
0.546486
0.667470
0.819083
0.760596
0.707350
0.401179
-0.035992
-0.448004
-0.676158
-0.975574
-1.174785
-1.230443
-1.129450
-1.061454
-0.768209
-0.448264
-0.110504
0.052491
0.270432
0.207897
0.263686
0.274274
0.315266
0.412757
0.644659
0.687373
0.715193
0.716581
0.735416
0.730259
0.603606
0.497228
0.324887
-0.035604
-0.348883
-0.525820
-0.806135
-1.053049
-1.138564
-1.112296
-1.047268
-0.860834
-0.549627
-0.237037
-0.000694
0.213969
0.403870
0.495251
0.486615
0.626349
0.686437
0.720143
0.713211
0.781037
0.646163
0.624789
0.485706
0.396523
0.191054
-0.031493
-0.285967
-0.380370
-0.671201
-0.696417
-0.728424
-0.828688
-0.940388
-0.837518
-0.712981
-0.670257
-0.360470
-0.016404
0.339377
0.524304
0.731515
0.663349
0.615495
0.629727
0.669769
0.637447
0.874362
0.851655
0.768786
0.679949
0.636566
0.396402
0.401843
0.398775
0.211495
0.143249
0.230400
0.107736
-0.095228
-0.194797
-0.308919
-0.604315
-0.737520
-0.860548
-0.987319
-0.958488
-0.862893
-0.741634
-0.523837
-0.259008
-0.087734
-0.023545
0.020635
0.012380
0.170022
0.317691
0.547974
0.691147
0.846440
0.855806
0.823565
0.685769
0.662115
0.542631
0.468193
0.423426
0.430846
0.212259
-0.057011
-0.294345
-0.648214
-0.989902
-0.991894
-0.862689
-0.945990
-0.883597
-0.887783
-0.983410
-0.875910
-0.588892
-0.556739
0.001280
0.401007
0.572079
0.886037
1.112060
0.904858
0.849640
0.811470
0.629385
0.440102
0.306085
0.180488
0.109722
-0.208445
-0.161480
-0.090124
-0.168132
-0.145831
-0.139535
-0.147538
-0.251189
-0.322671
-0.775859
-1.016299
-1.212171
-1.232581
-1.257864
-0.762207
-0.177876
0.168778
0.300221
0.401721
0.340931
0.044495
0.061136
0.188510
0.310085
0.361899
0.582546
0.535463
0.650320
0.744411
0.440116
0.502573
0.709467
0.431044
0.267558
0.414752
0.152593
-0.288837
-0.445771
-0.687432
-0.852881
-0.883580
-0.766047
-0.767146
-0.702084
-0.841225
-0.891805
-0.886395
-0.550332
-0.407858
-0.086960
0.208194
0.362482
0.261308
0.432926
0.662437
0.793362
0.877734
0.874762
0.983556
0.942970
0.771312
0.655076
0.608321
0.312849
0.101135
-0.095923
-0.263959
-0.342152
-0.392604
-0.551594
-0.581644
-0.730046
-0.945683
-1.069081
-1.350903
-1.444061
-1.124169
-0.995330
-0.750357
-0.251465
-0.087189
-0.084955
0.197113
0.767898
0.846610
1.060701
1.012362
1.222395
0.688081
0.868458
0.723289
0.733999
0.458154
0.547068
0.444141
0.562077
0.495516
0.377671
0.220754
-0.158099
-0.429705
-0.388766
-0.554487
-0.728905
-0.793085
-0.991315
-1.188594
-1.198303
-0.868447
-0.506723
-0.107881
0.058047
0.211882
0.204847
0.254970
0.287541
0.395556
0.613427
0.641957
0.479802
0.595016
0.692668
0.669222
0.566815
0.649297
0.436076
0.157361
-0.123517
-0.359850
-0.351245
-0.135970
-0.147536
-0.502670
-0.880699
-1.343036
-2.095057
-2.176318
-1.806954
-1.150316
-0.662896
-0.081081
0.145884
0.250659
0.255958
0.238510
0.287460
0.605069
0.817170
0.795499
1.019795
1.229470
1.189900
0.879326
0.767514
0.588089
0.269062
-0.020106
-0.016433
0.190559
0.371635
0.445044
0.410025
0.634504
0.556154
-0.002045
-0.427372
-0.528726
-0.797619
-1.232293
-1.350679
-0.951165
-0.743513
-0.456621
0.172982
0.593984
0.677256
0.781445
0.687377
0.310740
0.044748
0.008833
-0.110716
-0.031072
0.132402
0.243831
0.124742
0.149490
0.085097
-0.202432
-0.373232
-0.682392
-1.044371
-1.255914
-1.185673
-0.960294
-0.487966
-0.119462
0.193859
0.556558
0.933210
0.943368
1.088983
1.179708
1.128060
0.968852
0.968852
0.690134
0.434157
0.147979
-0.210375
-0.491381
-0.613794
-0.600559
-0.772726
-0.855026
-0.857798
-0.834395
-0.927977
-0.635915
-0.274219
-0.028794
0.189123
0.251945
0.243671
0.183168
0.353784
0.401117
0.599623
0.763717
0.847284
0.600452
0.689580
0.438897
0.051954
-0.101878
-0.228537
-0.543054
-0.595876
-0.541286
-0.744989
-0.755336
-0.816078
-1.110017
-1.020626
-0.738111
-0.040512
0.422210
1.149466
1.415202
1.395910
0.771311
0.511649
0.218242
0.024362
0.050172
0.157541
-0.188897
-0.459883
-0.658483
-0.971507
-0.984344
-0.977220
-0.747858
-0.596726
-0.288418
-0.333091
-0.059543
0.012086
-0.010434
0.078409
0.322423
0.531001
0.741020
1.093825
1.462381
1.392409
1.238494
1.040108
0.830424
0.216981
-0.010909
-0.175535
-0.417894
-0.584037
-0.540535
-0.651700
-0.652446
-0.574829
-0.464787
-0.382530
-0.438329
-0.553530
-0.531605
-0.782027
-1.018226
-1.005192
-0.589492
-0.464979
-0.189277
0.023989
0.550693
0.634325
0.826185
1.088532
1.496359
1.525034
1.410004
1.295060
1.139846
0.715286
0.418259
0.313106
0.168924
-0.030548
-0.124431
-0.233876
-0.360430
-0.297752
-0.318941
-0.231233
-0.196994
-0.262730
-0.546432
-0.682304
-0.704395
-0.706519
-0.961768
-0.778615
-0.830727
-0.934740
-1.031013
-0.736876
-0.388229
-0.223355
-0.017557
0.234188
0.383079
0.148213
0.423368
0.794504
0.892237
0.977158
1.148601
1.243655
0.979804
0.960047
0.890523
0.618448
0.263334
0.014101
-0.294463
-0.548218
-0.696732
-0.841780
-1.114445
-1.390922
-1.427242
-1.479124
-1.262720
-0.861294
-0.356986
0.002613
0.356214
0.478416
0.581008
0.545119
0.636938
0.705502
0.654280
0.832729
0.839528
0.612172
0.520658
0.474849
0.180507
0.317723
0.387314
0.227913
0.105488
0.030259
-0.442932
-0.791691
-1.015309
-1.483238
-1.648305
-1.589283
-1.277918
-1.065078
-0.365783
0.314282
0.593863
0.615577
0.804118
0.853719
0.682031
0.837334
0.940733
0.896709
0.967107
0.803563
0.415435
0.196423
0.171518
-0.057282
-0.097108
0.107613
0.023382
-0.197894
-0.497617
-0.967058
-1.149596
-1.312810
-1.028451
-0.904871
-0.543324
-0.536306
-0.293425
-0.244924
-0.088940
-0.138849
-0.098260
-0.099306
0.135735
0.451057
0.695584
0.884225
0.922424
0.598649
0.313903
0.157903
0.126022
0.299375
-0.003024
-0.314926
-0.317461
-0.516742
-0.809651
-0.923881
-0.957890
-1.314645
-1.552468
-1.723229
-1.448074
-1.050424
-0.543565
-0.034059
0.319968
0.593235
0.548918
0.596612
0.993610
1.488687
1.726791
2.007337
1.835484
1.317087
0.896077
0.543421
0.454160
0.472066
0.380315
0.065591
0.014913
-0.275396
-0.366990
-0.231300
-0.069677
-0.491685
-0.777031
-1.120700
-1.633983
-1.643721
-1.424141
-1.060027
-0.558068
0.001639
-0.064744
0.167678
0.224091
0.533486
0.572563
0.875631
0.923147
1.194668
0.983920
0.885944
0.675807
0.546075
0.230109
-0.088717
-0.356736
-0.143822
-0.260501
-0.468288
-0.495254
-0.479942
-0.757221
-0.862435
-0.949896
-1.093035
-1.031866
-1.002239
-0.648513
-0.115583
0.200604
0.366477
0.733069
0.733394
0.451237
0.525334
0.601633
0.431889
0.565566
0.624828
0.511940
0.399389
0.083100
-0.365401
-0.234166
-0.468581
-0.448524
-0.330459
-0.210819
-0.434991
-0.218044
-0.538700
-0.644117
-0.763626
-0.826666
-0.898655
-0.922360
-0.551292
-0.349380
-0.259960
-0.124258
0.297673
0.392061
0.625377
0.717220
0.732355
0.670065
0.509304
0.356669
0.576803
0.710045
0.780272
0.725446
0.713460
0.576693
0.477961
0.357274
0.113348
-0.130167
-0.487819
-0.823218
-1.088156
-1.302620
-1.149396
-1.045212
-0.956290
-0.722921
-0.382852
-0.456470
-0.385716
-0.140655
0.020086
0.193234
0.471790
0.646704
0.568304
0.742328
0.915394
0.681349
0.725953
0.910662
0.886760
0.617203
0.720111
0.414280
0.013905
-0.537587
-0.795590
-0.933786
-0.910570
-0.832951
-0.655777
-0.582733
-0.724265
-0.830150
-0.641168
-0.660433
-0.528858
-0.323126
0.055710
0.190382
0.475274
0.676074
0.743225
0.664703
0.479954
0.358559
0.479274
0.528685
0.607679
0.713932
0.714239
0.513785
0.493498
0.272544
-0.047679
-0.160833
-0.318596
-0.488369
-0.620220
-0.680448
-0.693669
-0.811608
-0.967527
-0.992644
-0.949780
-1.091723
-0.798393
-0.512898
-0.193480
0.137709
0.490247
0.732536
0.869074
0.964400
0.983466
0.912384
0.601819
0.531934
0.282608
0.050632
0.080334
0.183657
0.208109
0.358767
0.461401
0.196150
-0.208734
-0.538876
-0.820990
-1.080517
-0.963391
-0.582369
-0.345839
-0.406361
-0.374763
-0.437953
-0.579373
-0.550591
-0.313244
0.076234
0.371493
0.464895
0.794432
0.973352
0.928111
0.836454
0.775059
0.529575
0.167886
0.023164
-0.281120
-0.269565
-0.368715
-0.205213
-0.168346
-0.166769
-0.287182
-0.510337
-0.664984
-0.938177
-0.817161
-0.344888
-0.080553
0.164421
0.561359
0.770765
0.740376
0.854347
0.898617
0.589056
0.692891
0.729781
0.429424
0.305485
0.486939
0.154272
-0.379870
-0.450478
-0.537352
-0.530332
-0.647235
-0.563254
-0.451802
-0.398504
-0.438972
-0.041646
0.039071
0.265158
0.478732
0.583004
0.497913
0.454796
0.578335
0.587995
0.686148
0.753421
0.837090
0.628486
0.423351
0.187035
-0.019004
-0.117265
-0.294558
-0.560233
-0.664105
-1.048525
-1.468430
-1.582062
-1.466165
-1.333031
-0.925189
-0.346902
0.010707
0.067373
0.118821
0.312006
0.452369
0.290966
0.578039
0.793788
0.800722
0.893603
1.078277
1.019681
0.907137
0.799601
0.604890
0.459201
0.463255
0.211521
0.092947
-0.102955
-0.198521
-0.400975
-0.522074
-0.547454
-0.607522
-0.692151
-0.882595
-0.844377
-0.862655
-0.918130
-0.897113
-0.778757
-0.585817
-0.437817
-0.258237
-0.002896
0.338073
0.415033
0.717444
0.943078
1.007638
0.980509
1.051998
0.837788
0.658405
0.589977
0.544990
0.557214
0.599646
0.535598
0.371809
-0.018626
-0.304602
-0.922668
-1.383027
-1.469462
-1.549341
-1.577206
-1.242397
-0.719700
-0.501392
-0.114230
0.067848
0.274874
0.189700
0.151667
0.137171
0.277310
0.210298
0.361221
0.384428
0.440741
0.342802
0.454379
0.402945
0.381517
0.020826
-0.258906
-0.622031
-0.973249
-1.293163
-1.175602
-1.041991
-0.982912
-0.866520
-0.631754
-0.495610
-0.375773
-0.222678
0.058999
0.228729
0.502065
0.676945
0.842867
0.878505
1.029340
0.993614
0.862472
0.814651
0.688795
0.402378
0.088093
-0.117443
-0.277895
-0.381376
-0.355828
-0.407920
-0.455703
-0.546946
-0.854273
-1.025029
-0.950794
-0.537111
-0.381932
-0.018984
0.344644
0.406397
0.319445
0.467681
0.694503
0.738253
0.987027
1.115094
1.020405
1.204243
1.045055
0.860604
0.669824
0.490519
0.078747
-0.326497
-0.463981
-0.675097
-0.742512
-0.769098
-0.650413
-0.830343
-0.634798
-0.298831
-0.432604
-0.254341
-0.134552
-0.161083
-0.332816
-0.170194
-0.168762
0.116669
0.194511
0.195340
0.083807
-0.005937
-0.038266
-0.002060
0.163888
0.373989
0.744746
0.966630
0.984729
1.052564
0.994733
0.714772
0.289047
0.000807
-0.244442
-0.372973
-0.470834
-0.816059
-0.906766
-1.147133
-1.343001
-1.341569
-1.080448
-1.052144
-0.725304
-0.356758
-0.147353
0.134822
0.490434
0.653972
0.983979
1.369661
1.370209
1.404623
1.282233
1.016401
0.738353
0.734657
0.483633
0.288667
0.171931
-0.071088
-0.121523
-0.108536
-0.282583
-0.635532
-0.729781
-0.983659
-1.324048
-1.413607
-1.247168
-1.390864
-1.198194
-0.855061
-0.505303
-0.354281
-0.026976
-0.070723
0.080885
0.169358
0.645420
1.034876
1.433386
1.596321
1.772869
1.410497
1.066577
0.842008
0.417098
0.156333
0.044275
-0.157392
-0.527705
-0.663428
-0.806534
-0.938822
-0.936939
-0.911391
-0.935162
-1.002809
-0.885813
-0.805024
-0.633525
-0.584986
-0.403085
-0.497595
-0.314715
-0.089483
0.257902
0.227777
0.346678
0.202416
0.063815
0.121983
0.363152
0.551582
0.665073
0.746883
0.538351
0.315368
0.047272
-0.187308
-0.136303
0.030051
0.139798
0.568226
0.560775
0.242316
-0.227049
-0.702669
-1.380735
-1.526969
-1.873834
-1.700187
-1.114015
-0.570302
-0.295844
0.520449
0.726837
0.552760
0.334444
0.341920
0.121680
0.247280
0.277607
0.359594
0.485163
0.515311
0.374302
0.375193
0.368771
0.273278
0.294814
0.391490
0.109897
-0.191533
-0.357308
-0.713848
-1.221518
-1.435583
-1.478089
-1.845452
-1.957906
-1.982377
-0.077386
1.609959
1.848249
2.216403
2.699380
1.255963
-0.091240
0.258000
0.207165
0.146098
0.184926
0.205540
0.137407
0.130130
0.052236
-0.036833
-0.107135
-0.088767
0.085226
0.340029
0.585741
0.817987
0.859334
0.588694
0.165644
-0.286086
-0.699833
-0.968802
-1.224552
-1.188053
-1.175280
-1.254841
-1.041808
-0.844827
-0.625931
-0.466670
-0.059588
0.017310
0.178194
0.122915
0.339685
0.163360
0.042236
0.072251
0.301819
0.213650
0.423306
0.738357
0.810302
0.710972
0.666951
0.539709
0.206551
0.052619
-0.227336
-0.416787
-0.833533
-1.002246
-1.179226
-1.243577
-1.007501
-0.591691
-0.429216
-0.221586
-0.108459
-0.097334
0.052860
0.360723
0.513052
0.851313
0.954495
0.994482
0.724248
0.628639
0.603872
0.401765
0.354871
0.402452
0.148877
-0.246361
-0.301639
-0.712967
-0.950413
-0.741018
-0.600428
-0.610702
-0.593658
-0.496045
-0.648291
-0.519780
-0.498669
-0.388123
-0.348958
-0.198713
-0.199750
-0.005556
-0.002787
-0.013454
0.090950
0.132378
0.420008
0.803242
1.149816
1.344891
1.505247
1.272795
0.938422
0.530732
0.202368
-0.121475
-0.412961
-0.680156
-0.878304
-1.055629
-1.244926
-1.331456
-1.189754
-1.003402
-0.895942
-0.603363
-0.253740
0.036425
0.256832
0.497389
0.550958
0.558292
0.505238
0.562034
0.541640
0.502328
0.354703
0.446883
0.403155
0.385847
0.139785
-0.059175
-0.537134
-0.788142
-0.995005
-0.926984
-0.695045
-0.453850
-0.371010
-0.229458
0.081109
0.185947
0.264024
0.593130
0.853320
0.815978
0.815277
0.936519
0.763853
0.523125
0.367832
0.194433
-0.029630
-0.206881
-0.415514
-0.607390
-0.664179
-0.796339
-0.812919
-0.787895
-0.650902
-0.690908
-0.514900
-0.383200
0.021098
0.311854
0.678039
0.910402
1.065937
0.999916
1.012419
1.003601
0.902775
0.902728
0.821454
0.411546
0.095304
-0.114508
-0.366706
-0.561184
-0.491707
-0.544138
-0.488683
-0.452031
-0.584972
-0.399410
-0.362268
-0.177883
-0.086884
0.198904
0.334127
0.723683
0.564000
0.281779
0.122998
-0.193708
-0.514521
-0.320631
0.239570
0.500433
0.383674
0.287024
0.188164
0.053584
-0.097529
0.131283
0.217584
0.049886
-0.335448
-0.496256
-0.525475
-0.339512
-0.322969
-0.203744
-0.293558
-0.645498
-0.821082
-0.654355
-0.604068
-0.300491
0.264854
0.460013
0.428763
0.654793
0.655503
0.582743
0.665591
0.468930
0.475427
0.423396
0.574846
0.643885
0.883218
0.594763
0.576620
0.148018
-0.437396
-0.799078
-0.970421
-1.067460
-0.993574
-0.809399
-0.645016
-0.521212
-0.740043
-0.792601
-0.768793
-0.704228
-0.515980
-0.119814
0.167793
0.396828
0.497387
0.705049
0.863330
0.989581
0.986724
1.089761
1.051223
0.929596
0.709833
0.661452
0.376058
0.056500
-0.139569
-0.308763
-0.600677
-0.713474
-0.736825
-0.819823
-0.981998
-1.079456
-1.164409
-1.364474
-1.193514
-0.954358
-0.702044
-0.115421
0.186312
0.133738
0.333902
0.462201
0.315157
0.550846
0.786378
0.777434
1.122925
1.076270
0.865178
0.557568
0.401297
0.045032
-0.112389
-0.009662
0.096925
-0.071247
-0.265042
-0.237792
-0.554904
-0.671512
-0.671524
-0.824497
-0.889497
-0.825587
-0.780960
-0.687309
-0.412030
-0.269571
-0.029423
0.108573
0.398427
0.579274
0.721780
0.484921
0.554738
0.465168
0.241142
0.161503
0.517819
0.416529
0.250736
0.521974
0.634475
0.643752
0.663435
0.695444
0.514775
0.422542
0.058596
-0.223812
-0.521638
-0.731093
-0.889472
-0.805530
-0.797734
-0.742321
-0.991819
-1.164025
-0.998920
-0.678300
-0.550527
-0.284396
-0.018449
0.172000
0.207207
0.389096
0.894784
1.189213
1.123561
1.059268
1.111139
0.894230
0.462605
0.352576
0.355186
0.280203
0.244289
0.492430
0.470600
0.337855
0.339784
0.394525
0.220148
0.090145
0.069055
0.020627
-0.360939
-0.640603
-0.849644
-0.997570
-1.112538
-1.162393
-1.187564
-1.219835
-0.948887
-0.849526
-0.643291
-0.320876
0.023436
0.087975
0.275915
0.507753
0.654119
0.870419
1.048829
0.875500
0.858700
0.893663
0.550867
0.379995
0.394672
0.179886
-0.077111
-0.137061
-0.304505
-0.515229
-0.736211
-0.869029
-1.056210
-1.323007
-1.335750
-1.102732
-1.079363
-0.821072
-0.380086
-0.046409
0.207349
0.750920
1.043081
1.064177
1.179524
1.188078
0.897447
0.688542
0.740631
0.608080
0.272691
0.123109
0.066931
-0.265771
-0.431350
-0.335025
-0.135163
-0.039222
0.099604
0.056148
-0.016936
-0.183664
-0.398952
-0.532746
-0.515172
-0.571933
-0.635903
-0.656790
-0.747660
-0.892300
-0.798149
-0.555683
-0.374450
-0.013091
0.434176
0.710242
0.800477
1.010587
1.038298
0.874101
0.820758
0.758438
0.619736
0.550382
0.448513
0.089244
-0.226083
-0.536934
-0.645576
-0.757396
-0.722726
-0.778760
-0.823022
-0.993094
-0.868385
-0.629851
-0.415677
0.076564
0.363671
0.419392
0.451903
0.641432
0.461202
0.522211
0.771044
0.928845
1.159971
1.357034
1.296668
1.123843
0.785484
0.318216
0.033323
-0.106853
-0.318223
-0.345155
-0.402971
-0.513378
-0.531027
-0.542533
-0.539929
-0.831213
-1.084505
-1.150046
-1.068031
-1.166051
-0.960022
-0.541466
-0.279747
-0.022635
0.318768
1.050280
1.162048
1.107207
1.028027
0.977747
0.683182
0.470295
0.566757
0.562674
0.494315
0.317710
0.534734
0.685737
0.551682
0.517756
0.523315
0.423232
0.039086
-0.010425
-0.134938
-0.737718
-1.154872
-1.489257
-1.766048
-1.995705
-1.799457
-1.395671
-0.930326
-0.466438
0.160482
0.439712
0.414801
0.496945
0.621010
0.649884
0.718725
1.041171
1.008264
1.111188
0.944625
0.986125
0.769374
0.680878
0.428665
0.309287
0.237906
0.179316
0.065314
-0.041963
-0.401293
-0.418088
-0.716761
-0.877637
-1.318878
-1.558627
-1.884012
-1.712866
-1.373545
-0.914639
-0.515097
-0.044780
-0.092364
0.089185
0.400376
1.012556
1.223671
1.520012
1.368093
1.012963
0.616032
0.339992
0.273847
0.740486
0.892469
0.782108
0.628469
0.450874
-0.254437
-0.259144
-0.317742
-0.204612
-0.328851
-0.394834
-0.862807
-0.998402
-1.304872
-1.323611
-1.254552
-1.028939
-0.985159
-0.640450
-0.512129
-0.346821
-0.208578
0.020066
0.540801
1.106400
1.306183
1.446416
1.539390
1.025968
0.500677
0.285501
0.249552
0.037296
0.016606
0.116323
0.163000
-0.087707
-0.205579
-0.564824
-1.029663
-1.511257
-1.525829
-1.161275
-0.790185
-0.455154
0.049729
0.329518
0.293825
0.413406
0.622328
0.803211
0.827820
0.874641
1.026889
1.053302
1.006760
0.788443
0.670312
0.398483
0.112578
-0.242391
-0.404450
-0.326770
-0.392648
-0.359500
-0.559678
-0.631550
-1.123945
-1.201291
-1.272770
-1.094413
-0.842255
-0.390636
-0.268087
-0.163282
0.116591
0.263828
0.352571
0.534314
0.490836
0.425509
0.454229
0.418570
0.316740
0.485527
0.490399
0.135135
-0.103485
1.329788
1.127090
0.911573
1.120859
1.143824
-0.612185
-0.783339
-0.846896
-1.194453
-1.116449
-1.022365
-0.731538
-0.538958
-0.121546
-0.077545
0.177441
0.173391
0.250023
0.302697
0.593717
0.742472
0.860792
0.909912
0.708643
0.280845
-0.154740
-0.433449
-0.863622
-0.909490
-0.892463
-0.822193
-0.901298
-0.855072
-1.025199
-1.357996
-0.050419
1.521753
1.379370
1.469917
1.707126
0.403542
-0.835128
-0.337788
-0.216736
0.046624
0.157970
0.073062
0.106211
0.358851
0.342310
1.455867
1.360625
1.089190
0.948988
0.924925
-0.213217
-0.151308
0.022823
-0.116976
-0.295376
-0.475927
-0.513125
-0.803956
-0.799026
-0.860981
-1.036998
-1.296409
-1.293810
-1.479010
-1.412912
-1.174237
-0.797417
-0.515903
0.016417
0.370266
0.696481
0.886990
0.932505
0.774112
0.614249
0.486003
0.353085
0.461902
0.469922
0.517543
0.436335
0.318327
0.048507
-0.199958
-0.271462
-0.322343
-0.741550
-0.845844
1.185651
0.783152
0.425225
0.424444
0.386809
-1.711280
-1.578840
-1.276099
-0.939544
-0.855610
-0.608413
-0.357252
-0.333191
-0.368072
-0.180081
-0.127140
-0.074969
0.028438
0.463406
0.586209
0.687295
0.753456
0.785268
0.429439
2.206593
1.863793
1.621819
1.443615
1.470521
-0.560295
-0.733063
-0.658779
-0.933484
-1.269214
-1.691353
-1.794801
-1.848845
-1.454037
-1.156730
-0.763242
-0.392733
-0.135584
-0.172617
-0.099649
0.077294
0.215050
0.271846
0.482804
0.621804
0.814745
0.902195
0.806243
0.686203
1.933155
1.563272
1.316821
1.141114
0.968071
-0.483041
-0.722253
-0.943307
-1.243457
-1.381696
-1.588062
-1.490845
-1.247541
-0.987692
-0.771261
-0.662650
-0.492681
-0.316376
-0.127969
1.173004
1.421218
1.661816
1.702347
1.877462
0.766566
0.770845
0.632941
0.448240
0.172049
-0.006035
-0.295462
-0.640770
-0.783365
-0.992477
-1.126142
-1.000300
-0.894939
-0.853778
-0.816925
-0.626055
-0.592026
-0.440933
-0.291059
0.048998
0.100910
0.432413
0.831993
1.044625
1.092013
1.186444
1.229487
0.972290
0.888032
0.620956
0.390606
-0.099600
-0.337425
-0.507730
-0.527025
-0.431260
-0.180546
0.084154
-0.100977
-0.117966
-0.269833
-0.610935
-0.976475
-0.777327
-0.782364
-0.766977
-0.627317
-0.252871
-0.092678
0.258017
0.326300
0.699797
0.873766
0.916619
0.715380
0.746760
0.242157
-0.040427
-0.219736
-0.224537
-0.040761
0.235427
0.481595
0.694970
0.824326
0.492182
0.142348
-0.257422
-0.911332
-1.226375
-1.248264
-0.928411
-0.754797
-0.292096
-0.251552
0.035961
0.118036
0.252322
0.125703
0.440962
0.480090
0.422746
0.375153
0.455534
0.279669
0.353126
0.305712
0.438010
0.704551
0.764756
0.585441
0.671716
0.536249
0.392188
0.391315
0.413495
0.210373
-0.104213
-0.345759
-0.647361
-0.939387
-1.029261
-1.093434
-1.150596
-1.170871
-0.978448
-0.817928
-0.507313
-0.413671
-0.052978
0.148391
0.321804
0.471272
0.746265
0.738238
0.693077
0.923993
0.737612
0.588943
0.620375
0.620375
0.546295
0.501482
0.577969
0.492217
0.296413
-0.003235
-0.063627
-0.479827
-0.932240
-1.279164
-1.456183
-1.626700
-1.545421
-1.231262
-0.735905
-0.433592
-0.067550
0.471069
0.771561
0.904135
0.807923
0.782015
0.594505
0.564547
0.286467
0.425077
0.494688
0.545832
0.572172
0.886758
0.651162
0.501893
0.002792
-0.333788
-0.759609
-0.739534
-0.834128
-0.556757
-0.548236
-0.520860
-0.574279
-0.555396
-0.669413
-0.501690
-0.385478
-0.262123
-0.232846
0.034752
-0.148130
0.000625
0.160998
0.380848
0.455062
0.804109
0.860908
0.740855
0.753248
0.757446
0.584659
0.653144
0.804427
0.627577
0.280229
0.019722
-0.280219
-0.629665
-0.686912
-0.593993
-0.608426
-0.750960
-0.728106
-0.752342
-0.764779
-0.829158
-0.748546
-0.752571
-0.566383
-0.279091
0.128052
0.349026
0.636747
0.663276
0.580754
0.594826
0.728059
0.691857
0.779938
0.887280
0.726920
0.634177
0.637482
0.424137
0.123520
0.075518
0.157472
0.105528
0.114736
0.147442
0.188298
-0.084505
-0.350820
-0.713113
-1.114912
-1.251398
-1.323743
-1.257627
-0.924037
-0.623116
-0.435673
-0.300213
-0.195897
-0.154911
-0.062087
0.214759
0.535749
0.892770
1.019412
1.253118
1.273858
1.076992
0.771420
0.791285
0.699253
0.425066
0.268424
0.130499
-0.191441
-0.393015
-0.563489
-0.760772
-0.824537
-1.032751
-1.134917
-1.298187
-1.117555
-0.990995
-0.604563
-0.352746
-0.032873
0.029140
0.183577
0.308726
0.413779
0.588255
0.761364
0.618057
0.556969
0.490989
0.555822
0.474615
0.677329
0.804144
0.743049
0.463162
0.494067
0.372973
0.565019
0.625854
0.604959
0.447339
0.095797
-0.500260
-0.713995
-0.756572
-1.042980
-1.091290
-1.132113
-1.115910
-1.094685
-0.815377
-0.519087
-0.360363
-0.262278
-0.067224
0.023030
0.225423
0.545494
0.759911
0.761978
0.786018
1.039419
0.890502
0.886631
0.869377
0.656793
0.222136
0.140706
-0.046585
-0.409046
-0.553316
-0.715098
-0.859395
-0.951804
-0.883457
-0.594611
-0.419444
-0.530470
-0.526525
-0.400618
-0.259901
-0.076113
0.244742
0.457154
0.635603
0.622860
0.592062
0.693363
0.719967
0.652153
0.591975
0.578512
0.527749
0.374831
0.285482
0.226914
-0.031590
-0.102333
-0.155144
-0.252132
-0.391975
-0.305524
-0.540341
-0.688190
-0.895140
-1.009339
-1.188065
-1.151576
-1.004900
-0.640694
-0.214956
0.228327
0.566377
0.650011
0.823361
0.725316
0.721572
0.735971
0.920571
0.957130
0.915819
0.734492
0.563514
0.430041
0.232513
0.111040
-0.011892
-0.183913
-0.331588
-0.506860
-0.648706
-0.623383
-0.647653
-0.627832
-0.710324
-0.707898
-0.814183
-0.774451
-0.802561
-0.587663
-0.245770
0.223983
0.624900
0.958563
1.198527
1.196455
0.929126
0.682435
0.464845
0.352997
0.277906
0.277613
0.330088
0.226095
0.005433
-0.291936
-0.459883
-0.563208
-0.672531
-0.573658
-0.313872
-0.407764
-0.774934
-0.835556
-0.718989
-0.690117
-0.429559
-0.158121
0.290321
0.301251
0.451186
0.576536
0.783147
0.706177
0.663004
0.515501
0.589378
0.635383
0.647481
0.673677
0.547711
0.344206
0.141675
0.026204
-0.122764
-0.093453
-0.331183
-0.466125
-0.658372
-0.907800
-1.168436
-1.184159
-1.138257
-0.989201
-0.754983
-0.278352
0.134476
0.308691
0.504534
0.707076
0.825848
0.776145
0.885168
0.917946
0.838287
0.710598
0.639403
0.609175
0.528211
0.502923
0.400094
0.269086
0.060987
-0.183371
-0.345633
-0.572533
-0.549797
-0.420952
-0.604979
-0.718643
-0.781785
-1.125842
-1.211376
-1.085162
-0.930890
-0.761565
-0.363019
-0.253652
0.139018
0.323460
0.448411
0.754961
1.023230
0.875731
0.946053
0.990075
0.924438
0.734049
0.753178
0.815956
0.685358
0.446845
0.265944
0.164473
-0.116077
-0.192662
-0.464443
-0.733019
-1.052080
-1.379225
-1.630854
-1.544509
-1.289249
-0.966745
-0.555991
-0.131352
0.140224
0.318888
0.520537
0.622949
0.703825
0.826512
0.898915
0.821356
0.852851
0.888008
0.932608
0.835830
0.803295
0.498535
0.353455
-0.062829
-0.469581
-0.789369
-0.935313
-1.144710
-1.146227
-0.858819
-0.756866
-0.504138
-0.313747
-0.108265
-0.127835
-0.014239
0.017677
-0.026302
-0.043215
0.151333
0.347894
0.524369
0.570564
0.719056
0.768155
0.725444
0.628658
0.668906
0.734509
0.589766
0.517709
0.694848
0.653885
0.510606
0.494796
0.170231
-0.469262
-0.620742
-0.799399
-0.962765
-0.780748
-0.716336
-0.965710
-1.029258
-1.245391
-1.412373
-1.021105
-0.690276
-0.582750
-0.232877
0.198605
0.179525
0.440412
0.616044
0.716118
0.803162
1.061279
1.043162
0.905018
1.033063
0.984372
0.754020
0.439699
0.454649
0.125901
-0.376512
-0.651630
-0.467734
-0.593734
-0.492064
-0.369312
-0.226790
-0.285014
-0.343468
-0.304705
-0.342229
-0.514069
-0.712333
-0.747302
-0.798203
-0.728706
-0.447219
-0.444869
-0.343307
-0.406466
-0.196685
-0.000559
0.333783
0.556050
0.678019
0.620119
0.416688
0.391312
0.515720
0.514244
0.689272
0.780074
0.631173
0.648291
0.357759
0.143125
-0.134534
-0.243993
-0.576194
-0.727027
-0.904857
-1.133416
-1.104631
-1.160990
-0.835082
-0.508996
-0.289992
-0.281192
0.036019
0.266440
0.172158
0.479839
0.867052
0.844729
0.969948
1.202922
1.134370
1.146322
1.089518
0.775330
0.431867
0.212361
-0.147062
-0.426557
-0.566669
-0.557673
-0.396339
-0.296437
-0.147682
-0.069893
-0.298834
-0.539098
-0.796440
-1.015781
-1.054646
-1.064199
-1.041002
-0.914002
-0.633072
-0.460951
-0.189009
0.013838
0.279371
0.356905
0.414823
0.491523
0.336028
0.104150
-0.063487
-0.150465
-0.085349
0.112104
0.360649
0.588748
0.706564
0.884353
1.022349
1.046019
1.010486
0.850967
0.457809
-0.012806
-0.555287
-1.055269
-1.456493
-1.671958
-1.828620
-1.556769
-1.317551
-1.001332
-0.580229
-0.062372
0.099859
0.489057
0.722446
0.721812
0.781556
0.819195
0.589897
0.526102
0.549972
0.489876
0.575485
0.618079
0.850868
0.923339
0.751495
0.416763
0.036057
-0.280881
-0.646007
-0.523712
-0.543346
-0.357104
-0.434505
-0.537714
-0.746443
-0.876101
-0.860561
-0.874986
-0.617035
-0.451843
-0.191791
-0.010399
0.111432
0.093778
0.043187
0.094977
0.259602
0.507989
0.803696
1.125583
1.336626
1.415893
1.394232
1.140275
0.872533
0.615768
0.251548
-0.098384
-0.213051
-0.447615
-0.710850
-0.908969
-0.895098
-0.934957
-1.006274
-0.973576
-0.813997
-0.739919
-0.579556
-0.219242
0.172570
0.404492
0.731452
1.003177
1.069744
1.028081
1.099666
0.977854
0.711675
0.575329
0.463123
0.215331
-0.131674
-0.279575
-0.381759
-0.524124
-0.735232
-0.719158
-0.586192
-0.755516
-0.747681
-0.633472
-0.594265
-0.648068
-0.404043
-0.282810
-0.149879
0.017282
0.193000
0.404813
0.624764
0.806572
0.896332
0.906879
0.944659
0.813653
0.695546
0.526045
0.460701
0.263502
0.188209
0.085485
-0.076165
-0.354087
-0.555112
-0.758453
-0.974566
-1.096918
-1.107062
-1.037532
-0.926534
-0.736875
-0.464829
-0.124291
0.207810
0.461175
0.772496
1.093389
1.051295
0.934697
0.754300
0.507565
0.291362
0.250971
0.272594
0.468444
0.509617
0.639507
0.622069
0.414599
-0.030449
-0.166273
-0.667328
-1.042068
-1.296338
-1.262195
-1.336865
-1.068564
-0.815534
-0.459001
-0.457643
-0.409432
-0.175909
0.044149
0.082156
0.311244
0.501851
0.401433
0.204578
0.270490
0.145287
0.245918
0.256983
0.458873
0.416517
0.527152
0.602573
0.682971
0.583550
0.500856
0.323871
-0.214683
-0.778982
-1.144894
-1.458878
-1.460659
-1.244815
-1.121263
-0.603454
-0.204499
0.112378
0.329325
0.644223
0.559805
0.601363
0.550181
0.448171
0.435502
0.425952
0.296867
0.379283
0.324989
0.275514
0.204308
-0.113149
-0.403909
-0.543631
-0.607323
-1.049471
-1.151527
-1.227987
-1.031260
-0.990303
-0.446736
0.167819
0.596973
0.590893
1.053423
1.117729
1.036538
1.019634
1.206138
0.961413
0.764840
0.443073
0.021899
-0.218035
-0.350290
-0.427510
-0.281978
-0.140341
-0.244535
-0.339800
-0.291211
-0.415491
-0.551786
-0.751550
-1.139289
-1.080805
-0.974497
-0.742067
-0.471846
-0.165520
-0.158848
-0.145891
-0.267604
0.380913
0.753423
1.510575
1.822069
2.307982
2.189170
2.130729
1.365842
0.978601
0.268660
-0.496441
-0.934978
-1.177689
-1.079333
-0.864915
-0.723141
-0.535245
-0.309217
-0.382465
-0.288452
-0.277889
-0.283692
-0.372822
-0.343274
-0.430308
-0.262818
-0.193017
0.131053
0.377988
0.660350
0.737217
0.944729
0.689961
0.581723
0.521777
0.567381
0.534334
0.471648
0.388935
0.159741
0.057196
-0.036264
-0.124656
-0.232773
-0.637504
-0.800064
-1.124786
-1.156716
-1.134302
-0.843783
-0.858596
-0.758698
-0.296219
0.049397
0.329265
0.760654
0.952736
0.949926
0.845935
0.865628
0.751218
0.829392
0.702852
0.591184
0.522798
0.349059
0.092604
-0.124532
-0.324340
-0.545397
-0.656907
-0.609023
-0.706443
-0.680759
-0.667990
-0.730532
-0.686935
-0.568987
-0.422911
0.011486
0.262993
0.540572
0.754340
0.922562
0.809813
0.811802
0.710043
0.608836
0.695332
0.777951
0.818627
0.821918
0.646977
0.269986
-0.156430
-0.362314
-0.632992
-0.737282
-0.659344
-0.553223
-0.556650
-0.535698
-0.361334
-0.264947
-0.521118
-0.606697
-0.567035
-0.562505
-0.452909
0.063141
0.185782
0.236840
0.257940
0.110725
-0.210271
-0.030611
0.129686
0.355961
0.346521
0.535565
0.679694
0.629035
0.532078
0.519536
0.539573
0.252469
0.186295
0.036648
-0.174778
-0.338142
-0.783692
-1.234118
-0.950060
-0.866488
-0.945725
-0.682355
-0.079146
-0.088733
0.083469
0.502568
0.618383
0.615650
0.242571
0.034306
-0.048474
0.049685
0.071866
0.313418
0.421759
0.216907
0.166460
-0.079148
-0.135162
0.017703
-0.122742
-0.286705
-0.383058
-0.748304
-1.101785
-1.210087
-0.993125
-0.760038
-0.454731
-0.104409
0.272865
0.457890
0.492713
0.673905
0.759934
0.857993
0.796767
0.791567
0.855078
0.846583
0.654457
0.525163
0.451113
0.225752
0.123253
0.208941
0.151805
-0.175055
-0.273105
-0.778201
-1.206451
-1.444486
-1.552779
-1.493931
-1.181334
-0.780090
-0.446645
0.060407
0.430976
0.685433
0.949956
0.935281
1.049371
0.924087
0.769052
0.798768
0.795376
0.792121
0.391312
0.176524
-0.210519
-0.550488
-0.776910
-0.899024
-0.743828
-0.771760
-0.719389
-0.662393
-0.301755
0.037775
0.118674
0.277876
0.377466
0.380494
0.477948
0.629314
0.796273
0.625558
0.528783
0.268925
-0.000710
-0.266974
-0.538631
-0.768900
-0.690666
-0.737048
-0.575618
-0.531966
-0.171852
-0.261245
-0.131948
-0.001643
0.323923
0.303528
0.352187
0.500288
0.605756
0.637557
0.923687
0.788558
0.899483
0.899145
0.585008
0.264427
0.300349
0.360342
-0.037239
-0.024384
-0.320520
-0.581450
-0.868913
-0.896481
-0.832800
-0.654474
-0.693574
-0.802668
-0.647211
-0.390500
-0.281081
0.031750
0.176871
0.191666
0.123846
0.225203
0.330337
0.467020
0.632512
0.786307
0.747446
0.714064
0.488092
0.314419
0.298556
0.368098
0.382752
0.084296
-0.092177
-0.485388
-0.991030
-1.119586
-0.972062
-0.598530
-0.640189
-0.506823
-0.538805
-0.491843
-0.552609
-0.273493
-0.011725
0.125299
0.281271
0.354270
0.186210
0.320715
0.142680
0.100009
-0.004028
-0.001034
0.224559
0.256655
0.513700
0.585070
0.771648
0.606513
0.585826
0.539455
0.231054
0.017579
-0.248965
-0.549331
-0.782136
-1.080374
-1.050240
-1.083526
-1.058868
-0.975725
-0.282306
-0.019571
0.026672
0.309779
0.316562
0.042325
0.038465
0.141542
0.332014
0.399740
0.364537
0.513305
0.333497
0.213120
0.007238
-0.040422
-0.137010
-0.136980
-0.139947
-0.248156
0.061919
-0.014640
-0.175911
-0.253529
-0.493653
-0.979564
-1.433113
-1.516179
-1.433171
-0.878619
-0.342989
0.076827
0.730075
0.991125
0.823544
0.847035
0.825579
0.752220
0.460279
0.500079
0.391866
0.197988
0.092959
0.061640
0.190744
0.107171
0.077286
0.010071
-0.174698
-0.319983
-0.703245
-0.834870
-1.014521
-1.077252
-0.923986
-0.839905
-0.554237
-0.411346
0.015845
0.208248
0.655736
0.888094
0.841960
0.712211
0.474539
0.325140
0.262137
0.237982
0.325343
0.439216
0.308313
0.236975
0.438244
0.523597
0.251420
0.154686
0.067189
-0.310510
-0.608566
-0.788963
-0.638708
-0.690798
-0.838605
-0.854114
-0.903911
-0.932033
-0.836674
-0.381825
0.016910
0.447022
0.726134
0.671146
0.871973
0.886048
0.759691
0.641177
0.574290
0.328151
-0.056681
-0.135425
-0.106624
-0.068041
-0.223434
-0.204057
0.120429
0.193207
0.025476
-0.010869
-0.099511
-0.316227
-0.713100
-0.727387
-0.561846
-0.327034
-0.160038
0.244659
0.642859
0.791493
0.689308
0.513701
0.230354
0.200531
0.100718
0.207754
0.503946
0.515337
0.464209
0.322349
0.253844
-0.173929
-0.301614
-0.488724
-0.706874
-0.736527
-0.918239
-1.054971
-1.041025
-1.044593
-0.937206
-0.851824
-0.594495
-0.534549
-0.391044
-0.104966
0.239892
0.443134
0.421100
0.614763
0.493640
0.410636
0.299533
0.286443
0.464454
0.505947
0.494737
0.673803
0.785096
0.730550
0.548552
0.596479
0.389583
0.009390
-0.457655
-0.838038
-1.081074
-1.237336
-1.344374
-1.250404
-1.139649
-0.702835
-0.593715
-0.229003
0.191066
0.526741
0.452994
0.459601
0.633639
0.602996
0.480937
0.404097
0.422013
0.433322
0.233653
0.136437
0.004798
-0.112041
-0.162347
-0.144767
-0.113497
-0.097491
-0.210700
-0.411660
-0.686045
-0.981667
-1.109124
-1.031421
-0.930651
-0.746540
-0.302011
-0.179590
0.158902
0.348490
0.600568
0.799264
0.941062
0.999638
0.840590
0.704860
0.605691
0.548223
0.482498
0.365075
0.424731
0.225878
-0.030361
-0.385065
-0.532531
-0.704307
-0.906046
-0.887278
-0.755771
-0.697918
-0.672622
-0.611576
-0.369438
-0.246580
-0.035422
0.214364
0.387197
0.529502
0.606077
0.738102
0.890068
0.917769
0.952356
0.836199
0.815367
0.645682
0.311531
0.116552
-0.023817
-0.058506
-0.366093
-0.252078
-0.226174
-0.145829
-0.255416
-0.340141
-0.302703
-0.502076
-0.645585
-0.710996
-0.664960
-0.585208
-0.622018
-0.604124
-0.545878
-0.355893
-0.105059
0.074461
0.386123
0.579478
0.610994
0.692726
0.730884
0.747763
0.549563
0.494093
0.458514
0.408242
0.319485
0.251932
0.271103
0.005351
-0.012443
-0.262104
-0.326993
-0.493394
-0.881125
-1.206470
-1.196877
-1.211322
-1.051474
-0.716438
-0.159827
0.154665
0.303349
0.482363
0.720155
0.947237
0.882067
1.029890
1.221165
1.225549
0.847162
0.709504
0.503048
0.059524
-0.317977
-0.533106
-0.759257
-0.707133
-0.692895
-0.579220
-0.448188
-0.427387
-0.350887
-0.622376
-0.642770
-0.683939
-0.483514
-0.523128
-0.370050
-0.206806
-0.353271
-0.438326
-0.218497
0.090243
0.193250
0.451348
0.780545
0.695684
0.695684
1.019072
0.959007
1.203999
1.165865
1.176679
0.933068
0.846952
0.428312
0.203446
0.157368
-0.051349
-0.166704
-0.095937
-0.349142
-0.351731
-0.660079
-0.772896
-0.798019
-0.771786
-0.893031
-0.914687
-0.669997
-0.767374
-0.429502
-0.206838
-0.048228
0.026905
-0.067479
-0.218321
-0.169141
-0.107837
0.091951
0.239668
0.797021
0.722618
1.078249
1.269394
1.326945
1.055012
0.577305
0.049813
-0.196356
-0.584371
-0.660458
-0.619039
-0.452075
-0.634395
-0.836887
-1.249662
-1.635860
-1.656503
-1.705098
-1.249040
-0.772770
0.003077
0.054007
0.044239
0.098098
0.119592
0.114407
0.789245
1.190079
1.712936
1.491409
1.377479
1.116488
0.852246
0.413624
0.395822
0.450700
0.076755
-0.102770
-0.192918
-0.421025
-0.768840
-1.255283
-1.525807
-1.308698
-1.210128
-0.827477
-0.364752
0.164379
0.023398
0.409979
0.546686
0.589305
1.002619
0.914943
0.721494
1.000867
1.123164
0.804029
0.781924
0.914758
0.463659
0.311662
-0.138138
-0.292809
-0.620966
-1.074350
-1.503852
-1.366909
-1.562429
-1.431320
-1.224656
-0.805772
-0.747376
-0.455356
-0.314642
-0.065799
0.035092
0.172783
0.396869
0.445052
0.498276
0.636908
0.652185
0.858823
1.116714
1.075249
1.051809
1.078702
0.734919
0.506826
0.501913
0.255326
0.088369
-0.059238
-0.351003
-0.545932
-0.635476
-0.871890
-0.836431
-0.881595
-0.902245
-0.960203
-0.861869
-0.849600
-0.506513
-0.262308
-0.053946
0.305867
0.661882
0.571678
0.600477
0.672605
0.610564
0.410914
0.434218
0.532677
0.614146
0.690476
0.735192
0.733190
0.591371
0.391635
0.101449
-0.194020
-0.488180
-0.888721
-1.152961
-1.274265
-1.251130
-1.087896
-0.991847
-0.532731
-0.173212
0.140628
0.324729
0.511889
0.438125
0.263897
0.108220
-0.026238
0.140778
0.188765
0.287848
0.485549
0.678894
0.678894
0.615835
0.501031
0.261014
0.041587
-0.167519
-0.206437
-0.324946
-0.411606
-0.665436
-0.776996
-0.991033
-1.132743
-1.008219
-1.012690
-0.861172
-0.556567
-0.180467
0.050146
0.405065
0.620053
0.541193
0.692021
0.738058
0.823900
0.813475
0.780941
0.667769
0.415070
0.275967
0.124377
0.232826
0.250449
0.200856
0.223708
0.237905
-0.118761
-0.373216
-0.463150
-0.535391
-0.773728
-0.895750
-1.046884
-1.222566
-1.356280
-1.251099
-1.159266
-1.145226
-0.810631
-0.586938
-0.549391
-0.371574
-0.026031
0.044575
0.285038
0.483476
0.908009
0.980988
0.985102
0.769928
0.803925
0.762071
0.700070
0.687390
0.550631
0.273375
0.051927
-0.224645
-0.183603
-0.093748
0.159448
0.167992
0.288929
0.172472
0.043175
-0.315455
-0.598495
-0.748829
-0.921953
-0.928627
-1.117726
-1.299775
-1.109461
-0.986123
-0.974088
-0.426554
0.025812
0.288949
0.675088
1.183075
1.431705
1.459412
1.311754
0.942815
0.659537
0.399946
0.354744
0.348879
0.304912
0.182959
0.065988
-0.006269
0.081054
0.038879
-0.004406
-0.314807
-0.592410
-1.012366
-1.253789
-1.531465
-1.583101
-1.527734
-1.297467
-0.965355
-0.526861
-0.031036
0.441979
0.545375
0.778528
0.869369
0.883622
0.832770
0.842736
0.801897
0.594714
0.393271
0.385129
0.254115
0.141589
0.132199
0.287888
0.270401
0.427842
0.403055
0.361930
0.093837
-0.248188
-0.555340
-0.568493
-0.805240
-0.766454
-0.810366
-0.811281
-0.978363
-0.649945
-0.494120
-0.018561
0.159598
0.358308
0.403844
0.437498
0.308966
0.449602
0.492982
0.635052
0.820135
0.861434
0.867329
0.650979
0.383251
0.177716
0.059125
-0.171149
-0.223629
-0.387973
-0.808222
-1.226018
-1.465536
-1.557201
-1.599394
-1.263029
-0.810503
-0.367220
0.016837
0.201720
0.463683
0.385268
0.366429
0.230073
0.293025
0.013700
0.169801
0.143830
0.254409
0.338236
0.465575
0.603518
0.662629
0.407494
0.146420
0.028498
-0.345880
-0.750581
-1.198900
-1.318042
-1.309907
-1.292275
-1.150583
-0.395582
0.045574
0.183543
0.389820
0.824239
0.963024
1.421215
1.680397
1.545279
1.239857
0.990324
0.489647
0.076491
0.073168
0.084705
-0.070230
-0.322859
-0.460103
-0.582053
-0.722701
-0.609210
-0.678807
-0.500460
-0.365989
-0.239573
-0.254440
0.075413
0.152313
0.292701
0.410757
0.550663
0.772436
0.868324
1.029500
1.127400
1.198891
0.964485
0.744931
0.248658
-0.100405
-0.541406
-0.826475
-0.932369
-0.828411
-0.861808
-0.760034
-0.678812
-0.633474
-0.643106
-0.443500
-0.236512
0.044803
0.356271
0.667954
0.819123
0.992530
1.048497
0.992869
0.765495
0.589704
0.331964
0.067242
-0.180425
-0.298338
-0.477052
-0.630552
-0.762670
-0.923509
-1.024887
-0.982845
-0.907555
-0.801581
-0.672270
-0.494741
-0.324079
-0.168863
0.044885
0.293765
0.705636
0.931694
1.059802
1.087010
1.122411
0.863934
0.776524
0.687396
0.597180
0.393755
0.227779
0.002123
-0.029609
-0.015610
0.015024
-0.128445
-0.174994
-0.314308
-0.692320
-0.872492
-0.749548
-0.705734
-0.738991
-0.561470
-0.357228
-0.252773
-0.188119
0.031566
0.440849
0.760275
0.850259
0.974942
1.038339
0.905254
0.757988
0.790733
0.733377
0.645173
0.456103
0.180467
-0.149117
-0.418568
-0.774807
-0.929523
-0.995625
-1.027113
-0.942076
-0.753681
-0.729197
-0.717562
-0.538115
-0.511946
-0.286647
0.002187
0.289175
0.483330
0.721664
0.799392
0.841028
0.882118
0.796843
0.729345
0.618741
0.424793
0.262056
0.211079
0.067850
-0.110174
-0.336036
-0.280611
-0.435370
-0.574779
-0.477116
-0.242859
-0.345718
-0.516165
-0.742124
-1.191026
-1.689640
-1.704796
-1.440057
-0.909976
-0.432854
0.150942
0.363111
0.703819
0.975860
1.025034
1.006642
0.954520
0.790178
0.585078
0.560789
0.584132
0.546265
0.484450
0.327532
0.429086
0.300470
0.299345
0.067611
-0.141850
-0.524169
-0.730356
-1.144079
-1.198134
-1.273726
-1.367882
-1.456884
-1.367713
-1.119674
-0.923788
-0.480325
-0.025728
0.444026
0.813485
1.037716
1.012643
0.939930
0.753497
0.505665
0.282428
0.261473
0.152374
0.132731
-0.037433
0.116500
-0.069214
-0.013084
0.119922
0.093158
-0.103356
-0.243492
-0.571779
-1.071147
-1.099811
-1.206549
-1.166117
-0.837377
-0.411912
-0.224233
0.322414
0.814930
1.121358
1.210971
1.076056
0.850382
0.612994
0.477748
0.534795
0.682234
0.608287
0.738388
0.715748
0.511356
0.340560
0.298578
0.152885
0.000386
-0.125739
-0.346021
-0.599411
-1.028457
-1.274527
-1.351328
-1.323948
-1.193089
-0.938008
-0.639653
-0.314042
-0.025177
0.121677
0.506325
0.773203
0.812891
0.957222
0.997065
0.813343
0.635512
0.644640
0.513935
0.510153
0.528517
0.363908
0.120800
-0.077553
-0.237897
-0.549628
-0.944175
-1.193775
-1.282783
-1.397004
-1.371093
-0.965837
-0.652544
-0.240077
0.154767
0.503632
0.508973
0.657544
0.491035
0.471439
0.419727
0.633436
0.653565
0.529397
0.450539
0.254614
-0.073554
-0.292917
-0.451165
-0.656033
-0.837709
-0.938171
-0.937849
-0.779637
-0.535280
-0.140777
0.202851
0.714500
0.791608
0.709936
0.650268
0.627110
0.327618
0.314519
0.206785
0.151032
0.341696
0.315780
0.669642
0.833788
0.934402
0.807298
0.785391
0.533198
0.317188
-0.079986
-0.547621
-0.931544
-1.340992
-1.523578
-1.548244
-1.965082
-1.849770
-1.561342
-1.112032
-0.718888
0.041738
0.259218
0.489261
0.498357
0.568947
0.776654
0.740403
0.733241
0.708694
0.663953
0.461139
0.485865
0.301623
0.201723
0.046856
-0.028734
-0.170860
-0.026677
-0.073170
-0.200199
-0.288194
-0.375088
-0.590640
-0.675445
-0.705942
-0.556520
-0.591979
-0.842780
-0.955256
-0.906527
-0.879070
-0.553792
-0.126025
0.238076
0.488100
0.572186
0.550598
0.675441
0.570758
0.585492
0.618955
0.575316
0.667315
0.756131
0.653691
0.546428
0.385126
0.089633
-0.142323
-0.233474
-0.616313
-0.782016
-0.922930
-1.290446
-1.396534
-1.408073
-1.314962
-1.314632
-0.895822
-0.816480
-0.547463
-0.264252
-0.021307
0.123399
0.452115
0.579252
0.749807
0.782490
1.127348
1.284412
1.471210
1.247082
0.900954
0.263171
-0.173798
-0.515792
-0.665855
-0.521616
-0.387438
-0.538192
-0.521128
-0.460274
-0.619151
-0.693655
-0.652685
-0.693755
-0.670517
-0.449434
-0.255606
-0.005291
0.250621
0.610110
0.888773
1.102064
1.194199
1.339880
1.189930
1.090888
0.921800
0.857107
0.569195
0.388236
0.156245
-0.020429
-0.238351
-0.339632
-0.341196
-0.544324
-0.595394
-0.710552
-0.709114
-0.893520
-0.781721
-0.851539
-0.727356
-0.652852
-0.425091
-0.268473
0.157189
0.387741
0.686364
0.777159
0.893210
0.811703
0.818568
0.822807
0.901781
0.927239
0.830857
0.751272
0.561609
0.365503
0.196745
0.050805
-0.150309
-0.359273
-0.457476
-0.584971
-0.492388
-0.359187
-0.305878
-0.294719
-0.455240
-0.734390
-0.956146
-1.059391
-1.125786
-0.938725
-0.514117
-0.175095
0.131676
0.458231
0.648713
0.623015
0.677159
0.894245
0.893930
0.969902
0.963004
0.924794
0.562967
0.220103
0.021349
-0.243429
-0.410305
-0.405809
-0.371868
-0.520870
-0.538981
-0.540830
-0.650353
-0.620743
-0.581222
-0.540034
-0.609817
-0.496585
-0.465061
-0.370626
-0.118820
0.022007
0.300714
0.521181
0.659452
0.628378
0.860558
0.781779
0.790936
0.897317
0.814155
0.576967
0.386700
0.030290
-0.413072
-0.421995
-0.434758
-0.398753
-0.162336
-0.023781
-0.041604
-0.027558
-0.221025
-0.404497
-0.679118
-0.816816
-1.077094
-1.067860
-0.980256
-0.591280
-0.469097
-0.395451
-0.103422
-0.066413
0.239007
0.584166
0.930219
0.885596
1.015367
0.782931
0.598258
0.568420
0.582628
0.515112
0.374518
0.202623
-0.047870
-0.254751
-0.390325
-0.401493
-0.551264
-0.692032
-0.718124
-0.760621
-0.932703
-1.028930
-0.864155
-0.792996
-0.785399
-0.694771
-0.359418
-0.128000
0.089093
0.386148
0.671468
0.737080
0.731467
0.687599
0.720045
0.726420
0.791510
0.818628
0.759098
0.502446
0.211244
0.002390
-0.228353
-0.394136
-0.343532
-0.306194
-0.400894
-0.521037
-0.560595
-0.712966
-0.805676
-0.956123
-1.024006
-0.882473
-0.635965
-0.329005
0.150811
0.522854
0.770345
0.764807
0.748874
0.639767
0.513922
0.393492
0.492405
0.530924
0.551748
0.698292
0.601127
0.491743
0.467332
0.375264
0.325017
0.401853
0.179273
-0.169370
-0.292914
-0.581938
-0.832088
-0.873316
-0.849058
-1.112524
-1.105411
-1.053412
-0.920601
-0.782105
-0.346546
0.036113
0.277867
0.474727
0.649923
0.672401
0.542253
0.548003
0.523583
0.664912
0.701832
0.732227
0.624005
0.623131
0.621880
0.662502
0.413296
0.196539
-0.033714
-0.495622
-0.921244
-0.899181
-0.907375
-1.008277
-1.007927
-0.889286
-0.880938
-0.644327
-0.424286
-0.142741
0.097533
0.263621
0.220182
0.281018
0.240969
0.148672
0.109606
0.208642
0.285427
0.417914
0.439301
0.462125
0.303624
0.167220
0.088081
-0.064435
-0.289032
-0.439471
-0.548299
-0.845002
-0.861698
-0.822551
-0.844130
-0.988516
-0.806030
-0.552963
-0.267591
0.187727
0.710550
1.065379
1.123291
1.172744
0.998274
0.827044
0.644214
0.590892
0.383251
0.287340
0.138961
-0.087475
-0.421364
-0.578418
-0.775880
-0.864073
-0.950041
-0.884023
-0.726127
-0.553074
-0.550790
-0.421408
-0.172995
0.012690
0.194620
0.453981
0.722581
0.747881
0.657876
0.743171
0.835815
0.911953
0.891198
0.784504
0.542739
0.291263
-0.053450
-0.259116
-0.338381
-0.516766
-0.829151
-1.017357
-1.104317
-1.168010
-0.867451
-0.498533
-0.201858
0.173627
0.469076
0.565347
0.735417
0.727513
0.542922
0.401106
0.091648
-0.128859
-0.079192
-0.037372
0.266204
0.761722
0.786271
0.638082
0.476704
0.152951
0.134708
-0.075064
0.051103
0.230085
-0.057084
-0.455231
-0.534481
-0.626083
-0.929434
-0.860713
-0.785764
-0.478269
-0.146265
0.199950
0.451546
0.420206
0.394163
0.150043
0.152186
0.074696
0.264232
0.425745
0.622947
0.608267
0.947214
0.853875
0.620029
0.292527
0.027376
-0.646253
-1.200679
-1.675907
-1.722432
-1.688753
-1.473396
-1.081463
-0.584232
-0.451681
-0.203599
0.122389
0.283784
0.474986
0.708152
0.871421
1.006840
1.168430
1.153422
1.071488
0.886254
0.635326
0.367571
0.210984
0.137419
0.069286
-0.066792
-0.398571
-0.770990
-1.243710
-1.574075
-1.667353
-1.490298
-1.042769
-0.609664
-0.213733
0.099780
0.303131
0.481966
0.721369
0.774150
0.868007
0.835053
0.775036
0.387099
0.084055
-0.200270
-0.308042
-0.579402
-0.610949
-0.544538
-0.458493
-0.322288
-0.222569
-0.238325
-0.126448
-0.212898
-0.416714
-0.712472
-0.894548
-1.092936
-1.131684
-1.017435
-0.716831
-0.254634
0.005020
0.206170
0.498333
0.663829
0.610506
0.915707
1.205269
1.141080
1.181465
1.289191
0.922430
0.621292
0.466132
0.097088
-0.162759
-0.214816
-0.356606
-0.492509
-0.457177
-0.517943
-0.766415
-0.773805
-0.864236
-0.758993
-0.660675
-0.368295
-0.164270
0.157921
0.303140
0.572748
0.799688
0.817383
0.909172
0.948329
0.902275
0.842974
0.857112
0.667497
0.399104
0.183519
-0.131461
-0.483108
-0.768311
-0.835904
-1.102047
-1.044593
-0.957168
-0.706767
-0.572040
-0.278907
-0.246981
-0.040440
0.049457
0.220959
0.319449
0.636425
0.867702
1.172803
1.235778
1.359854
1.280159
1.099245
0.818761
0.671960
0.255205
-0.029877
-0.255301
-0.434488
-0.694467
-0.660953
-0.906953
-1.167755
-1.493248
-1.341495
-1.189873
-0.859899
-0.508920
-0.011915
0.115159
0.263875
0.559199
0.662951
0.915787
0.974696
0.877547
0.454258
0.331664
0.372523
0.412868
0.531759
0.909570
1.247682
0.780872
0.685983
0.318772
0.133195
-0.194851
-0.252748
-0.183005
0.140134
-0.147223
-0.565630
-0.743976
-0.992859
-1.187534
-1.029473
-0.497925
-0.126625
0.069650
0.256775
0.420669
0.692193
0.786309
0.593462
0.362531
0.194781
-0.243730
-0.272495
-0.189045
-0.116880
-0.065293
-0.374931
-0.665565
-0.966551
-1.099740
-1.343437
-1.275750
-1.437713
-1.272556
-1.191674
-0.822077
-0.283937
0.282400
0.586908
0.856487
0.692628
0.556308
0.489906
0.463565
0.303874
0.411903
0.444916
0.329664
0.354933
0.444583
0.476241
0.346590
0.030254
-0.342693
-0.681376
-0.984371
-1.185476
-1.095379
-1.096241
-1.045036
-0.903250
-0.760285
-0.617237
-0.382812
-0.180048
0.176465
0.403400
0.546893
0.670102
0.773903
0.738079
0.661552
0.423134
0.182604
0.009791
-0.387994
-0.373650
-0.263503
-0.283033
-0.429141
-0.395867
-0.554382
-0.640876
-0.337378
-0.286073
-0.269610
-0.077570
-0.098514
-0.198178
-0.095646
0.109666
0.095854
0.261914
0.196766
0.400068
0.435100
0.342334
0.362370
0.491556
0.531029
0.635143
0.828711
1.070428
1.238526
1.012340
0.622836
0.372962
-0.144990
-0.540339
-0.618689
-0.669913
-0.679553
-0.716071
-0.696664
-0.456610
-0.045821
0.143334
0.396840
0.521855
0.415729
0.318873
0.289204
0.478354
0.904426
1.046702
0.956102
0.628819
0.302430
-0.506921
-1.067257
-1.257875
-0.913193
-0.880367
-0.626376
-0.281172
-0.022366
-0.241355
-0.205686
-0.224823
-0.174371
-0.096998
0.054612
0.285115
0.708212
0.684451
0.527374
0.656612
0.625386
0.384473
0.476028
0.431701
0.173476
-0.073850
-0.418093
-0.466152
-0.498453
-0.606676
-0.679872
-0.579653
-0.658745
-0.781914
-0.749194
-0.517845
-0.299680
0.114505
0.562002
0.936621
1.126555
1.331786
1.229734
1.160841
1.145088
0.996231
0.853493
-0.236524
-1.299862
-1.451210
-1.621735
-1.726151
-0.885361
0.162089
0.244774
-0.682470
-0.287042
-0.256967
-0.383762
-0.463967
0.846304
1.295579
2.578958
4.483342
3.392455
3.878627
3.734058
