3.830195
3.766203
2.176592
0.574183
-1.028226
-2.630634
-4.181849
-4.181849
-3.846344
-2.953024
-2.286771
-1.415908
-0.698118
-0.127289
-0.297594
0.077760
0.297467
0.500315
0.548064
0.807422
0.837797
0.775940
0.823317
1.016604
0.880362
0.758593
0.557860
0.319581
-0.082217
-0.475058
-0.557835
-0.566802
-0.669699
-0.725104
-0.405758
-0.376061
-0.226361
0.232315
0.311260
0.673821
0.972842
0.800030
0.935509
1.074598
1.035788
0.563724
0.656063
0.413604
0.251112
-0.262778
-0.186497
-0.409853
-0.732356
-0.940067
-0.695823
-0.733186
-0.613575
-0.601978
-0.435250
-0.396444
-0.281623
-0.142348
-0.105253
-0.158899
-0.390553
-0.100644
0.135339
0.692701
1.432493
1.734556
1.648989
1.546756
1.082141
0.551590
0.345231
0.225432
0.330178
0.578801
0.649976
0.851088
0.808891
0.022770
-0.570462
-0.700364
-0.834810
-0.907662
-0.421696
-0.181157
-0.229865
-0.246325
-0.269489
-0.293887
-0.387217
-0.704067
-1.048260
-1.270757
-1.514349
-1.287899
-0.816106
-0.214760
0.253442
0.752121
1.012544
1.061042
0.929680
0.564542
0.149776
0.017799
-0.328896
-0.364531
-0.254844
-0.245387
-0.443362
-0.360917
-0.499118
-0.440175
-0.170080
-0.059792
0.088695
0.421529
0.574202
0.444591
0.461288
0.616528
0.586038
0.305254
0.146945
-0.125849
-0.399010
-0.803835
-0.935680
-1.063396
-1.334825
-1.571820
-1.807737
-1.523214
-1.008422
-0.080927
0.494282
0.872987
0.829900
0.446002
-0.035709
-0.266947
-0.040877
0.067550
0.252452
0.382002
0.419411
0.254436
-0.048453
-0.073843
-0.140066
-0.277792
-0.406228
-0.117605
-0.017643
0.048918
0.132708
0.556593
0.645770
0.860659
1.260124
1.278965
0.691697
0.216375
-0.209391
-0.501813
-0.549515
-0.386133
-0.121945
-0.152578
-0.617853
-1.284457
-1.604667
-2.027692
-1.978748
-1.666155
-1.043502
-0.674675
-0.157135
0.278050
0.503225
0.778649
0.961902
0.964553
0.802348
0.623583
0.826796
0.856735
0.967323
0.798055
0.413536
-0.113293
-0.279395
-0.462682
-0.549675
-0.203421
0.236411
0.302162
0.431947
0.097569
-0.249561
-0.843809
-0.999364
-1.167453
-0.884822
-0.435423
0.043313
0.442730
0.766783
1.033865
1.021678
0.833274
0.554571
0.376671
0.347404
0.347404
0.504559
0.429533
0.324302
0.402519
0.371062
0.245139
0.266492
0.046654
-0.290438
-0.050980
-0.243601
-0.133214
-0.169606
-0.087561
-0.459196
-0.271427
-0.122816
0.034448
0.183490
0.289503
0.407811
0.129143
-0.234227
-0.601382
-0.801982
-0.826077
-0.554892
-0.315548
0.076083
0.139715
-0.070229
-0.435204
-0.364631
-0.351104
-0.119727
-0.092501
-0.118104
-0.135763
-0.475335
-0.913863
-0.898051
-0.891736
-0.732828
-0.586324
-0.405361
-0.182896
0.076248
0.383477
0.604317
0.992931
1.040246
1.194007
1.139300
1.167100
0.989820
0.811729
0.630627
0.305238
0.083609
-0.171313
-0.392586
-0.636449
-0.756251
-0.926102
-0.939029
-0.953749
-0.743850
-0.661541
-0.479764
-0.127446
0.285636
0.643253
0.786117
1.004768
0.929743
0.882053
0.673554
0.577968
0.195956
-0.300242
-0.844710
-1.131862
-1.116374
-0.687282
-0.290893
0.218812
0.414259
0.497165
0.362915
0.199434
0.081383
0.100933
0.160241
0.064047
-0.072721
0.047918
0.150953
0.147063
0.189663
0.286834
0.503074
0.185044
-0.111434
-0.569201
-0.870781
-1.475472
-1.416851
-1.459733
-0.999921
-0.481793
-0.197865
-0.126255
0.194259
0.237952
0.284528
0.095107
-0.176592
-0.207237
-0.395997
-0.434903
-0.134870
0.269858
0.239472
0.440669
0.684185
0.842308
1.273065
1.450167
1.476826
1.349380
1.029225
0.799428
0.622621
0.252912
-0.218834
-0.604626
-1.045833
-1.618324
-1.474960
-1.544470
-1.462855
-1.463924
-1.088210
-0.866919
-0.171626
0.183698
0.240003
0.387407
0.390516
0.023000
0.081296
-0.002460
-0.082479
-0.174444
-0.261657
-0.133158
0.199263
0.376446
0.374234
0.302207
0.262591
0.279725
0.232010
0.278511
0.616309
0.825490
0.813595
1.135535
1.190149
1.276267
0.914105
0.520153
0.120481
-0.250114
-0.624393
-0.777053
-0.812683
-0.837161
-0.754690
-0.564982
-0.707354
-0.492030
-0.373030
-0.199162
-0.225945
0.030473
0.253985
0.272818
0.420541
0.407645
0.618527
0.189527
-0.327597
-0.435445
-0.427296
-0.559562
-0.051264
0.704591
0.763403
0.553926
0.260788
0.171999
-0.287258
-0.622885
-0.549195
-0.320348
-0.387851
-0.115090
0.102457
0.109135
0.094410
-0.145425
-0.335279
0.363460
0.885116
1.666533
1.696846
1.779646
0.937808
0.253655
-0.503391
-0.444684
-0.620027
-0.926411
-1.041556
-1.026120
-0.901934
-0.791395
-0.479419
0.059728
0.283418
0.320859
0.571092
0.573636
0.242934
-0.131469
-0.264470
-0.345007
-0.273734
0.122322
0.067392
0.000700
-0.149428
0.177762
0.325065
0.577645
0.840288
0.774908
0.373839
-0.142319
-0.295996
-0.577868
-0.607801
-0.516369
-0.481051
-0.517503
-0.421663
-0.402979
-0.300184
-0.498611
-0.766342
-0.675708
-0.757684
-0.828888
-0.666962
-0.319355
-0.560559
-0.359119
-0.046323
0.374869
0.861246
1.208959
1.413411
1.210246
0.968995
0.713105
0.661827
0.604028
0.598550
0.539612
0.229003
-0.314193
-0.419498
-0.738840
-0.891849
-0.869239
-0.520190
-0.348537
-0.041677
0.262646
0.449080
0.418781
0.150193
-0.270110
-0.622553
-0.876457
-0.949678
-0.860759
-0.718396
-0.317782
-0.292617
0.003632
0.119523
0.323386
0.214661
0.410899
0.359708
0.329908
0.380191
0.528449
0.673288
0.929875
1.197837
1.341613
1.298787
1.174853
0.898163
0.394530
0.036856
-0.302234
-0.580840
-0.923999
-0.997816
-0.960650
-1.016592
-0.826919
-0.675524
-0.721817
-0.597357
-0.347672
-0.260065
-0.210663
-0.010794
0.234479
0.397206
0.503087
0.584236
0.913716
0.995756
0.735810
0.597266
0.223516
-0.080446
-0.730152
-1.099367
-1.151756
-1.024988
-1.053384
-0.771270
-0.308681
-0.442041
-0.089633
0.246829
0.408370
0.555366
0.749271
0.564299
0.423886
0.173601
0.090067
-0.072394
-0.060106
-0.174848
-0.294353
-0.392894
-0.340941
-0.532769
-0.828152
-0.829051
-0.646805
-0.894895
-0.548668
-0.027348
0.557692
0.778841
1.190118
1.386011
1.146860
0.872340
0.635816
0.582146
0.621287
0.586739
0.311059
0.135474
0.215504
0.102117
-0.132768
0.242159
0.424899
0.369758
0.159278
0.377535
0.207825
-0.070739
-0.289421
-0.393304
-0.268250
-0.202406
-0.177760
0.029240
-0.117810
-0.327897
-0.527764
-0.613120
-0.682871
-0.679230
-0.823813
-1.052630
-0.965375
-1.153782
-1.066061
-0.665287
-0.049004
0.463520
0.525210
0.541296
0.580540
0.532723
0.434603
0.689638
0.816956
0.577197
0.457124
0.375561
0.540258
0.736079
0.916630
0.963313
0.774549
0.270366
0.039306
-0.079846
-0.170352
-0.281936
-0.446916
-0.449552
-0.531308
-0.682878
-0.810749
-0.582729
-0.600212
-0.858778
-0.889377
-0.949952
-0.637426
-0.467743
0.003367
0.526145
0.887111
0.891457
0.753539
0.585448
0.394473
0.376820
0.386632
0.408523
0.607497
0.518092
0.222816
0.239504
0.192525
0.151932
-0.102963
-0.000984
-0.271052
-0.519364
-0.675771
-0.751227
-0.775694
-0.869604
-0.832271
-0.775793
-0.621882
-0.405628
-0.359392
-0.212678
-0.121907
-0.033253
0.021962
0.290019
0.677241
0.839129
1.068443
1.011967
0.756208
0.663647
0.545878
0.470775
0.613542
0.859202
0.802955
0.412813
0.124773
-0.207703
-0.556531
-0.700796
-0.657155
-0.647340
-0.657644
-0.576858
-0.565788
-0.641438
-0.607990
-0.726485
-0.578234
-0.612215
-0.580476
-0.513015
-0.254729
-0.010879
0.058593
0.390032
0.667878
0.667681
0.602399
0.565347
0.553150
0.347365
0.279855
0.469427
0.710954
0.998230
0.932629
0.957534
0.694091
0.490675
0.376528
0.224862
0.365587
0.418623
0.347379
0.082321
-0.165306
-0.421628
-0.666229
-0.897242
-0.946459
-0.515415
-0.194197
-0.211334
0.480075
0.926715
0.873056
0.432696
0.320480
-0.153720
-0.781686
-0.981151
-0.656567
-0.309789
-0.132352
-0.023589
0.114611
-0.007758
-0.284401
-0.304440
-0.231740
-0.311342
-0.477512
-0.567954
-0.546854
-0.500948
-0.083839
0.193519
0.549117
0.424710
0.236412
-0.131084
-0.434119
-0.770202
-0.895189
-0.708086
-0.397446
-0.083173
0.334589
0.530874
0.683823
0.565643
0.724909
0.702989
0.619393
0.636671
0.458673
0.104762
-0.236572
-0.710362
-0.922509
-1.135915
-0.894920
-0.664230
-0.102346
0.147565
0.573480
0.535290
0.879182
1.137952
1.397240
1.571552
1.608371
0.980118
0.286468
-0.537439
-1.304968
-1.470720
-1.217268
-0.755941
-0.307730
0.204608
0.146266
0.052613
-0.426924
-0.861297
-0.862754
-0.773140
-0.749244
-0.205183
0.182173
0.436113
0.630022
0.845195
0.736789
0.734526
0.284886
-0.009410
-0.166996
-0.119166
-0.136475
0.291849
0.360510
0.404732
0.218048
-0.005154
-0.161083
-0.211342
-0.165805
-0.260050
0.437224
0.865133
1.208220
1.456584
1.730139
1.017298
-0.126477
-0.885305
-1.808231
-2.420033
-2.345686
-1.738570
-1.207694
-0.618677
-0.211629
0.022771
-0.023149
0.265861
0.115006
0.047527
0.018335
0.155273
-0.000577
0.197319
0.693026
0.917472
1.028072
1.097100
1.038284
0.859962
0.535601
0.271736
0.324712
0.082160
-0.027866
-0.258284
-0.424334
-1.025441
-1.174479
-1.091594
-0.955471
-0.556346
-0.323538
-0.073048
-0.085565
-0.040699
-0.166366
-0.306360
-0.142734
-0.062688
-0.402001
-0.512033
-0.474068
-0.137946
-0.399435
0.070013
0.183530
0.323886
0.183134
0.379464
0.480775
0.500130
0.610120
0.529943
0.384851
0.431975
0.509623
0.569802
0.497056
0.287430
0.183475
-0.052328
0.038039
0.111313
0.470307
0.514866
0.544337
0.454290
0.086754
-0.197395
-0.141587
-0.091260
-0.123989
-0.028383
0.136302
-0.102067
-0.230564
-0.516854
-0.596181
-0.868468
-1.329604
-1.588462
-1.203994
-0.893272
-0.499247
0.022606
0.815608
1.050377
1.188181
1.338384
1.606180
1.479110
0.972687
0.536432
0.250436
-0.140191
-0.369845
-0.257439
-0.055087
-0.000726
0.001451
-0.153356
-0.471655
-0.693436
-0.912371
-1.019350
-0.874047
-0.497341
-0.289997
-0.489426
-0.334130
-0.483920
-0.820853
-0.917703
-0.820112
-0.635654
-0.539958
-0.302186
0.020314
0.324554
0.395243
0.787544
1.131375
1.014326
1.030314
0.979055
0.333116
0.317949
0.192914
0.114372
-0.042713
0.131134
0.014397
-0.223277
-0.222738
-0.174954
-0.074013
0.171610
0.608535
1.058743
0.932061
0.933181
0.643180
0.180937
0.176635
0.402429
0.580234
0.563139
1.050431
0.552484
0.320305
0.071939
-0.490111
-1.211495
-1.221222
-1.189082
-0.888347
-0.571583
-0.073916
-0.168825
-0.195468
-0.345549
-0.253981
-0.253489
-0.351229
-0.351803
-0.585563
-0.795060
-0.957701
-0.968905
-0.818319
-0.403677
-0.275338
0.188820
0.590962
0.661811
0.569486
0.807913
0.682933
0.699839
0.782899
0.484229
0.420382
0.165237
0.015140
-0.111380
-0.100312
0.039456
0.120016
0.080491
0.343810
0.719765
0.802914
0.876722
0.772475
0.245645
-0.169547
-0.467721
-0.531845
-0.329172
-0.383634
-0.386330
-0.198311
-0.078404
-0.070366
0.205225
0.331634
0.219966
0.373101
0.717795
0.901978
1.029756
0.789837
0.318792
-0.155295
-0.849936
-1.280356
-1.609698
-1.370088
-1.247535
-0.906563
-0.496465
-0.049916
-0.091941
-0.418649
-0.755458
-0.692337
-0.714072
-0.463676
-0.108902
0.613611
0.639290
0.569989
0.443265
0.151438
-0.248853
-0.374713
-0.157718
-0.240227
-0.040896
0.169952
0.192749
0.392778
0.599685
0.695619
1.010969
0.863112
0.706307
0.256340
0.055159
-0.193163
-0.069329
-0.017102
-0.188696
0.043647
-0.054018
-0.455087
-0.608925
-0.447895
-0.261066
-0.272485
0.115152
0.387321
0.716422
0.851827
1.321308
1.415097
1.013437
0.630677
0.072487
-0.670851
-0.862416
-0.956602
-0.957183
-0.729006
-0.707526
-0.482381
-0.269705
0.014570
-0.158784
0.144916
0.152827
0.016802
0.043697
-0.053833
-0.298606
-0.540885
-0.414433
-0.075166
0.142102
0.591629
0.895654
1.229140
0.950355
1.040664
0.967735
0.495731
-0.338601
-0.785401
-1.525876
-1.769074
-1.572013
-0.963090
-0.548545
0.145765
0.087696
0.182025
0.061289
-0.038369
0.001126
0.394732
0.328739
0.467854
0.046437
0.070940
-0.193479
-0.447155
-0.420521
-0.229427
-0.097760
-0.129398
0.113008
0.204930
0.145917
0.044180
0.100560
0.423324
0.512145
0.860069
0.869787
0.902348
0.645974
0.296446
0.169553
-0.024288
-0.313008
-0.439439
-0.655837
-0.748613
-0.867260
-1.047909
-1.069845
-1.239154
-0.932897
-0.875525
-0.628735
-0.333225
0.032417
0.014705
0.294008
0.711872
0.741343
0.794569
0.857694
0.649620
0.414902
0.413440
0.565431
0.495058
0.664092
0.702041
0.403176
0.557905
0.779008
0.466374
0.352587
0.282354
0.110431
-0.433369
-0.429064
-0.291362
-0.147128
-0.187361
-0.273939
-0.202600
-0.393548
-0.371857
-0.261294
-0.063403
-0.270173
-0.229186
-0.271194
-0.413797
-0.502530
-0.218445
-0.210062
0.067685
0.153428
0.539957
0.705755
0.691454
0.750657
0.406891
0.096668
-0.475086
-0.702245
-1.057150
-1.186231
-1.307834
-1.096173
-0.885409
-0.516255
0.066725
0.483692
0.638948
0.775701
0.806262
0.768738
0.596079
0.573919
0.526217
0.127280
-0.050566
0.012181
0.158461
0.210535
0.269923
0.431882
0.477458
0.244556
-0.007683
-0.252368
-0.281205
-0.310340
-0.244161
0.050914
-0.076728
-0.425931
-0.784526
-0.876080
-1.506082
-1.686410
-1.600054
-1.503256
-1.361592
-0.897411
-0.422083
-0.157840
0.319296
0.539742
0.609203
0.643850
0.348816
0.007749
-0.005478
0.068890
0.487556
0.953191
1.015821
0.799886
0.554988
0.073814
-0.068787
0.154220
0.456348
0.829888
0.961814
0.598798
0.531131
0.414476
0.089945
0.077003
-0.007113
-0.076889
-0.476143
-0.670300
-0.707164
-0.452335
-0.599482
-0.628755
-0.387454
-0.332514
-0.396535
-0.248950
-0.150119
0.194508
0.150372
0.137772
0.288184
0.588126
0.452466
0.412885
0.588041
0.278976
-0.142845
-0.156348
-0.196513
-0.265534
-0.416337
-0.302976
-0.299344
-0.215584
-0.101350
0.225189
0.688920
0.782522
1.017681
0.970764
0.780848
0.507874
0.147679
-0.267532
-0.310313
-0.538512
-0.718638
-1.002209
-0.964293
-1.141606
-1.051830
-0.929782
-0.532809
-0.061803
-0.180379
-0.174732
0.044685
0.047109
-0.263764
-0.086301
0.323988
0.299059
0.158076
0.209779
0.339271
0.316184
0.220467
0.446950
0.734106
0.765761
0.820439
1.005797
0.903464
0.514469
0.318508
0.020592
-0.611150
-0.707265
-0.647581
-0.631240
-1.143044
-1.069442
-1.296407
-1.139773
-1.192596
-0.840597
-0.987730
-0.637379
-1.132339
-0.769430
-0.452804
0.124748
0.681963
1.379062
1.373693
1.364792
1.384166
0.857539
0.355577
0.397643
0.396096
0.356075
0.324578
0.482710
0.499095
0.382731
0.237707
-0.006583
0.130410
-0.027530
-0.018692
0.078067
0.036517
-0.186510
-0.451375
-0.605069
-0.351486
-0.032352
0.373715
0.508061
0.748818
0.537374
0.308981
0.065675
-0.139358
-0.193789
-0.306377
-0.256091
-0.096111
-0.037140
0.012482
-0.336754
-0.468576
-0.952065
-1.097836
-1.264888
-1.105909
-0.856911
-0.543230
-0.196064
0.153006
0.379230
0.625421
0.665747
0.929451
0.997068
1.219531
1.329322
1.321327
1.092177
0.653551
0.320542
-0.120297
-0.319832
-0.615135
-0.749536
-0.726884
-0.744888
-0.712924
-0.445782
-0.547175
-0.630190
-0.643511
-0.741750
-0.995220
-0.810918
-0.372626
0.329878
0.816967
1.206694
1.375069
1.133781
0.733921
0.746145
0.458120
0.436320
0.444297
0.199632
-0.160631
-0.180891
-0.279825
-0.454418
-0.158832
0.126762
0.228834
0.277507
0.496947
0.351614
0.058756
0.013869
0.385146
0.353575
0.154649
-0.141428
-0.122606
-0.697667
-1.258971
-1.287604
-1.337291
-1.423722
-0.796127
-0.588057
-0.406859
-0.325981
-0.080028
-0.204138
0.059745
0.299644
0.549870
0.383485
0.102031
0.162913
0.152084
0.151511
0.323190
0.069250
0.104524
-0.044202
0.044631
0.014819
0.114931
0.016984
-0.266736
-0.540266
-0.892741
-0.704521
-0.569462
-0.488622
-0.018569
0.465680
0.370099
0.449966
0.609652
0.678764
0.737345
1.109587
1.196685
1.198386
1.092387
0.597454
0.286268
-0.007751
-0.366438
-0.761943
-0.730541
-0.908059
-1.169915
-1.250207
-1.026455
-0.897000
-0.526807
-0.305568
0.070344
0.079051
0.127536
0.132145
0.328285
0.605976
0.615976
0.604424
0.664403
0.447121
0.186566
0.083152
-0.039949
-0.319113
-0.440684
-0.680645
-0.871795
-0.874678
-0.923393
-0.799313
-0.368237
-0.015824
0.293911
0.372842
0.616253
0.623385
0.723733
0.773693
0.901208
0.757104
0.352602
-0.125748
-0.164682
-0.362558
-0.358177
-0.408296
-0.183544
-0.483578
-0.370781
-0.130948
0.132423
0.447674
0.662098
0.680510
0.362075
0.200289
-0.117232
-0.438363
-0.637255
-0.787020
-1.044144
-1.042513
-0.627869
-0.084448
0.428325
1.110915
1.397448
1.308246
1.087228
0.693273
0.485836
0.275463
0.081149
-0.103614
-0.544060
-0.704935
-0.936461
-1.221444
-1.137061
-0.859543
-0.827233
-0.800147
-0.508805
-0.588046
-0.217695
0.251477
0.300275
0.739770
0.893440
0.868449
0.800397
1.307139
1.352772
1.425390
1.485165
1.197187
0.626951
0.283285
0.236618
0.433882
0.045448
-0.052274
-0.115260
-0.467607
-0.884666
-0.650826
-0.399871
-0.415426
-0.038557
0.258873
0.430992
0.450465
0.372119
0.233928
0.200500
0.017439
0.193379
0.156593
0.153823
-0.177951
-0.215020
-0.532580
-0.520323
-0.696346
-0.730561
-0.831165
-0.521352
-0.168470
0.318892
0.771120
1.123004
1.095882
0.821669
0.430469
0.062301
0.000496
-0.338275
-0.523349
-0.403187
-0.196331
-0.153095
0.189248
0.709296
0.909677
0.867502
0.724975
0.370413
-0.203757
-0.579330
-0.748623
-0.782746
-0.845500
-0.628537
-0.820551
-1.030538
-1.290927
-1.269228
-1.098502
-0.841816
-0.234715
0.161787
0.506893
0.542461
0.742525
0.642048
0.645989
0.645716
0.534051
0.425299
0.305244
-0.027758
-0.235896
-0.522936
-0.750793
-0.874284
-0.637613
-0.198388
0.285106
0.777525
1.060096
1.223604
1.023885
0.766918
0.450889
-0.115392
-0.575564
-0.870428
-1.288893
-1.303524
-1.107772
-0.886290
-0.893873
-0.771279
-0.650252
-0.452799
-0.093251
0.225944
0.762975
0.803392
0.813529
0.739465
0.630327
0.465425
0.401602
0.399749
0.165526
0.210262
0.463947
0.343714
0.268859
0.619774
0.587572
0.307281
0.135563
-0.156106
-0.691103
-0.821192
-1.163367
-1.321094
-1.289534
-1.283447
-1.374917
-1.064951
-0.710957
-0.037134
0.537840
0.905685
1.048724
1.083048
0.757768
0.319920
0.082810
-0.127044
-0.186053
-0.264507
-0.383784
-0.580209
-0.616691
-0.235153
0.071988
0.141271
0.212718
0.371956
0.209403
0.006970
0.328281
0.639544
0.590899
0.382081
0.065278
-0.060949
-0.105718
-0.243236
-0.043995
0.223731
0.384900
0.410512
0.683774
0.658557
0.648708
0.568641
0.331122
-0.074573
-0.444229
-0.833566
-1.153504
-1.426953
-1.095190
-0.736698
-0.443417
-0.191844
-0.114511
-0.151528
-0.479557
-0.449227
-0.589491
-0.244422
0.032296
0.305720
0.507983
0.649620
0.730186
0.636193
0.679036
0.332661
0.042932
0.066393
-0.095836
-0.199670
0.200513
0.586893
0.734755
0.697946
0.707732
0.425386
0.291211
0.122172
0.118631
0.342723
0.563309
0.686750
0.914484
0.847064
0.371664
-0.145022
-0.660424
-1.336549
-1.580139
-1.437788
-1.054779
-0.872866
-0.787569
-0.573836
-0.725819
-0.956692
-0.807376
-0.660021
-0.651368
-0.410074
-0.307522
-0.317974
0.059837
0.543508
0.948662
0.993030
1.157986
0.784068
0.232502
0.213039
0.754489
1.076826
1.352691
1.713375
1.494393
0.902831
0.427625
0.071783
0.005105
-0.282313
-0.121562
-0.100576
0.053331
-0.139037
-0.263382
-0.273281
-0.399560
-0.467071
-0.558680
-0.514410
-0.602205
-0.728320
-0.597735
-0.494060
-0.384629
-0.426286
-0.347185
-0.405136
-0.338895
-0.016946
0.239181
0.503295
0.874008
0.981435
1.104341
1.037992
1.081715
0.992627
0.790754
0.520673
0.251299
-0.055871
-0.575351
-0.770801
-1.003668
-1.333880
-1.432579
-1.345508
-1.271225
-0.765081
-0.218530
0.108419
0.381988
0.502416
0.032947
-0.181335
-0.280487
-0.352248
0.230739
0.432278
0.698724
1.039284
1.124657
0.884217
0.830958
0.792235
0.634191
0.700268
0.574698
0.467144
0.339509
-0.012291
-0.391565
-0.643055
-0.765900
-0.878745
-1.077505
-0.931522
-0.929213
-1.115037
-1.247731
-0.998727
-0.890127
-0.655361
-0.279787
0.071954
0.155377
0.286238
0.112461
0.731192
1.253432
1.603320
1.591722
1.537204
0.946856
0.121549
-0.313961
-0.272895
-0.130853
-0.032545
0.031840
0.318571
0.205953
0.033902
0.181734
0.289556
0.165318
0.013808
0.142413
0.002447
-0.269997
-0.205407
-0.344005
-0.323860
-0.550441
-0.754946
-1.287085
-1.677686
-1.848004
-1.845412
-1.439869
-0.927695
-0.494127
-0.247400
-0.109905
0.293889
0.501805
0.724810
0.951670
1.237810
1.381084
1.321234
1.431259
1.512525
1.099777
0.774288
0.643188
0.616405
0.232749
0.331999
0.039981
-0.179975
-0.443172
-0.630526
-0.783454
-0.783775
-0.873016
-0.821978
-0.932950
-0.873381
-0.747495
-0.598916
-0.586715
-0.545238
-0.500814
-0.289561
-0.117933
-0.261368
-0.038836
0.157902
0.035272
0.236919
0.614455
0.768886
1.125132
1.383788
1.507355
1.493827
1.528205
1.215407
0.978484
0.573492
0.117807
-0.092921
-0.412786
-0.557868
-0.677635
-0.518842
-0.143761
-0.071356
-0.020815
0.172868
0.202533
-0.198009
-0.395017
-0.464735
-0.552579
-0.656662
-0.297151
-0.201365
-0.160192
-0.355644
-0.570649
-0.858289
-0.881338
-0.829505
-0.534263
0.008580
0.277417
0.469581
0.971769
1.287353
1.065911
0.589434
0.367991
0.193909
-0.210265
-0.211172
-0.094600
0.236214
-0.242264
-0.473431
-0.355252
-0.223645
-0.333937
-0.191081
0.103085
0.310571
0.203607
0.574503
0.457692
0.302403
-0.013129
0.021923
-0.130648
-0.084767
0.039176
0.231452
0.400706
0.166838
0.603132
0.783812
0.595709
0.143012
-0.097414
-0.506454
-0.508364
-1.070367
-0.892599
-1.042313
-1.309209
-1.482860
-0.922221
-0.393235
-0.018704
0.317761
0.171395
0.045239
-0.048001
0.100755
0.313512
0.313338
0.384766
0.501745
0.371040
0.213286
0.281688
0.495367
0.153475
0.176178
0.339457
0.696709
0.827273
0.689061
0.589690
0.517722
-0.009173
0.010892
-0.339805
-0.293202
-0.489081
-0.465143
-1.070953
-0.852031
-0.692835
-0.766063
-0.702801
-0.439746
-0.229518
0.039488
0.075624
0.470552
0.824888
0.686307
0.430429
0.475677
0.250042
-0.050063
-0.089664
0.075886
-0.019036
0.137642
0.216904
0.410169
0.054100
0.150805
0.063269
-0.156034
-0.306679
-0.648373
-0.929315
-1.015693
-0.608877
-0.313622
0.128115
0.478450
0.496243
-0.281813
-0.511320
-1.151528
-1.121178
-1.010302
-0.221785
0.000634
0.625384
0.527586
0.612094
0.716847
0.636832
0.700581
0.780960
0.987185
0.978631
0.878580
0.803285
0.796428
-0.122174
-0.671205
-0.994767
-0.982998
-1.034827
-0.703829
-0.374249
-0.095266
0.013592
0.004522
0.044989
-0.254592
-0.576498
-0.634618
-0.832248
-0.688650
-0.429464
-0.128380
-0.253438
-0.150627
-0.012340
-0.314308
-0.471515
-0.010784
0.461544
0.732347
1.012333
1.462794
1.250235
0.757278
0.294275
0.101422
-0.205424
-0.444733
-0.416836
-0.483235
-0.448069
-0.062360
0.234519
0.633921
0.836781
0.847065
0.629472
0.439644
0.161821
0.009444
0.094570
0.030875
-0.289023
-0.128273
-0.362990
-0.544500
-0.693621
-0.954366
-0.508988
-0.092932
0.428998
0.641715
1.116668
0.767497
0.647302
0.457771
0.082484
-0.106534
-0.602884
-0.855554
-0.966692
-0.655517
-0.372174
-0.092854
0.164415
0.117780
0.026057
-0.014869
-0.170324
0.111441
0.480476
0.863534
1.034100
1.039474
0.592419
-0.028935
-0.661225
-0.925978
-0.923243
-0.838449
-0.766068
-0.673512
-0.815148
-0.829308
-0.923924
-0.936120
-0.399656
-0.051476
0.391762
0.858298
0.941126
0.908758
0.780779
0.524727
0.231147
0.272160
0.088046
0.052827
0.103425
0.124813
0.195220
0.025776
-0.093718
-0.434839
-0.786989
-0.560485
-0.355597
-0.263801
0.055785
0.455015
0.847529
0.875609
1.011812
0.978203
0.726104
-0.161498
-0.806920
-0.711785
-0.709749
-0.631004
-0.127178
0.317204
0.261944
0.132928
0.254272
0.303540
0.295477
0.315916
0.649352
0.819972
0.654642
0.563667
0.546559
0.176600
-0.122995
-0.448714
-0.519802
-0.737241
-0.719930
-0.985298
-1.425006
-1.098148
-0.924967
-0.864628
-0.400631
-0.047829
-0.138266
-0.351271
-0.508248
-0.437741
-0.023307
0.717752
0.913995
1.623197
1.883962
1.783390
1.137223
0.984665
0.465492
-0.111066
-0.368477
-0.298887
-0.484770
-0.302315
-0.214381
0.093813
0.038324
0.360539
0.154872
0.342873
0.239818
-0.077303
-0.262237
-0.350483
-0.987343
-0.827483
-0.810242
-0.827700
-0.828711
-0.635969
-0.401433
-0.276515
-0.113868
-0.205590
-0.117648
-0.548511
-0.543677
-0.014747
0.379086
1.063279
1.386480
1.333740
1.008026
0.962866
0.406842
-0.152449
-0.311693
-0.647559
-0.933818
-0.711325
-0.376054
-0.081926
-0.026322
-0.060636
-0.038858
-0.219942
-0.179712
-0.230048
-0.066364
0.165521
0.215645
-0.104944
-0.529623
-0.564263
-0.959427
-0.708138
-0.358279
0.284685
0.570824
0.788018
0.838475
0.870987
0.788958
0.770326
0.562990
0.337295
0.130536
-0.006019
-0.174117
-0.085594
0.221355
0.139047
0.083561
-0.373992
-1.000892
-1.635795
-1.716992
-1.593427
-1.211419
-0.700727
-0.226870
-0.088542
0.220600
0.652219
1.096388
1.245104
1.241151
1.200789
0.962086
0.841344
0.745023
0.916825
0.868413
0.667942
0.403823
0.215837
0.028715
-0.338686
-0.327029
-0.350932
-0.379302
-0.193735
0.059903
-0.091837
-0.044055
-0.007935
0.178128
-0.123394
-0.242420
-0.600636
-0.900675
-1.515421
-1.560675
-1.325056
-1.043570
-0.883429
-0.340842
0.010836
0.325614
0.455306
0.795055
0.995791
1.065900
0.938807
0.809993
0.720150
0.390090
0.165670
-0.175930
-0.288483
-0.378677
-0.510915
-0.525825
-0.513480
-0.417489
-0.048509
0.030521
0.388243
0.858913
1.230608
1.020849
0.904680
0.514640
0.055093
-0.365779
-0.645308
-0.823104
-0.583796
-0.504216
-0.396144
-0.299953
-0.050645
-0.030567
-0.067993
-0.123952
0.489360
1.075871
1.712325
1.783544
1.424695
0.331875
-0.645686
-1.901092
-2.395717
-2.126740
-1.744214
-1.130961
-0.567040
0.072533
0.098149
-0.082192
-0.426102
-0.613099
-0.738187
-0.775567
-0.361814
-0.150154
-0.264800
-0.024576
0.228721
0.213633
0.286247
0.408858
0.138988
0.118560
0.366380
0.617378
0.825283
1.133893
1.114234
0.825624
0.452564
0.345992
0.302744
0.373885
0.410994
0.261870
0.351780
0.178659
-0.102044
-0.316686
-0.515773
-0.652200
-0.648835
-0.575892
-0.191371
0.270320
0.555074
0.609342
0.983387
1.022632
0.746249
0.628531
0.293013
-0.243193
-1.035511
-1.457662
-1.829273
-1.987107
-1.836149
-1.412308
-0.651153
-0.149650
0.304072
0.484533
0.652277
0.602193
0.478982
0.584145
0.652504
0.557693
0.555048
0.453636
0.398967
0.276140
0.248609
0.160072
0.196746
0.450391
0.503726
0.735522
0.851932
0.987919
0.781724
0.203011
-0.517276
-1.235054
-1.708548
-1.851256
-1.657663
-1.271640
-0.869464
-0.725912
-0.715607
-0.547129
-0.230789
-0.106734
0.143670
0.280748
0.631383
0.667450
0.677630
0.583213
0.278066
-0.132275
-0.265401
-0.272542
-0.021571
0.022583
0.044283
-0.207723
-0.312695
-0.449194
-0.351309
-0.170023
-0.133524
-0.146204
-0.321243
-0.201277
-0.044153
0.221373
0.588387
0.782976
0.599644
0.509754
0.513623
0.404185
0.132427
0.092455
0.271586
0.007542
0.112180
-0.089599
-0.074166
-0.395742
-0.403090
-0.474371
-0.109246
0.385262
0.679879
1.034280
1.002405
0.672853
0.325739
-0.221342
-0.517159
-0.655998
-0.662780
-0.685051
-0.419815
-0.301974
-0.301138
-0.002410
0.093365
0.290804
0.471031
0.473982
0.590320
0.495433
0.121744
-0.154189
-0.400742
-0.578177
-0.351419
0.122404
0.304976
0.495702
0.811981
0.770018
0.728388
0.775712
0.955883
0.839751
0.553200
0.357482
0.144623
-0.051790
-0.051163
-0.297397
-0.704335
-1.044626
-1.067903
-1.394590
-1.349684
-1.066698
-0.949040
-0.720491
-0.534095
-0.211285
-0.022007
0.305219
0.374667
0.551596
0.793530
0.981461
1.000829
1.108909
1.161610
1.002857
0.571513
0.254562
-0.042812
-0.423809
-0.514446
-0.473223
-0.053990
-0.034131
0.163795
0.171438
0.317055
0.185557
0.174625
0.189650
0.346684
0.155116
0.093679
-0.071451
-0.233389
-0.442466
-0.528011
-0.718004
-0.613832
-0.715020
-0.899866
-0.917592
-0.636369
-0.485267
0.023516
0.324360
0.890909
1.081257
0.993534
0.773671
0.920463
0.919524
0.714826
0.877607
0.783243
0.399536
-0.137574
-0.375889
-0.673690
-0.826857
-0.905373
-0.794521
-0.650435
-0.453605
-0.213860
0.099213
0.307520
0.486272
0.581293
0.666824
0.742546
0.687437
0.457925
0.274509
0.117942
-0.023160
-0.195407
-0.292375
-0.225586
-0.195348
-0.135949
-0.215722
-0.205005
-0.409935
-0.465380
-0.420500
-0.071357
-0.023224
-0.050168
-0.192289
-0.563072
-0.918575
-0.904121
-0.896932
-0.521496
-0.117282
0.301525
0.847183
1.351206
1.256689
0.963591
0.518471
0.136679
-0.238684
-0.302004
-0.145008
0.189700
0.137276
0.043436
-0.024828
-0.233178
-0.291833
-0.631279
-0.880910
-1.122905
-1.049531
-0.992609
-0.805003
-0.297375
0.022555
0.148571
0.294785
0.449383
0.635013
0.715451
0.852103
0.839644
0.943107
0.765887
0.652248
0.391597
-0.047234
-0.331902
-0.479605
-0.558569
-0.249472
0.223073
0.627564
0.861364
0.900354
0.688547
0.423182
0.033775
-0.389301
-0.543511
-0.527944
-0.678452
-0.433164
-0.432175
-0.489741
-0.659845
-0.599823
-0.730935
-0.637917
-0.280210
0.018759
-0.023731
0.221982
0.532307
0.553018
0.485857
0.784071
0.862287
0.797850
0.557141
0.276266
-0.003201
-0.457215
-0.624408
-0.466545
-0.243636
-0.165059
-0.030823
-0.009225
-0.065038
-0.304716
-0.295728
-0.141164
-0.207504
-0.501314
-0.590790
-0.430617
-0.489401
-0.229068
0.034692
0.133647
0.152451
0.099526
0.287544
0.336085
0.682576
0.592476
0.344487
-0.146613
-0.497265
-0.668456
-0.867005
-0.775969
-0.804820
-0.766251
-0.588068
-0.363815
-0.085111
0.233739
0.439446
0.390435
0.301246
0.294986
0.320488
0.578069
0.670916
0.739619
1.019720
1.117708
1.001317
0.851464
0.755470
0.242282
-0.165620
-0.439779
-0.696926
-0.859543
-0.893828
-0.940752
-0.755315
-0.818355
-0.753635
-0.785827
-0.768857
-0.592058
0.096165
0.490495
0.789306
1.113398
1.207786
0.797367
0.597644
0.454832
0.155107
-0.272683
-0.516969
-0.558230
-0.620129
-0.620129
-0.668348
-0.564917
-0.666606
-0.690104
-0.587416
-0.537752
-0.258699
-0.161460
0.003406
0.409831
0.760219
1.120725
1.251221
1.227193
1.142745
1.011044
0.635178
0.764860
0.770354
0.529464
0.388167
0.361262
-0.380758
-0.257329
-0.222851
-0.017085
0.007416
0.539610
0.159386
-0.132838
-0.449924
-0.718015
-1.452987
-1.540084
-1.405772
-0.933389
-0.672822
0.170530
0.685498
0.726349
0.521484
0.334159
0.448245
0.551227
0.900948
1.015315
1.025462
0.633534
0.058433
-0.325407
-0.387444
-0.395452
-0.177237
0.018680
-0.324559
-0.769739
-0.874100
-0.956717
-1.041494
-0.628444
-0.432481
-0.283722
-0.148518
-0.151672
-0.162379
-0.053658
0.036816
-0.131095
-0.067828
-0.107856
-0.348176
-0.592128
-0.901178
-1.169506
-0.824649
-0.392166
0.030712
0.551845
1.133843
1.033629
0.963049
0.899036
0.685909
0.640220
0.321536
0.130090
0.064659
0.233295
0.130636
0.109094
0.443557
0.510085
0.293790
0.404117
0.405060
0.287057
-0.048614
-0.173805
-0.180688
-0.056177
-0.126700
0.153771
0.253834
-0.071655
-0.174147
-0.601571
-0.825139
-0.608462
-0.490672
-0.385556
0.047579
0.183222
-0.079233
-0.092996
-0.348967
-0.686796
-0.744228
-0.573785
-0.610357
-0.146797
-0.141829
-0.290010
-0.394243
-0.410936
-0.762993
-0.754987
-0.497217
-0.413677
-0.405373
0.071881
0.477517
0.718425
0.994386
1.315633
1.385863
1.525410
1.166121
0.689298
0.365888
0.009528
-0.497262
-0.770944
-0.743648
-0.834258
-0.999555
-0.896138
-0.531164
-0.301056
0.049251
0.304897
0.550332
0.584080
0.528186
0.586972
0.633894
0.598735
0.635300
0.725624
0.504506
0.335218
0.257197
-0.135738
-0.524063
-0.846791
-1.087303
-1.353722
-1.513500
-1.412113
-1.260015
-1.126777
-0.790384
-0.366353
-0.264661
-0.071814
0.403003
0.695755
0.937440
1.231269
1.402419
1.222274
0.894101
0.732498
0.701345
0.553464
0.471406
0.431761
0.220239
-0.140393
-0.506210
-0.822982
-1.115576
-1.225722
-1.171517
-1.005725
-0.659019
-0.440064
-0.050230
0.176187
0.517297
0.512034
0.599117
0.397435
0.346280
0.163705
-0.026252
-0.205659
-0.085640
-0.449668
-0.530635
-0.520562
-0.233509
-0.142042
0.363034
0.572249
0.536070
0.412786
0.047653
-0.306006
-0.276168
-0.287628
-0.202227
-0.204866
0.221202
0.316155
0.527962
0.583333
0.839847
0.518630
0.331198
0.223060
-0.130819
-0.470227
-0.583750
-0.975894
-0.943763
-0.707449
-0.197427
0.027029
0.253845
0.425389
0.223882
-0.153930
-0.078634
0.097432
-0.394646
-0.246817
-0.073891
-0.265019
-0.736010
-0.291547
-0.166106
0.297513
0.202372
0.489678
0.164070
0.148820
-0.393954
-0.479167
-0.288519
-0.025025
0.018144
0.265888
0.543271
0.664075
0.579753
0.496978
0.569927
0.306588
0.063979
0.029054
0.059208
-0.087546
0.003602
-0.006028
0.285648
0.751940
0.836012
1.186451
1.497327
1.267201
0.930147
0.575984
0.004372
-0.618658
-1.135857
-1.735069
-2.093864
-1.830789
-1.643552
-1.302037
-1.068419
-0.773038
-0.580426
-0.555753
-0.401555
-0.112579
0.252786
0.224270
0.450247
0.480529
0.386465
0.216621
0.370167
0.335723
0.288637
0.087416
0.202774
-0.068890
-0.130642
0.111198
0.285665
0.439255
0.663499
0.821678
0.674528
0.465506
0.066302
-0.130707
-0.099868
0.003278
0.206481
0.232612
0.052023
-0.064247
-0.423450
-0.427169
0.054803
0.320719
0.323502
0.329216
0.325382
-0.013668
-0.337748
-0.460060
-0.649160
-0.832903
-0.963466
-0.869286
-0.675181
-0.404140
-0.110377
-0.009433
0.353908
0.355199
0.200272
-0.038847
0.180248
0.196859
0.123621
0.478157
0.936157
0.765347
0.648057
0.594531
0.434394
0.019021
-0.264442
-0.395588
-0.712225
-0.970258
-0.970758
-0.789463
-0.739455
-0.426603
-0.298849
-0.216407
0.113947
0.258194
0.325078
0.654391
0.956845
1.037885
1.053995
1.080219
0.997529
0.909151
0.650892
0.217938
0.112549
0.183375
0.086962
0.115643
0.524531
0.675198
0.318186
-0.095273
-0.282579
-0.607473
-0.968675
-0.611142
-0.445638
-0.590112
-0.477169
-0.370923
-0.516188
-0.263664
-0.127148
-0.114571
-0.111871
-0.059472
0.020140
0.236504
0.236551
0.296277
0.183662
-0.011489
-0.153053
0.209681
0.452984
0.661214
0.829421
0.898032
0.438715
-0.080674
-0.540145
-0.985191
-1.241842
-1.393644
-1.371071
-1.490523
-1.490069
-1.524593
-1.273120
-1.087516
-0.532834
0.052612
0.737323
1.059992
1.282981
1.306974
1.051217
0.857322
0.700032
0.690110
0.694733
0.694140
0.783723
0.618617
0.516755
0.281496
0.249084
-0.061511
0.036804
0.150620
0.118802
0.147837
-0.014710
-0.030741
-0.127359
-0.361125
-0.769063
-0.844659
-1.142825
-1.276816
-0.955211
-0.423145
-0.115911
0.208000
0.498268
0.683454
0.615407
0.482737
0.570760
0.499883
0.425473
0.492067
0.675622
0.775181
0.604286
0.301030
0.009010
-0.455845
-0.892790
-1.053870
-1.204728
-1.477607
-1.420921
-1.241392
-1.286954
-0.981658
-0.494262
-0.012962
0.339937
0.882938
1.077844
1.124182
0.979230
0.662646
0.377752
0.335928
0.063821
0.041800
-0.012852
-0.019264
-0.054382
0.287696
0.309591
0.399185
0.788793
1.210469
1.064048
0.885131
0.715185
0.126943
-0.620910
-0.890526
-1.139668
-1.328665
-1.113640
-0.702820
-0.333369
0.061302
0.165772
0.036229
-0.383435
-0.941383
-1.012787
-0.920349
-0.829627
-0.522926
-0.136155
0.102396
0.424363
0.526416
0.610119
0.723225
0.296186
0.507102
0.383349
0.256074
0.436495
0.710370
0.095505
0.089934
0.210484
-0.045210
-0.377715
-0.327762
-0.431812
-0.528090
-0.522077
-0.180503
0.224197
0.510167
0.457672
0.420321
0.547678
0.475203
0.695015
0.952325
0.775303
0.394160
-0.242859
-0.955300
-1.335375
-1.602792
-1.644764
-1.468642
-1.037011
-0.814180
-0.097878
0.405846
0.670353
0.661581
0.490873
0.226804
0.502323
0.671191
0.647054
0.707677
0.891568
0.520824
0.398544
0.461208
0.388191
0.108413
-0.108887
-0.128621
-0.173112
-0.229524
-0.182378
-0.353950
-0.254774
-0.290821
-0.037711
0.172942
0.445645
0.343507
0.331858
0.276433
-0.031479
0.214189
0.516303
0.527188
0.762354
1.069692
0.484840
-0.049006
-0.191879
-0.320277
-0.633723
-0.530519
-0.541534
-0.458827
-0.506471
-0.243544
-0.043384
0.051615
-0.069356
0.001487
-0.117880
-0.111352
0.132181
0.423874
0.417225
0.523449
0.783300
0.543259
0.247893
-0.112569
-0.193216
-0.525774
-0.571544
-0.587397
-0.597647
-0.819438
-0.998435
-0.898364
-0.544053
-0.179877
0.254325
0.705950
0.762537
0.646019
0.593053
0.400324
0.066405
-0.078722
0.030845
-0.015883
0.172571
0.321008
0.695830
0.659440
0.832612
0.765999
0.894682
0.383630
0.142702
-0.255554
-0.613531
-0.970246
-0.827660
-0.634880
-0.606316
-0.548817
-0.456044
-0.413878
-0.811681
-0.562041
-0.333728
-0.190891
0.176933
0.328872
0.057669
-0.167323
-0.091881
-0.178246
-0.074111
0.063304
0.146851
0.278691
0.171796
0.321321
0.234289
0.407464
0.047896
0.099091
0.131954
0.229193
0.052895
0.110624
-0.113075
-0.232246
-0.471434
-0.612957
-0.720507
-0.804288
-0.927183
-0.520517
-0.391390
-0.283933
-0.247838
-0.048918
-0.007486
0.243832
0.668090
1.149421
1.150095
0.856040
0.853933
0.734683
0.774672
1.048657
1.022511
0.784425
0.190218
-0.354523
-0.738713
-0.724387
-0.661678
-0.506284
-0.553610
-0.479962
-0.251982
-0.118387
0.033096
0.394720
0.116420
-0.162237
-0.473034
-0.548264
-0.823655
-0.932249
-0.884765
-0.912500
-0.801820
-0.698336
-0.531665
-0.317555
0.144275
0.374149
0.465757
0.832183
0.861690
0.682162
0.546248
0.630735
0.600623
0.617054
0.553079
0.723615
0.586991
0.625013
0.506577
0.412664
0.164173
0.010879
-0.318915
-0.429639
-0.321394
-0.341189
-0.572010
-0.793772
-0.947501
-0.974266
-1.101317
-0.837574
-0.338436
-0.106341
0.159198
0.270439
0.751349
1.058435
1.515532
1.635075
1.727158
1.466691
1.023893
0.550060
0.270950
0.270011
0.200096
0.055389
-0.055148
-0.286452
-0.593527
-1.064021
-1.154599
-1.110190
-1.179028
-1.075240
-0.775760
-0.687998
-0.605504
-0.516410
-0.274513
-0.050817
0.225664
0.524945
0.883834
1.029858
1.202101
1.339389
1.297371
1.119000
1.005328
0.869772
0.439490
-0.029389
-0.247652
-0.440848
-1.030528
-1.106020
-1.134305
-1.309442
-1.283441
-0.879908
-0.474513
-0.342481
-0.167343
-0.194318
-0.190801
-0.214774
-0.164477
-0.027917
0.179040
0.337724
0.659051
0.892555
0.763554
0.593637
0.578580
0.040753
-0.038597
0.319195
0.325989
0.089225
0.100658
-0.045434
-0.400774
-0.490520
-0.274416
-0.074814
0.241028
0.465160
0.440538
0.092946
-0.636008
-1.196187
-1.306029
-1.399778
-1.235807
-1.033416
-0.722560
-0.914641
-0.485648
-0.248734
0.384179
0.868451
1.242351
1.156024
1.210149
1.190401
1.080202
1.018734
1.259112
1.256509
1.056504
0.656906
0.436525
-0.037194
-0.748672
-1.088554
-1.129152
-1.078962
-0.955155
-0.558490
-0.303159
-0.585122
-0.457030
-0.451816
-0.663028
-0.491751
-0.029692
0.288578
0.576101
1.304629
1.224909
0.817332
0.446148
0.039394
-0.231243
-0.008798
0.289036
0.767517
0.730625
0.684818
0.362214
0.095563
-0.424513
-0.584883
-0.563586
-0.571095
-0.098905
-0.071172
-0.181328
-0.436009
-0.551277
-0.841357
-0.992121
-0.890218
-0.763614
-0.371230
0.232456
0.599046
0.934801
1.013521
0.903811
0.810421
0.523190
0.535440
0.469015
0.421811
0.131233
0.138610
0.157452
0.289099
0.337592
0.218778
0.121783
-0.256646
-0.702599
-0.869302
-1.333166
-1.465131
-1.357458
-1.273745
-1.067855
-0.378728
0.173420
0.634997
1.085153
1.338780
1.418803
1.199005
0.825525
0.591791
0.343215
0.008033
0.036046
-0.037749
0.049833
-0.026933
-0.180414
-0.397834
-0.552162
-0.595430
-0.808807
-0.829305
-0.631927
-0.236533
-0.205246
-0.340055
-0.104455
-0.141314
-0.313982
-0.205931
0.125664
0.207500
0.240111
0.413721
0.364631
0.411024
0.356751
0.617743
0.740979
0.774588
0.852169
1.039775
0.878587
0.603522
0.194192
-0.321171
-0.762646
-1.318574
-1.445458
-1.323077
-1.133533
-1.148824
-0.839081
-0.517385
-0.253166
0.190989
0.508135
0.697452
0.800656
0.845423
0.778043
0.787149
0.827600
0.664488
0.578926
0.381968
0.374232
0.460465
0.236896
-0.056753
-0.492563
-0.988043
-1.381942
-1.270394
-1.113194
-0.800250
-0.453046
-0.231719
-0.224239
-0.234186
-0.192766
-0.245373
-0.157823
-0.093125
0.211176
0.441457
0.809110
0.934760
1.071044
0.967309
0.891679
0.727966
0.686519
0.682250
0.632582
0.585333
0.197873
-0.487929
-0.916538
-1.365628
-1.935697
-1.793129
-1.527638
-1.296999
-0.826687
-0.089818
0.324895
0.592962
0.876695
0.681799
0.333132
-0.066363
-0.267492
-0.202531
-0.224966
-0.001665
0.127388
0.191326
0.075666
0.116480
-0.087400
-0.183133
-0.101354
-0.264660
-0.015425
0.330961
0.449134
0.633367
0.414892
0.072903
-0.175138
-0.393612
-0.589231
-0.424401
-0.348475
-0.486467
-0.617470
-0.542380
-0.891601
-0.757760
-0.623992
-0.379087
-0.165039
0.370748
0.458071
0.378303
0.514507
0.210762
0.166277
0.276954
0.588246
0.635448
0.879631
0.995393
1.150272
0.941513
0.975550
0.574668
0.445090
0.133784
0.097871
0.110880
-0.001989
-0.356278
-0.716706
-0.969811
-1.268764
-1.111251
-1.040480
-0.883807
-0.415828
-0.088509
-0.033446
0.348335
0.499806
0.389952
0.131943
0.085251
0.136096
0.247925
0.293415
0.208760
0.315321
0.022260
-0.450654
-0.439678
-0.424241
-0.293516
-0.173672
0.203696
0.469877
0.372566
0.260933
0.053636
0.235554
0.140704
0.611789
0.641522
0.713624
0.528438
-0.114423
-0.684845
-0.815999
-1.016248
-1.311837
-1.145752
-0.793571
-0.622429
-0.174771
0.304176
0.610234
0.627886
0.566132
0.425454
0.693585
0.678550
0.800195
0.803168
0.839844
0.474850
0.324990
0.154808
-0.039442
-0.228942
-0.542430
-0.744895
-0.892315
-0.904773
-0.935469
-0.891024
-0.607916
-0.461090
-0.524575
-0.437855
-0.217183
0.052115
0.144937
0.569436
0.893556
0.939613
0.763368
0.583719
0.589026
0.591168
0.537495
0.565138
0.635689
0.329202
-0.223518
-0.571535
-0.934197
-1.230982
-1.141145
-1.089431
-0.737240
-0.554144
-0.480046
-0.562751
-0.439114
-0.286902
-0.187125
-0.048536
0.241646
0.351969
0.227896
0.211936
0.364124
0.173005
0.230515
0.119369
0.045200
0.237466
0.394511
0.356696
0.400912
0.047717
0.063536
0.005505
0.298288
0.537522
0.596857
0.816283
0.657014
0.314489
-0.276504
-0.414642
-1.068623
-1.431940
-1.573988
-1.585937
-1.120710
-0.992138
-0.771873
-0.599099
-0.243763
-0.204292
-0.087444
0.268041
0.553836
0.571635
0.770174
0.844222
1.136798
1.336409
1.554158
1.378217
1.147278
0.860799
0.327474
0.019510
0.085599
0.154894
-0.030993
-0.196593
-0.310328
-0.627110
-0.748388
-0.728303
-0.509600
-0.383419
-0.420568
-0.509420
-0.594076
-0.899704
-0.988990
-0.855312
-0.719135
-0.668855
-0.558452
-0.031772
0.289940
0.730460
0.951735
1.267034
1.328367
0.905950
0.480581
0.022382
-0.136335
-0.693801
-0.327714
-0.275364
-0.001026
-0.008730
-0.030703
-0.417724
-0.385409
-0.587682
-0.523313
-0.377541
-0.129291
-0.148164
0.239508
0.521831
0.817556
1.150635
1.266187
1.199098
1.238261
0.985950
0.737201
0.312006
0.549791
0.616454
0.404674
0.157884
0.296036
-0.401665
-1.143684
-1.305471
-1.364874
-1.325310
-0.830816
-0.563359
-0.243379
-0.172296
-0.170297
-0.418012
-0.233543
-0.103125
-0.130722
-0.148998
0.011478
-0.117836
-0.279271
-0.322914
-0.116613
-0.179830
-0.514663
-0.411797
-0.266927
0.005877
0.016051
0.245229
0.337784
0.175835
0.078683
0.142550
0.256463
0.220756
0.267554
0.162195
0.240063
0.602798
0.589350
0.641950
0.914516
1.056505
1.259354
1.059291
1.460609
1.177076
1.061613
0.646237
-0.021436
-1.046950
-1.601365
-2.178582
-2.555546
-1.844892
-1.169096
-0.650837
-0.193873
0.049534
-0.021258
0.308110
0.254995
0.089961
0.097414
0.182578
-0.040827
-0.338523
-0.008866
-0.044668
0.027557
-0.004339
0.404014
0.335743
-0.115841
-0.580304
-1.248651
-1.935017
-2.000797
-1.600331
-1.150543
-0.458621
0.573738
0.831105
0.867090
1.332757
1.377464
1.031471
0.700590
0.737525
0.543270
0.829057
1.051660
1.049600
0.704217
-0.046376
-0.805457
-1.438810
-1.828029
-1.722041
-1.398294
-1.196633
-0.754380
-0.328512
0.119359
0.081139
0.330300
0.210482
0.255803
0.159365
0.102055
0.365807
0.528150
0.576077
0.601101
0.979063
0.603319
0.277376
0.093903
-0.045919
-0.123417
0.116645
0.158420
0.277710
0.317861
0.294772
0.143300
0.387357
0.499802
0.303929
0.228355
0.003081
-0.297081
-0.500660
-0.534714
-0.578995
-0.392258
-0.189393
0.056752
0.394431
0.856625
1.096545
1.228826
1.242513
1.093691
0.786916
0.569241
0.001976
-0.693050
-1.140136
-1.590153
-2.100185
-1.794528
-1.370939
-1.136857
-1.013181
-0.683990
-0.510114
-0.777258
-0.611155
-0.384008
-0.298155
-0.373663
0.101931
0.395973
0.681833
1.019091
0.979097
0.906486
0.731882
0.441593
0.043383
0.524151
0.946337
1.521847
1.570313
1.531424
0.789922
0.274981
-0.326843
-0.383545
0.007606
0.700551
1.090970
0.964721
0.891132
0.928708
0.527439
0.048476
-0.108070
-0.064633
-0.393330
-0.575691
-0.487278
-0.336363
-0.104126
-0.079195
-0.056736
0.235604
0.519691
0.662168
0.768088
1.020560
0.763673
0.344783
-0.485518
-0.702536
-0.762633
-0.984818
-0.843030
-0.450416
-0.450170
-0.618369
-0.651473
-0.663740
-0.548293
-0.483096
-0.030060
0.347012
0.605354
0.853820
1.183780
1.189925
1.136188
1.254496
0.918346
0.236764
-0.606388
-0.977092
-1.435646
-1.716458
-1.333288
-0.918392
-0.726073
-0.497664
-0.076387
0.075358
0.190291
0.150318
0.005384
-0.293461
-0.558120
-0.799541
-0.563574
-0.296326
0.047502
0.487321
0.654142
0.520017
0.314110
0.345014
0.124823
0.255832
0.519634
0.370634
-0.197858
-0.584546
-0.988920
-1.340245
-1.313389
-0.979016
-0.742050
-0.394661
-0.193723
0.005211
0.332192
0.538750
0.672841
0.509219
0.348024
0.346237
0.449885
0.409629
0.390036
0.661428
0.593237
0.360239
0.381410
0.602906
0.754554
0.745209
0.939672
0.977839
0.893008
0.700305
0.573061
0.053360
-0.462233
-1.168382
-1.631958
-1.940507
-1.693356
-1.486368
-0.903698
-0.631175
-0.601299
-0.565872
-0.592734
-0.494852
-0.386647
-0.028674
0.053778
0.407542
0.708783
0.803282
0.770962
0.834227
0.765962
0.367148
0.097375
0.198607
0.172911
-0.143672
-0.040913
0.203819
0.284027
0.060141
0.044604
-0.033586
-0.314155
-0.548012
-0.342171
0.076801
0.287437
0.155757
0.326398
0.136012
0.228344
0.192005
0.611008
0.411657
0.446540
0.336686
0.122702
0.084696
0.058334
0.113609
0.211724
0.083321
-0.152700
-0.141371
-0.107807
-0.231555
-0.037836
0.401598
0.401665
0.556801
0.554581
0.307008
-0.339221
-0.461448
-0.447549
-0.759243
-0.609933
-0.120252
-0.189787
-0.147743
-0.234738
-0.154955
-0.445155
-0.432899
-0.591943
-0.276118
-0.120108
0.075229
0.203264
0.088420
-0.533522
-0.580689
-0.893236
-0.921975
-0.825777
-0.419651
-0.279282
-0.101074
0.351795
0.541766
0.847591
0.662909
1.016807
1.085842
1.002051
0.924332
0.829946
0.420471
0.124213
-0.246343
-0.099256
-0.065777
-0.004986
-0.228597
-0.136514
-0.530635
-0.568610
-0.206043
0.127929
0.312649
0.773627
0.912297
1.043824
0.760989
0.640514
0.353417
0.096579
-0.152909
-0.248948
-0.492904
-0.946798
-0.990525
-1.046148
-0.895023
-0.355308
0.117070
0.475545
0.441006
0.543360
0.396187
0.423499
0.591734
0.779458
0.910392
0.603933
0.339210
-0.226744
-0.902589
-1.585515
-1.452528
-1.431092
-1.194450
-0.776532
-0.232679
-0.116716
0.060026
0.260875
0.023287
0.153788
0.175025
0.163969
0.014230
0.217930
0.363148
0.473625
0.793006
1.032967
1.001936
0.488205
0.040887
-0.155407
-0.579999
-0.701695
-0.381768
-0.141792
-0.177380
-0.133004
0.113688
-0.018960
0.003265
0.184508
0.228716
0.325996
0.087898
0.048086
-0.082625
0.448724
0.497262
0.777501
0.978487
1.010936
0.591950
0.632998
0.400363
0.204639
-0.406329
-0.885519
-0.989410
-0.821496
-0.625077
-0.560627
-0.040193
-0.142102
-0.112104
0.089228
0.440457
0.483532
0.341956
0.125545
-0.152695
-0.541223
-0.356930
-0.208991
0.299937
0.752801
1.347597
1.154309
1.144180
0.774667
-0.125444
-0.691964
-0.683817
-0.943631
-1.022008
-0.583627
-0.078161
-0.081519
-0.135174
-0.169784
-0.503568
-0.437924
-0.423505
-0.017987
0.515960
1.015023
0.665359
0.293206
0.152573
-0.385258
-0.713368
-0.604549
-0.628214
-0.543848
-0.436164
-0.410513
-0.241404
0.035939
0.254633
0.314367
0.473980
0.384976
0.069815
-0.247153
-0.152783
-0.039133
-0.372371
-0.190411
-0.008963
0.017577
-0.162970
0.358909
0.758502
0.862550
0.534930
0.679854
0.633686
0.638651
0.295127
0.325398
0.020892
-0.629714
-1.309174
-1.310254
-1.108142
-0.842603
-0.212437
0.137246
0.315340
0.332465
0.108141
-0.161104
0.014038
-0.312228
-0.164398
0.110957
0.300921
0.197358
0.461104
0.244267
-0.243639
-0.676704
-0.836241
-1.062927
-1.048271
-0.660070
0.172951
0.241462
0.770334
1.087581
1.221319
0.954580
1.078733
0.558475
0.167202
-0.006928
-0.117732
-0.384735
-0.177517
-0.260859
-0.194436
-0.245991
0.125563
0.478789
0.862340
0.973296
0.957993
0.788736
0.489464
-0.038612
-0.738786
-0.800485
-0.821310
-0.934921
-1.040944
-0.693134
-0.901699
-0.797507
-0.676137
-0.175128
0.219488
0.191539
-0.190359
-0.000607
-0.062338
-0.388651
0.002022
0.533361
0.747512
1.058283
1.215888
1.055079
0.915213
0.369924
-0.243708
-0.626397
-1.009031
-1.602053
-1.645802
-1.414473
-1.103461
-0.582362
-0.123739
0.005532
0.089704
-0.242037
-0.253180
-0.174103
-0.089414
-0.093105
0.578206
0.435832
0.444906
0.208422
0.077697
-0.340536
-0.154146
-0.114120
0.225449
0.387017
0.815762
1.118490
1.139599
1.271988
1.457860
1.378066
1.125969
1.223955
1.018578
0.313544
-0.198100
-0.872230
-1.370842
-1.817220
-1.614202
-1.633584
-1.366914
-1.105778
-0.701845
-0.457204
-0.284948
-0.060581
0.012512
-0.012373
0.098235
0.319780
0.414271
0.546044
0.643742
0.777702
0.839279
0.882439
0.990044
0.926502
0.727931
0.626896
0.581243
0.394826
0.242259
-0.341607
-0.903605
-1.181739
-1.409984
-1.430593
-0.966374
-0.744672
-0.587234
-0.679859
-0.467779
-0.267239
0.161659
0.272865
0.641112
1.176085
1.326633
1.447469
1.636224
1.161587
0.416033
-0.443445
-0.907604
-1.352591
-1.031737
-1.051122
-0.414396
-0.154384
0.039299
0.059315
0.264012
0.034599
0.012705
-0.292364
-0.371056
-0.637410
-0.605203
-0.583579
-0.465190
-0.627346
-0.581570
-0.667896
-0.638546
-0.827228
-0.469630
-0.359687
0.126511
0.355436
0.838094
1.218391
1.246031
0.990522
0.607491
0.392880
-0.039588
0.486880
0.932578
0.889329
1.282110
1.466048
0.866272
0.546568
0.536484
0.361599
-0.020044
-0.123815
-0.218668
-0.370344
-0.632864
-0.727592
-0.670308
-0.866499
-0.632679
-0.370159
-0.294064
-0.118473
0.102733
0.182977
0.133146
0.043331
-0.118908
-0.311466
-0.261572
-0.189523
-0.132587
0.184877
0.484273
0.193748
-0.187940
-0.191678
-0.512049
-0.929092
-0.666079
-0.369488
0.174465
0.556513
0.823028
0.577217
0.461954
0.235422
0.040043
0.091487
0.524619
0.373858
0.124908
-0.170442
-0.241103
-0.472980
-0.506341
-0.661974
-0.708893
-0.684352
-0.799288
-0.572458
-0.429214
-0.212847
0.254344
0.678124
0.909128
1.276155
1.282923
0.637713
0.279751
0.172861
-0.109859
-0.256340
-0.034092
0.106163
0.106589
-0.137530
-0.031529
-0.016240
-0.093897
-0.113792
0.293459
0.642637
0.616756
0.521473
0.913724
0.990953
0.746392
0.387902
0.170392
-0.561607
-1.130896
-1.269950
-1.182478
-1.181058
-1.128402
-0.927541
-0.701891
-0.491083
0.038671
0.483202
0.503488
0.318058
0.222935
0.172713
-0.091846
0.028444
0.004528
-0.029226
-0.288764
-0.381730
-0.181052
-0.003770
0.375037
0.691912
1.054209
1.000075
0.738694
0.331018
-0.020546
-0.354883
-0.492699
-0.640513
-0.478605
-0.642742
-0.809709
-0.946662
-1.122168
-0.896245
-0.541879
-0.001188
0.396782
0.883953
0.693001
0.630504
0.587537
0.250426
0.256920
0.101509
-0.108493
-0.238603
-0.477005
-0.579439
-0.438156
-0.190784
-0.203704
0.049357
0.080228
-0.166180
0.108171
0.226465
0.331711
0.680802
0.750492
0.586663
0.542759
0.616694
0.107951
-0.165608
-0.726069
-0.940322
-0.948751
-0.743519
-0.294634
0.045287
0.156206
-0.065083
-0.127260
-0.272191
-0.229660
-0.283301
0.231477
0.463278
0.800942
1.023569
1.222791
1.047445
1.034363
0.834093
0.496441
0.140240
0.046765
0.012704
-0.021408
-0.050203
-0.108783
-0.427366
-0.678678
-0.884380
-0.890972
-0.896127
-0.918148
-0.958582
-0.896027
-0.928842
-0.834808
-0.556607
-0.160758
0.162312
0.405129
0.784891
0.881210
0.912051
1.011370
1.254931
1.099623
0.915916
0.583636
0.165840
-0.085938
-0.129194
-0.131909
0.172262
0.431069
0.332117
0.095744
-0.027475
-0.372820
-0.602682
-0.524554
-0.346039
-0.173186
-0.067926
-0.152152
-0.148606
-0.345158
-0.286782
-0.154999
0.046345
0.132459
0.515231
0.347742
0.145680
-0.178136
-0.515443
-1.005257
-0.931481
-0.822343
-0.291619
0.129177
0.600815
0.899846
1.039334
0.932437
0.822512
0.839269
0.826625
0.788505
0.639249
0.292531
-0.302285
-1.115438
-1.784501
-1.921382
-1.943598
-1.590335
-0.850114
-0.174246
-0.003496
0.209154
0.339525
0.067811
-0.045101
0.218272
0.497437
0.666042
0.854791
1.049124
0.855424
0.473978
0.092870
-0.092249
-0.366816
-0.565830
-0.497645
-0.174464
0.150136
0.324447
0.483961
0.639994
0.429910
0.613123
0.940820
0.852647
0.761189
0.492658
0.107431
-0.681134
-0.884574
-1.175082
-1.261691
-1.063678
-0.691212
-0.330939
0.065361
0.392275
0.350534
0.673519
0.536102
0.274822
0.166660
0.071225
-0.616638
-0.626387
-0.447011
-0.397328
-0.470751
-0.230703
-0.305747
-0.511307
-0.564687
-0.893083
-1.131757
-0.993605
-0.889933
-0.759597
-0.461378
-0.055259
0.114496
0.196361
0.363168
0.604850
0.929045
0.822328
0.883270
1.254676
1.208597
1.070909
1.109154
1.234548
0.894200
0.808293
0.574194
0.505614
0.012416
-0.640772
-1.187525
-1.490240
-1.805881
-1.708021
-1.372699
-0.916597
-0.700636
-0.556646
-0.165973
-0.204924
0.000114
0.431355
0.694646
0.782427
1.125407
1.008478
0.417822
0.405080
0.201348
-0.143706
-0.165134
0.014416
-0.132105
-0.312539
-0.249879
-0.397596
-0.374536
-0.110514
-0.121707
0.010697
0.170216
0.182328
0.165234
0.436118
0.481891
0.227860
0.021136
-0.286990
-0.448969
-0.303485
0.169615
0.600741
0.984914
1.266042
1.237153
0.999237
0.863944
0.393965
-0.065162
-0.299808
-0.569372
-0.722639
-0.664295
-0.594762
-0.695768
-0.639358
-0.674518
-0.696802
-0.620004
-0.609713
-0.516596
-0.139133
0.332075
0.596703
0.835637
0.955706
0.721679
0.330983
0.123953
-0.112667
-0.144206
-0.238613
-0.331819
-0.517163
-0.508433
-0.550177
-0.582746
-0.274167
0.006404
0.044592
-0.002723
-0.045903
-0.264559
-0.195275
0.099035
0.541652
1.073736
1.573874
1.575555
1.632174
1.504501
1.179449
0.537083
-0.005751
-0.671820
-1.389499
-1.900030
-1.651459
-1.152574
-0.725522
-0.395027
-0.250849
-0.587770
-1.035639
-1.000919
-0.788579
-0.245065
0.018225
0.404074
0.353318
0.120094
-0.073676
-0.136476
-0.139231
-0.110633
0.141357
0.246302
0.208365
0.328066
0.284307
0.032105
-0.227975
-0.245682
-0.926611
-1.321812
-1.148953
-0.972963
-0.499250
0.451509
0.934877
0.994173
0.713114
0.227802
-0.015470
-0.132855
0.100325
0.202182
0.348116
0.055423
0.245811
-0.035946
0.049796
-0.168798
-0.220881
-0.522997
-0.152042
-0.063325
0.329061
0.387279
0.722137
0.474851
0.576429
0.809422
1.026359
0.787863
0.602244
0.450834
-0.117025
-0.414285
-0.478936
-0.620147
-0.676923
-0.603165
-0.572804
-0.383436
-0.352880
-0.406867
-0.296287
-0.127311
-0.199255
0.044249
0.393032
0.821542
1.016587
1.220623
1.129010
1.112608
0.753450
0.816433
0.558995
0.483868
-0.113913
-0.611139
-1.213203
-1.367670
-1.496857
-1.348484
-1.131292
-0.911391
-0.821434
-0.631932
-0.350645
-0.086379
0.131114
0.391646
0.555941
0.625780
0.685742
0.678446
0.574487
0.459630
0.023605
-0.145520
-0.343252
-0.575424
-0.774296
-0.631157
-0.878772
-0.999687
-0.692568
-0.563986
-0.159143
0.350191
0.817079
1.097357
1.379147
1.469159
2.001077
1.965943
2.333920
2.209316
2.363789
1.904062
