8.790164
5.900160
4.838025
3.847136
3.288774
2.495705
4.539537
4.373650
3.434076
2.179073
1.160066
-0.552971
-1.043027
-1.386962
-1.885600
-2.324844
-2.480589
-2.262847
-1.925776
-1.718483
-1.470261
-1.346102
-1.242285
-1.223466
-1.096525
-0.774789
-0.492846
-0.177514
-0.250472
-0.237621
-0.137908
-0.059863
-0.171249
0.084303
0.170130
-0.085113
-0.126980
-0.067710
-0.244355
-0.101663
0.088919
0.129976
0.105277
0.135667
0.202774
0.132980
0.194914
0.397414
0.566342
0.620147
0.519690
0.272092
-0.209632
-0.544431
-0.449661
-0.366118
-0.340155
-0.161537
0.151988
-0.222166
-0.194088
0.245576
0.243682
0.367266
0.242900
-0.153330
-0.582339
-0.742857
-0.943140
-0.901631
-0.712786
-0.816857
-0.709341
-0.529653
-0.519351
-0.421261
-0.403597
-0.377524
-0.563889
1.403538
3.217772
3.362812
3.320649
3.218752
1.222945
-0.557141
-0.749915
-0.751331
-1.005856
-1.140064
-1.194794
-1.146878
-0.983272
-0.784727
-0.607827
-0.670704
-0.651467
-0.689103
-0.498982
-0.135366
-0.094914
-0.217807
-0.128575
-0.187167
-0.454575
-0.477840
-0.330095
-0.394550
-0.295594
0.101870
0.075597
0.352624
0.372749
0.332262
0.252972
0.391171
0.297021
0.082290
-0.023981
-0.292095
-0.568652
-0.610445
-0.465760
-0.016984
0.138247
0.541426
0.704023
0.783688
0.750487
0.855759
0.797303
0.610667
0.402854
-0.015124
-0.380538
-0.318040
-0.475351
-0.423520
-0.506702
-0.673423
-1.033028
-1.035223
-1.042622
-0.907053
-0.506431
-0.053926
0.169788
0.230094
0.267023
0.175411
-0.207485
-0.219762
0.022328
0.154872
0.259534
0.482653
0.500837
0.493909
0.530936
0.717250
0.644954
0.514682
0.173626
0.022551
0.005745
0.044794
0.095916
0.191308
0.059387
-0.289835
-0.597653
-0.670759
-0.712570
-0.699379
-0.528875
-0.145022
-0.248189
-0.148720
0.595276
1.087484
1.239034
1.369827
1.248224
0.851788
0.153093
-0.222634
-0.287751
-0.236417
-0.520929
-0.590501
-0.615771
-0.702311
-0.866628
-0.660875
-0.547548
-0.354744
-0.013454
0.431391
0.516178
0.492497
0.565609
0.321354
0.268697
0.105073
0.162764
-0.117826
0.033661
-0.019285
-0.073060
-0.065298
-0.131166
-0.611594
-0.631447
-0.813345
-0.944210
-0.872613
-0.666801
-0.052280
0.282273
0.411224
0.564991
0.669781
-0.062873
-0.415320
-0.129390
-0.268060
-0.105531
-0.011873
0.278345
0.224804
0.242179
0.182424
0.404425
0.424242
0.403806
0.548989
0.557158
0.529865
0.310529
0.090188
-0.181887
-0.039487
-0.046053
0.028720
-0.083486
-0.129882
-0.184175
-0.445342
-0.646574
-0.669781
-0.244132
-0.180705
-0.240740
0.001743
0.122591
-0.037318
-0.171032
-0.150056
0.208864
0.371217
0.851638
0.862838
0.743062
0.203991
-0.231381
-0.966066
-1.153513
-1.011235
-0.602231
-0.048880
0.542880
0.715218
0.793687
0.691518
0.560543
0.363392
0.394340
1.251517
1.246884
1.083769
0.819949
0.552443
-0.711682
-0.846468
-0.713551
-0.540966
-0.134736
0.369815
0.413153
0.162150
-0.065647
-0.679915
-0.778864
-1.037935
-1.208907
-1.450641
-0.758853
-0.770279
-0.419481
0.038403
0.363497
-0.084194
-0.003865
-0.093090
0.150847
0.607410
0.883028
0.816975
0.907876
0.703236
0.497818
0.489777
0.500956
0.338729
0.352173
0.362405
0.333138
0.337114
0.457966
0.237481
-0.111277
-0.402553
-0.894110
-1.443328
-1.205034
-0.760274
-0.418340
0.011492
0.603996
0.507138
0.033048
-0.414472
-0.396832
-0.806850
-0.989931
-0.831324
-0.462702
-0.466624
-0.035460
0.376830
0.580165
0.629531
0.913180
0.860417
0.646886
0.593470
0.316149
-0.140652
0.077441
0.042969
0.043823
0.505527
0.714558
0.483573
0.428123
0.198919
0.261709
0.087965
-0.221704
-0.400031
-0.553108
-1.203927
-1.370660
-1.422422
-1.381355
-1.162462
-0.866681
-0.479810
-0.198601
-0.176515
-0.159749
-0.199978
-0.088355
0.231288
0.420477
0.801088
0.966349
0.851141
0.578357
0.416546
0.433417
0.280080
0.272481
0.259098
0.504704
0.457517
0.529762
0.170988
0.086800
-0.075546
-0.173471
-0.391004
-0.288361
-0.421320
-0.465725
-0.648343
-0.642208
-0.394577
-0.056478
0.208541
0.414715
0.819077
1.038612
1.105808
1.054679
0.771557
0.452525
-0.008788
-0.317803
-0.491629
-0.574799
-0.593876
-0.491770
-0.563859
-0.514184
-0.492764
-0.479966
-0.516203
-0.325849
-0.334227
-0.075844
0.177484
0.082105
0.120643
0.079915
-0.021201
-0.198993
-0.145647
-0.537160
-0.724607
-0.618484
-0.382745
-0.626321
-0.316935
-0.030878
-0.014858
-0.217378
0.151480
0.262503
0.442666
0.712444
0.972212
1.485260
1.853661
1.830897
1.347200
1.138340
0.556064
0.062961
-0.142847
-0.175146
-0.640015
-0.576438
-0.514081
-0.483942
-0.337251
-0.012172
-0.171630
-0.048805
0.184683
0.026257
-0.010937
0.315252
0.251792
-0.254500
-0.441611
-0.434225
-0.699126
-1.315947
-0.999404
-0.763615
-0.402202
-0.125435
0.591950
0.400500
0.292783
0.168621
0.058751
-0.219927
-0.163508
-0.050238
-0.120589
-0.096880
-0.088206
-0.473307
-0.711393
-0.593168
-0.829525
-0.787012
-0.308164
0.204445
0.198212
0.724094
0.934327
1.057061
1.125489
1.081000
0.843766
0.707614
0.533329
0.081846
0.031250
-0.137264
-0.214688
-0.197466
0.219802
0.049272
-0.232431
-0.483312
-0.777367
-1.184106
-1.063212
-0.575419
-0.235067
0.206565
0.533227
0.655131
0.552177
0.486336
0.428371
0.134881
-0.218190
-0.369401
-0.423581
-0.294957
0.060430
0.277955
0.403735
0.230467
-0.046201
-0.440876
-0.580630
-0.584519
-0.556856
-0.667005
-0.585242
-0.458280
-0.210585
0.128257
0.368701
0.481240
0.744291
0.612003
0.688955
0.685596
0.747755
0.683785
0.649915
0.454560
0.283022
-0.001380
-0.346687
-0.526021
-0.647047
-0.914648
-0.524379
-0.447549
-0.338192
-0.457425
-0.367890
-0.570372
-0.533735
-0.278932
0.197124
0.614282
0.622932
0.489739
0.119016
0.175187
0.227524
0.406116
0.424583
0.617337
0.224682
-0.046615
-0.262271
-0.070689
0.171978
-0.062591
-0.357426
-0.454143
-0.680994
-0.979260
-0.647678
-0.681532
-0.503872
-0.273181
-0.358175
-0.467864
-0.042053
0.197231
0.577016
0.728388
0.746314
0.880715
0.059182
0.088108
0.024145
0.061890
-0.123281
0.475331
-0.034868
-0.013466
0.447629
0.529346
0.450729
0.714971
0.946703
0.333874
0.136377
0.047880
-0.307292
-0.562075
-0.336253
-0.261459
-0.389458
-0.709063
-0.994525
-1.052049
-1.129848
-0.655726
0.090598
0.621319
0.883475
1.232237
0.973769
0.697731
0.535614
0.207940
-0.110297
0.119133
-0.165126
-0.449973
-0.615872
-0.514621
-0.751654
-0.712831
-0.599336
-0.269468
-0.112110
0.048902
0.372968
0.241696
0.218185
0.292120
0.270790
0.425906
0.858060
0.800691
0.655243
0.453154
0.371531
0.066258
-0.012742
-0.521734
-0.746087
-0.747131
-0.810356
-0.882886
-0.655575
-0.322513
-0.188523
-0.255563
-0.203525
0.092931
0.239129
-0.207910
-0.157700
-0.022675
-0.065657
-0.241389
0.022797
0.271266
0.330536
0.379826
0.503597
0.627202
0.708829
0.834024
0.584559
0.640256
0.174119
0.056405
-0.100040
-0.069880
-0.084150
-0.146579
-0.277987
-0.464699
-0.450359
-0.459638
-0.552887
-0.377742
-0.525842
-0.453382
-0.506462
-0.012308
-0.302235
0.088428
0.329565
0.235212
0.195100
0.629911
0.909955
0.432605
0.555756
0.832709
0.890750
0.354154
0.509479
0.215872
-0.222140
-0.605812
-0.497319
-0.522629
-0.546733
-0.506597
-0.331618
-0.249537
-0.080570
0.096132
0.342738
0.136829
-0.111239
-0.325786
-0.414477
-0.777726
-0.891135
-0.810032
-0.909883
-0.832084
-0.730903
-0.561410
-0.444764
-0.235273
0.170960
0.540909
0.894373
0.743668
0.852986
0.617893
0.289981
0.095125
0.231506
0.264834
-0.108863
-0.097552
-0.096680
0.001298
-0.052556
0.346238
0.656258
0.796139
0.914486
0.910342
0.761433
0.364237
0.084204
-0.256956
-0.498583
-0.817190
-0.907342
-1.047778
-1.029199
-0.832053
-0.465418
-0.370873
-0.355539
-0.278704
0.042354
0.023809
0.239364
0.498098
0.584293
0.398261
0.552517
0.616052
0.489722
0.323565
-0.016226
-0.226105
-0.655877
-0.859540
-0.671659
-0.277193
-0.094851
0.089412
0.128470
0.214098
0.135804
0.074006
0.207298
0.527440
0.473336
0.541537
0.512123
0.397655
0.125813
-0.155376
-0.422035
-0.301785
-0.206058
0.019402
0.343757
0.393677
-0.016828
-0.036531
-0.189266
-0.545236
-0.685014
-0.691794
-0.910836
-1.090403
-0.698914
-0.503285
-0.317773
-0.087591
0.604326
0.379429
0.488588
0.656181
0.617984
0.441462
0.462043
0.551031
0.317611
0.254650
-0.153903
-0.328452
-0.627161
-0.521831
-0.164193
0.241584
0.743397
1.090843
1.065694
0.884718
0.429948
0.008806
-0.378767
-0.411853
-0.586732
-0.537738
-0.443089
-0.342907
-0.274347
-0.013730
0.166019
0.136104
-0.081543
-0.302404
-0.680680
-0.931357
-1.002379
-0.947334
-0.515589
-0.381227
-0.193065
0.045120
0.517992
0.598377
0.885560
1.134903
1.336652
1.071403
0.758531
0.427478
0.102432
-0.315736
-0.483733
-0.143867
0.079023
0.173409
0.442093
0.506757
0.184992
-0.153012
-0.195304
-0.430564
-0.209749
-0.503422
-0.504865
-0.377643
-0.198250
-0.271846
0.118233
0.428908
0.250573
-0.143159
-0.230111
-0.517931
-0.666893
-0.972594
-1.037939
-0.805804
-0.388906
-0.128117
0.469417
0.741101
0.451334
0.241742
0.193715
-0.061569
0.254511
0.511080
0.562704
0.371054
0.278606
0.060985
0.146907
0.166305
0.249920
0.259304
0.347882
-0.058024
0.117497
-0.018225
0.092881
0.289974
0.458904
0.094485
0.275153
-0.012927
-0.619970
-0.387655
-0.299127
-0.349485
0.152705
0.330831
-0.036885
0.074215
0.076019
-0.139992
-0.212920
0.062360
0.049926
-0.029854
-0.285969
0.326626
0.182559
0.289261
0.536648
0.900159
0.650081
0.604262
0.330185
-0.027134
-0.293462
-0.666435
-0.746614
-0.819865
-0.857661
-0.674010
-0.465641
-0.468209
-0.046310
0.320091
0.298435
0.366371
0.593187
0.608230
0.425175
0.474251
0.479110
0.332103
0.061916
0.305993
0.123502
-0.437999
-0.657465
-0.647419
-0.906623
-0.864651
-0.398866
-0.162262
0.018069
-0.230887
-0.375882
-0.636506
-0.825269
-1.127299
-0.700023
-0.377045
0.040212
0.546188
0.710445
0.535679
0.660554
0.682175
0.474829
0.429485
0.561832
0.362816
0.084872
-0.090761
-0.019949
-0.370374
-0.658797
-0.563676
-0.520362
-0.814275
-0.843176
-0.239484
-0.253303
0.086815
0.452761
0.977314
1.022379
1.443826
1.337802
1.170058
1.004469
0.613532
0.229087
0.163816
-0.073854
-0.373504
-0.485589
-0.557484
-0.751233
-0.680623
-0.573103
-0.522182
-0.373357
-0.339146
-0.105453
-0.031253
0.115449
0.029838
0.105696
0.285037
0.584826
0.753730
0.967621
1.036041
0.905079
0.743585
0.636032
0.453152
0.054718
-0.261972
-0.754857
-1.015557
-1.221126
-1.085430
-1.063615
-0.816875
-0.486207
-0.264502
-0.112752
0.194676
0.485339
0.410460
0.338823
0.297694
0.044479
-0.092910
0.099218
0.256245
0.141053
0.100828
-0.122817
-0.549482
-0.746400
-0.424280
-0.143396
0.045296
0.186356
0.329297
0.087918
-0.106802
-0.378167
-0.556380
-0.872646
-0.584401
-0.567654
-0.351547
-0.470170
0.275908
0.461185
0.572077
0.826323
1.123969
0.724857
0.208466
0.043655
-0.122570
0.085649
0.060524
0.191343
0.456824
0.565299
0.200512
-0.030744
-0.261791
-0.275825
-0.403138
-0.299872
0.058176
0.351935
0.444365
0.351496
0.514789
0.561982
0.409588
0.525854
0.486114
0.481700
0.401963
0.631617
0.363394
0.463508
0.238097
0.122947
-0.195220
-0.340816
-0.462613
-0.270489
-0.426354
-0.763149
-0.857486
-0.967687
-1.069221
-0.965501
-0.461348
-0.316263
-0.307857
-0.317281
-0.250775
-0.555768
-0.768480
-0.365960
-0.228998
-0.147406
0.052848
0.258238
0.098966
-0.256545
-0.196538
-0.013772
0.038519
-0.103084
0.186965
0.036507
0.116850
0.183395
0.419494
0.517232
0.515451
0.492803
0.639043
0.748047
0.601561
0.755847
0.479929
0.132910
-0.069048
-0.024366
-0.288069
-0.292361
-0.340402
-0.573368
-0.936510
-1.157942
-1.196660
-0.794135
-0.764464
-0.176383
0.242642
0.625114
0.357535
0.542994
0.482605
0.461884
0.468713
0.723951
0.635955
0.557525
0.572018
0.580317
0.295933
0.377143
0.182316
-0.070055
-0.446946
-0.315287
-0.443418
-0.467897
-0.353116
-0.058739
0.025787
0.287340
0.250235
0.157714
-0.039702
-0.189120
-0.127776
-0.133887
-0.075954
-0.128549
-0.444383
-0.960813
-1.206719
-1.109212
-1.173822
-0.960574
-0.512535
0.219356
0.209456
0.613249
0.797634
0.723426
0.291762
0.188056
0.083587
0.706523
0.598384
0.527441
0.760466
0.529656
-0.286018
-0.585941
-0.141940
-0.131146
-0.258589
0.169603
0.560102
0.308005
0.139828
0.380916
-0.095825
-0.162255
-0.030824
0.156509
0.390667
0.631836
0.599187
0.834881
0.854730
0.598520
0.056633
-0.287162
-0.993270
-1.597278
-1.252796
-0.820896
-0.438979
0.159266
0.551303
0.167181
0.123076
0.215370
-0.149491
-0.196329
-0.114310
-0.245754
-0.430040
-0.450745
-0.299036
-0.305173
-0.238062
-0.001135
0.122397
0.194746
0.504699
0.953522
0.851084
0.638067
0.145063
-0.422338
-0.954313
-1.085615
-1.033201
-0.749013
-0.454518
-0.283069
0.215417
0.681434
0.863042
1.024311
1.172685
1.080544
0.880436
0.800890
0.613058
0.417509
-0.019862
-0.051851
-0.214769
-0.330430
-0.361256
-0.288422
-0.325562
-0.391658
-0.418217
-0.416786
-0.601043
-0.469991
-0.239749
-0.245861
-0.408895
-0.362962
-0.349466
-0.146153
0.223272
0.553129
0.615381
0.310940
-0.072574
-0.232426
-0.027028
0.169461
0.087999
0.008039
-0.284511
-0.526390
-0.185098
0.090019
0.250427
0.420450
0.507983
0.037636
-0.357862
-0.348212
-0.031627
0.073991
0.604064
0.765378
0.728184
0.275311
0.496334
0.506740
0.397533
0.119186
0.349108
-0.148128
-0.538456
-0.330381
-0.074059
-0.279379
-0.149852
-0.175034
-0.370208
-0.811241
-0.841786
-1.173116
-1.264745
-0.680811
-0.146922
0.013934
0.696735
0.989891
0.772808
0.821528
0.856179
0.522534
0.340112
-0.044446
-0.523901
-0.482799
-0.473435
-0.439465
-0.223450
0.129405
0.194775
0.130643
-0.128750
-0.324390
-0.259219
-0.161904
-0.314928
-0.173933
0.011448
-0.081327
-0.175443
-0.256546
-0.274433
-0.421901
-0.245826
-0.464095
-0.029834
0.251308
0.569276
0.734405
0.648036
0.240514
-0.253913
-0.424922
-0.427162
-0.119942
0.293298
0.811909
0.999747
0.957521
0.863829
0.695208
0.518419
0.344798
-0.146525
-0.346011
-0.618069
-0.774935
-0.652259
-0.294880
-0.392379
-0.547567
-0.574139
-1.064192
-1.091255
-0.747723
-0.338435
-0.139528
0.621647
0.777714
1.008179
1.251240
1.456653
1.017111
0.755263
0.380315
0.072261
-0.233408
-0.120024
0.007244
0.260642
0.320655
0.404691
0.380101
0.265727
-0.194945
-0.616303
-0.901238
-0.912124
-0.831051
-0.594265
-0.197988
-0.089813
-0.516052
-0.921627
-1.241249
-1.340361
-0.914538
-0.201041
0.332786
0.805819
1.029190
1.113029
1.074911
1.056993
1.166781
1.105375
0.767353
0.421502
0.320316
-0.056187
-0.210812
-0.417418
-0.556875
-0.632374
-0.648322
-0.553675
-0.562969
-0.506872
-0.542109
-0.510228
-0.346801
-0.168227
-0.052914
-0.041063
-0.042216
-0.079530
-0.145256
-0.230278
-0.380788
-0.052800
0.070212
0.017144
0.237810
0.482948
0.290453
0.065082
0.189645
0.206051
0.154279
0.341632
0.163952
-0.143223
-0.485201
-0.748336
-0.814738
-0.625903
-0.231104
0.179552
0.639894
0.642576
0.725952
0.587080
0.484790
0.507950
0.602080
0.572541
0.590564
0.396530
0.105271
-0.195830
-0.450751
-0.657939
-0.485027
-0.485955
-0.579501
-0.691222
-0.739127
-0.984748
-0.833709
-0.409703
-0.151123
0.367494
0.758125
0.586891
0.478849
0.708567
0.443548
0.265945
0.515528
0.405819
0.120175
0.040696
0.094355
-0.137720
-0.304416
-0.203308
-0.077487
-0.353523
-0.524662
-0.659673
-0.844759
-0.766408
-0.716926
-0.180303
-0.065238
0.566620
0.928583
1.080989
0.686263
0.950777
0.810503
0.359356
0.481307
0.697350
0.632674
0.335829
0.313967
0.043867
-0.185848
-0.180378
-0.253401
-0.549551
-0.592188
-0.357765
-0.369122
-0.550707
-0.263551
-0.488266
-0.572988
-0.903774
-1.008775
-1.191915
-0.792399
-0.949845
-0.921982
-0.543060
-0.320506
-0.606189
-0.472641
-0.305211
0.060726
0.163128
0.625883
0.863206
0.923808
0.820218
0.933905
1.134846
1.165075
1.469830
1.441202
1.077583
0.884399
0.579047
0.210121
-0.005015
0.018116
-0.194856
-0.042989
0.040969
0.000647
0.124328
0.124658
-0.079607
-0.372327
-0.579113
-0.745450
-0.961515
-1.022720
-0.518665
-0.468972
-0.257912
0.184049
0.188479
-0.088560
-0.104326
-0.125808
-0.523353
-0.478220
-0.243865
-0.097652
-0.331635
-0.280148
-0.094386
-0.094219
-0.077821
0.312598
0.880295
1.014034
1.142315
1.330656
1.124247
0.791590
0.405061
-0.099184
-0.340519
-0.291522
-0.343295
-0.424288
-0.142626
-0.674897
-1.036479
-1.164571
-0.833613
-0.871418
-0.147715
0.353530
0.525051
0.400663
0.457329
0.410129
0.236924
0.475339
0.259802
0.070895
-0.384127
-0.312061
-0.955442
-0.584781
-0.552708
-0.247408
-0.368851
-0.143706
-0.206278
-0.500002
-0.620104
-0.694325
-0.075762
-0.079413
0.520482
0.656426
0.587102
-0.040982
-0.226320
-0.253303
-0.182940
-0.032894
-0.126013
-0.266975
-0.345835
-0.582192
-0.461158
-0.393971
0.245784
0.848988
1.382713
1.375316
1.001991
0.548753
-0.156070
-0.487843
-0.457024
-0.406564
-0.527181
-0.531158
-0.507678
-0.638768
-0.271413
-0.060325
-0.143461
-0.158948
-0.149495
-0.036082
0.222176
-0.006387
-0.127667
-0.202331
0.261982
0.404449
1.145016
1.713125
1.948459
1.443562
1.094465
0.771372
0.570771
0.286147
0.054434
-0.234644
-0.081230
-0.246434
-0.534324
-0.628269
-0.638322
-0.961756
-1.127905
-0.752406
-0.479016
-0.318680
-0.067274
0.062633
0.193337
0.375111
0.501928
0.263713
0.296409
0.357295
0.016358
-0.191776
0.094320
-0.318718
-0.357232
-0.072601
-0.121745
-0.700864
-0.225530
0.033782
0.045348
0.135053
0.448103
0.322508
-0.339670
-0.321582
-0.585168
-0.658826
-0.613683
-0.222798
-0.230407
0.064932
0.308424
0.377525
0.326068
0.281708
0.636918
0.487656
0.100449
-0.168035
0.120378
0.094331
0.071498
0.418179
0.553296
0.385944
0.254269
0.418599
0.420518
0.323213
0.195480
0.097675
-0.251221
-0.587887
-0.297141
-0.130826
0.130359
0.304912
0.572975
0.505490
0.091631
-0.294900
-0.335591
-0.587482
-0.537434
-0.253040
-0.353785
-0.263649
-0.229759
-0.775871
-0.955442
-0.776082
-0.807735
-0.558539
-0.045267
0.078347
-0.027125
-0.232237
-0.301070
-0.235321
-0.142973
0.184510
0.550599
0.545499
0.479605
0.639159
0.705722
0.838217
1.011249
1.143335
0.943330
0.725398
0.411842
0.227751
-0.156304
-0.367186
-0.534049
-0.737505
-0.916782
-0.846331
-0.811229
-0.787367
-0.576413
-0.383906
-0.069657
0.179110
0.313300
0.277889
0.414696
0.288563
0.266977
0.554609
0.744876
0.673380
0.671820
0.614371
0.296804
-0.132744
-0.594463
-1.044011
-1.116038
-1.282377
-1.047085
-0.832911
-0.631628
-0.712423
-0.390736
-0.232325
0.177860
0.487640
0.767735
0.839012
1.097986
1.107350
1.075318
0.927557
0.712649
0.345959
0.035501
-0.249101
-0.324010
-0.296861
-0.374112
-0.409793
-0.391100
-0.517585
-0.518033
-0.592405
-0.793975
-0.887942
-0.848956
-0.885665
-0.457639
-0.177132
0.104986
0.232054
0.582501
0.391506
0.685326
0.424686
0.423364
0.033132
0.033339
-0.144578
-0.046253
-0.194453
0.067855
0.262683
0.094350
0.392671
0.713934
0.579802
0.166432
0.080529
-0.011610
-0.041586
0.050972
0.631244
0.841613
0.784494
0.822446
0.587601
0.142715
0.021903
-0.174137
-0.518100
-0.623670
-0.769787
-0.637423
-0.476661
-0.286556
-0.141345
0.092550
0.170959
0.255986
0.116715
0.501044
0.725304
0.682968
0.644571
0.688173
0.166924
-0.307520
-0.545842
-0.934823
-1.321934
-1.387141
-1.739912
-1.568449
-1.100604
0.118800
0.589201
1.229726
1.314978
1.380248
0.884541
0.681210
0.459593
0.271733
0.024505
-0.161065
-0.101438
-0.416250
-0.167591
0.091562
0.082415
-0.102636
0.256215
0.091296
-0.190138
-0.255736
-0.083729
0.242614
0.435652
0.397565
0.561227
0.300365
0.109488
-0.094104
-0.052476
-0.650917
-0.459650
-0.598857
-0.690910
-0.486331
0.095855
0.091007
0.270444
0.512473
0.459205
0.072974
-0.155775
-0.141477
0.003448
0.166444
0.419291
0.717071
0.724099
0.611737
0.784395
0.970657
0.967583
0.428474
-0.184091
-0.875411
-1.271413
-1.504384
-1.153410
-0.944537
-0.863146
-0.702035
-0.663808
-0.672144
-0.453855
-0.214144
-0.156392
0.030865
0.173070
0.536879
0.698591
0.786237
0.813524
0.892899
0.566844
0.113543
0.121279
-0.187393
-0.622562
-0.601176
-0.388834
-0.512547
-0.835200
-0.558056
-0.493945
-0.666964
-0.506878
0.199133
0.412846
0.142076
0.422968
0.299798
0.016892
-0.049666
-0.018641
-0.108158
-0.089640
0.196093
0.215086
0.489315
0.395402
0.454486
0.482225
0.118476
0.053710
0.215784
0.135428
-0.011079
0.154387
0.227110
0.049276
0.152257
-0.083702
0.148618
0.287963
0.337473
0.238898
-0.040700
-0.214224
-0.556090
-0.457416
-0.273077
0.349849
0.650538
0.824598
0.887832
0.798417
0.864837
0.842112
0.667311
0.635742
0.048951
-0.729018
-1.395429
-1.246681
-1.208654
-0.895569
-0.592344
-0.252337
-0.389816
-0.400632
-0.233976
0.272993
0.422532
0.481939
0.448223
0.459686
0.245406
0.084857
-0.257853
-0.579463
-0.238083
-0.223389
0.044565
0.339735
0.562301
0.104733
0.296860
-0.054066
-0.157547
-0.121766
0.271175
0.291457
0.653197
0.547913
0.675528
0.221485
-0.210566
-0.696616
-0.509776
-0.757753
-0.685858
-0.786372
-0.494073
-0.564161
-0.600672
-0.310984
0.237447
0.214420
0.709101
1.233799
1.405454
0.901818
0.900815
0.567173
0.337445
0.146632
0.435091
0.370522
0.187567
0.036753
-0.418000
-0.793310
-0.774171
-0.536053
-0.510625
-0.175895
-0.008939
-0.017474
-0.327371
-0.180337
-0.647580
-0.575475
-0.491037
-0.199078
-0.010946
0.577546
0.778795
0.765891
0.488327
-0.018101
0.139951
0.279015
0.014791
0.267505
0.453515
0.054821
-0.285153
0.250900
0.027747
-0.058663
-0.157675
-0.204332
-0.519429
-0.162460
0.012182
0.255869
0.223555
0.117279
-0.070174
-0.421948
-0.553798
-0.645902
-0.637127
-0.785647
-0.596430
-0.715061
-0.391106
-0.012085
0.034062
0.291126
0.417437
0.403075
-0.130398
-0.214427
-0.012115
0.320065
0.437881
0.795606
1.133815
0.588732
0.266189
0.076463
-0.153509
-0.376838
-0.242695
0.055131
0.063483
0.255359
0.470672
0.628399
0.177599
-0.061936
-0.217774
-0.510085
-0.824341
-0.728288
-0.667060
-0.349050
-0.224686
-0.035905
-0.207001
-0.008859
-0.133033
0.038288
0.280932
0.829410
0.770257
0.900041
0.468934
0.337887
-0.149239
-0.144969
-0.295429
0.101259
-0.118361
0.325386
0.465561
0.505345
0.346523
0.048029
-0.261349
-0.521946
-0.795075
-1.039190
-0.902432
-0.961694
-1.043742
-0.873956
-0.652505
-0.472600
-0.349116
0.115032
0.467876
0.672438
0.733553
0.659789
0.315315
-0.157231
-0.434503
-0.183660
0.029741
0.304340
0.345585
0.322681
-0.020351
-0.235154
-0.398670
-0.363114
-0.414727
-0.181717
-0.094867
-0.085983
0.439232
1.116750
1.250129
1.925414
1.958590
1.428101
0.936476
0.694812
0.036160
0.020981
-0.141402
-0.479716
-0.435991
-0.464195
-0.555188
-0.481085
0.001004
-0.240426
-0.529108
-0.639757
-0.538081
-0.799162
-0.596202
-0.644189
-0.288725
-0.232830
-0.396794
-0.226309
0.478252
0.497549
0.197170
0.302226
0.406949
0.482816
0.357910
0.491002
0.785400
0.549683
0.069981
0.032966
0.150958
-0.172264
-0.165779
-0.239894
-0.324440
-0.358289
-0.522195
-0.686598
-0.743943
-0.920062
-0.994997
-0.669250
-0.620948
-0.385333
-0.228108
-0.132014
0.222190
0.754575
1.219681
1.309911
1.692731
1.743000
1.432483
1.201954
1.128447
0.672785
0.314811
-0.039301
-0.828623
-1.175882
-1.198131
-1.344364
-0.869573
-0.125055
0.378803
0.292850
0.140715
-0.060579
-0.453144
-0.493487
-0.705447
-0.490341
-0.364562
-0.310384
-0.175302
0.342866
0.429543
0.358245
0.530899
0.203091
0.251480
0.324976
0.311993
0.046095
0.266079
0.118855
-0.080720
-0.276931
-0.143715
-0.049121
-0.078279
-0.005122
0.044438
-0.039203
-0.502607
-0.557030
-0.601348
-1.097868
-0.778879
-0.407540
-0.591690
-0.735913
-0.413793
-0.827769
-0.782934
-0.598791
-0.428788
-0.062476
0.512168
0.546439
0.802862
1.046842
1.260069
0.742643
0.246580
-0.294229
-0.504167
-0.877147
-0.675686
-0.356669
0.239510
0.306068
0.465370
0.556925
0.436830
0.224953
0.280031
0.262872
0.183956
0.383535
0.329354
0.198449
0.078095
-0.176601
-0.604420
-1.043206
-1.088122
-0.750033
-0.591319
-0.293876
-0.077919
-0.178789
-0.410281
-0.116302
0.169866
0.855046
1.000417
0.866287
0.845086
0.606975
0.257561
0.250791
0.191844
-0.092955
-0.076210
-0.189366
-0.263816
0.095822
0.398504
0.602481
1.010293
1.121596
0.692345
0.385048
-0.383073
-1.293681
-1.330178
-1.316916
-1.269540
-0.812555
-0.603575
-0.925939
-0.565753
-0.421590
-0.177703
0.135537
0.666228
0.548857
0.512139
0.298741
0.682555
0.742864
0.606524
0.632937
0.861428
0.272270
0.109007
-0.047015
-0.153634
0.030745
0.194820
0.144703
0.421854
0.358443
-0.049196
-0.083762
-0.189458
-0.538356
-0.955463
-1.271951
-1.094037
-0.870297
-0.829342
-0.562817
-0.316732
-0.499870
-0.463138
-0.101830
0.173710
0.355965
0.550646
0.480948
0.204465
-0.025336
0.124349
-0.086640
-0.074246
0.270726
0.595506
0.580014
0.795582
0.931659
0.931812
0.675247
0.321605
-0.033181
-0.220944
-0.566481
-0.777158
-0.598207
-0.396390
-0.492391
-0.362193
0.179453
0.389722
0.441174
0.401233
0.066068
-0.231318
-0.296368
-0.425688
-0.318350
0.135863
0.404523
0.354467
0.224241
0.121519
-0.139406
-0.279932
-0.369241
0.001284
-0.164112
0.382414
0.303274
-0.019571
-0.442232
-0.414550
-0.998736
-1.184541
-0.901039
-0.511602
-0.148722
0.389459
0.602101
0.660388
0.899071
0.820900
0.411827
0.578034
0.659778
0.046068
-0.051054
-0.128907
-0.550791
-0.706154
-0.401415
-0.215848
0.217581
0.421125
0.454443
0.367444
0.165249
0.168355
0.175996
-0.061776
-0.056007
-0.277102
-0.647837
-0.605819
-0.187930
0.103413
0.381623
0.671542
0.668198
0.462471
0.177143
-0.023442
-0.416419
-0.787047
-0.705838
-1.081026
-1.141679
-0.872931
-0.613618
-0.665529
-0.351726
-0.011587
-0.079836
0.282000
0.490054
0.758288
0.854240
0.576990
0.247907
0.049638
0.033637
-0.221929
0.015470
0.179093
0.477962
0.517668
0.674368
0.445917
0.322667
-0.364299
-0.723524
-0.799349
-0.534755
-0.312836
-0.127706
-0.117498
-0.110870
0.200053
0.459654
0.574976
0.480412
0.473646
0.246786
-0.057640
0.183864
0.458429
0.360251
0.275186
-0.098433
-0.290971
-0.332507
-0.275832
-0.435865
-0.577545
-0.624970
-0.883886
-1.153107
-1.269320
-0.844004
-0.580081
-0.232436
0.011530
0.252268
0.065867
0.083946
0.226813
0.276340
0.697994
1.170417
1.104034
0.866535
1.023083
0.897505
0.603059
0.571258
0.531724
0.249934
-0.038893
-0.031758
-0.449222
-0.685866
-0.756587
-0.860633
-1.107598
-1.166589
-1.158312
-1.179824
-1.165371
-1.005343
-0.716033
-0.164347
0.164130
0.347525
0.438166
0.603802
0.641827
0.661252
0.776925
0.876476
0.789608
0.451939
0.574303
0.289951
0.282520
0.415477
0.431464
0.214407
0.001860
-0.166563
-0.257938
-0.196162
-0.366870
-0.278119
-0.621982
-0.714539
-0.562719
-0.290178
-0.385621
-0.022688
0.089085
0.156127
-0.089758
0.060487
-0.119775
-0.254599
-0.483900
-0.302207
0.072304
0.467801
0.523416
0.493061
0.499522
0.255640
0.333055
0.729985
1.080142
1.051352
0.813024
0.411479
-0.310117
-0.988288
-1.153853
-1.034059
-0.736068
-0.013716
0.599570
0.921880
0.961894
0.765627
0.194475
-0.029211
-0.100579
0.137390
0.107965
0.202443
0.023880
-0.195373
-0.343662
-0.363488
-0.273329
-0.210583
-0.450365
-0.424115
-0.735789
-1.030567
-1.119918
-0.891655
-0.937349
-0.434776
-0.233654
-0.235844
0.134169
0.332055
0.006163
0.070286
0.371563
0.187116
0.082243
0.532627
0.688634
0.471445
0.304292
0.195221
0.078734
0.342250
0.584049
0.797457
0.610150
0.372016
0.148947
0.067914
-0.005894
0.210366
0.414976
0.362637
0.019811
-0.128830
-0.189771
-0.406001
-0.270614
0.235606
0.451507
0.397286
0.206417
-0.301844
-0.732557
-1.073992
-1.084101
-0.734509
-0.363020
-0.069944
-0.001435
-0.026987
-0.233350
-0.531099
-0.720530
-0.552833
-0.422436
-0.316127
-0.162914
0.023596
-0.037509
-0.071640
0.257622
0.504998
0.638928
0.890634
1.132044
0.826501
0.876551
0.849552
0.761672
0.432617
0.536802
0.131379
-0.190164
-0.555992
-0.828030
-1.378079
-1.712723
-1.615664
-1.528481
-1.259116
-0.881473
-0.446611
-0.208850
-0.019238
0.420475
0.871979
1.181949
0.962650
0.949690
0.557941
0.097564
-0.094806
0.013681
0.209879
0.612695
1.133528
1.116172
1.042497
0.985345
0.348496
-0.186434
-0.146362
-0.168811
-0.233799
0.687930
0.830130
0.336600
0.206595
0.053289
-0.532115
-0.546621
-0.323611
-0.044065
-0.232931
-0.295999
-0.371583
-0.204240
-0.819253
-1.033273
-0.906737
-0.830866
-0.971137
-0.686169
-0.706070
-1.064486
-1.137103
-1.014267
-0.845192
-0.316653
-0.079546
0.181978
0.501400
0.756546
0.950227
1.506013
1.571344
1.444102
1.212821
1.013277
0.433201
-0.250395
-0.695297
-0.773550
-0.905460
-0.975516
-0.686458
-0.267580
-0.086800
-0.028698
-0.127415
0.109938
0.065227
-0.181519
-0.017683
0.419996
0.437691
0.380512
0.505722
0.254115
0.085678
-0.072752
-0.310481
-0.213510
-0.037019
-0.249033
-0.690375
-0.600797
-0.654969
-0.882872
-0.919379
-0.453940
-0.256113
-0.422391
-0.488985
0.093656
0.236522
0.149983
0.295266
0.645321
0.487298
0.543381
0.778932
1.212514
1.180935
0.970807
0.679798
0.505249
-0.072192
0.236731
0.110984
0.297012
0.019884
0.285513
0.017021
0.120966
-0.183139
-0.338392
-0.700154
-0.923832
-1.005329
-0.892515
-0.464743
0.012318
0.452752
0.433880
0.470412
0.303125
-0.278279
-0.645952
-0.687899
-0.793952
-0.770406
-0.377579
-0.480528
-0.429248
-0.302630
0.066612
0.269087
0.982319
1.403621
1.460171
1.296764
0.919908
0.225686
-0.143862
-0.144448
-0.618057
-0.491922
-0.269733
-0.118921
0.365436
1.242320
1.402637
1.070843
1.109511
0.721499
0.315434
-0.209887
-0.390420
-0.656725
-1.080193
-1.573614
-1.595673
-1.305686
-1.020418
-0.675630
-0.304935
0.042610
0.169195
0.085520
0.112350
0.146895
0.039750
-0.052422
-0.183484
-0.300394
-0.102090
0.471436
0.705896
0.955782
0.518090
0.165772
-0.527267
-0.737097
-0.502960
0.393200
0.511993
0.476317
0.664248
0.456393
0.000564
0.040161
-0.006013
-0.106755
0.003693
0.116768
0.127747
0.480805
0.364416
0.132096
0.287249
0.036855
-0.115368
-0.042113
-0.204584
-0.630648
-0.602598
-0.642275
-0.797715
-0.732753
-0.496069
-0.429507
-0.573617
-0.484504
-0.512033
-0.650297
-0.566712
-0.019048
0.462246
0.848954
1.096071
1.173486
0.994777
0.804088
0.600485
0.338283
0.481893
0.517701
0.502949
0.180597
0.083803
-0.317318
-0.640655
-1.070618
-0.993558
-0.771781
-0.716948
-0.508153
-0.256634
-0.087179
-0.027412
0.331731
0.507837
0.612482
0.471760
0.341812
0.127812
-0.052705
-0.081150
0.224738
0.472658
0.528673
0.573410
0.815245
0.512619
0.179188
-0.201295
-0.491366
-0.747386
-0.676091
-0.370163
0.217470
0.591459
0.607554
0.861936
0.884581
0.554524
0.274836
0.107691
-0.203816
-0.643424
-0.916576
-1.048049
-1.414265
-1.603269
-1.522424
-1.191579
-1.053781
-0.443039
0.028357
0.297425
0.379226
0.638226
0.490287
0.377808
0.493754
0.549086
0.577646
0.506322
0.191653
0.102666
-0.097167
-0.121929
0.020170
0.324364
0.334411
0.109817
-0.135615
-0.239724
-0.334912
-0.293171
-0.139577
0.001912
-0.160334
-0.422993
-0.811007
-0.863368
-0.874816
-0.758575
-0.572239
-0.121280
0.335077
0.329148
0.419179
0.773629
0.547073
0.206195
0.152066
-0.011913
-0.113212
0.067300
0.343505
0.543716
0.812507
0.523191
0.399383
0.509420
0.358873
-0.126969
-0.427303
-1.038582
-1.314540
-1.227081
-0.854888
-0.399608
0.064998
0.319307
0.356091
0.764079
0.786071
0.931109
0.841496
0.705859
0.663946
0.494315
0.079633
0.060390
0.319801
0.209658
0.216079
0.343860
-0.291030
-0.522002
-1.101986
-1.433268
-1.274135
-0.818021
-0.741558
-0.484245
-0.143752
-0.164968
-0.100437
-0.106477
0.317096
0.310002
0.382461
-0.057678
0.134752
0.237768
0.170861
0.071420
0.471836
-0.020387
-0.435644
0.103598
0.175460
0.527838
0.988406
1.338529
0.834830
1.342977
0.949102
0.715709
0.366997
0.292351
-0.164548
-0.138041
-0.273883
-0.466534
-0.469809
-0.457699
-0.568162
-0.474383
-0.234216
0.007759
0.149004
0.183073
0.039067
-0.108465
-0.159811
-0.439023
-0.486635
-0.362325
-0.493053
-0.506161
-0.487314
-0.588076
-0.725393
-0.991004
-1.164113
-0.858442
-0.369761
-0.037413
0.524938
0.668110
0.633262
0.490667
0.483563
0.315901
0.333594
0.306368
0.538208
0.671278
0.791602
0.708474
0.461471
0.065747
-0.303513
-0.466968
-0.229448
0.023985
0.085270
0.389495
0.724874
0.805011
0.601063
0.684125
0.653870
0.301663
0.178641
0.267158
0.098534
-0.383402
-0.577381
-0.840360
-0.929425
-1.369047
-1.195687
-1.099379
-1.034354
-0.978120
-0.562694
-0.412958
-0.130058
0.144841
0.349391
0.670150
0.885319
0.891833
0.791637
0.700984
0.603580
0.333254
0.176517
0.129809
0.016005
0.017943
0.082039
-0.019400
-0.157277
-0.351084
-0.486871
-0.744786
-0.753116
-0.454164
-0.281860
-0.150134
-0.015516
-0.070077
-0.432094
-0.222412
-0.109219
0.041853
0.357881
0.488183
0.255649
-0.125150
-0.084108
-0.027362
0.071103
0.185917
0.389168
0.597447
0.672055
0.590977
0.579004
0.558526
0.358798
0.196384
0.401188
0.640404
0.247138
-0.193405
-0.541597
-0.816995
-1.315175
-1.377546
-1.006810
-0.725364
-0.599728
-0.738704
-0.594743
-0.615959
-0.392944
-0.487214
-0.228043
0.185470
0.320774
0.524824
0.766592
1.073077
1.228517
1.138064
0.781068
0.899670
0.402019
0.217860
0.195908
-0.131424
-0.442276
-0.414623
-0.450700
-0.384406
0.037117
0.155146
0.338206
0.376746
0.476360
0.344134
0.273932
0.397403
0.274384
0.157219
0.078235
-0.468150
-0.726318
-0.880940
-1.394722
-1.530431
-0.789204
-0.518392
-0.338068
0.054132
-0.041409
-0.036329
-0.178194
-0.156539
0.203737
0.472723
0.144090
-0.180633
-0.229487
-0.235594
0.197381
0.333431
0.776406
1.237149
1.087172
0.704303
0.674906
0.446611
0.008146
-0.077958
0.086547
0.048691
0.105079
-0.120565
-0.519105
-1.003046
-1.156462
-1.386331
-1.562006
-1.225191
-0.812228
-0.672981
-0.219256
0.335337
0.451511
0.332844
0.272170
0.095643
-0.208056
-0.260552
-0.207275
-0.193855
-0.099495
0.318060
0.300751
0.313315
0.634810
0.724945
0.744536
1.043657
1.151892
0.715442
0.332279
-0.083466
-0.301266
-0.724296
-0.677593
-0.493582
-0.520620
-0.452304
-0.124780
0.003998
0.216271
0.462611
0.296151
0.272616
0.206765
-0.011216
-0.160831
-0.419798
-0.755236
-0.663011
-0.541521
-0.356149
0.257486
0.631639
0.875832
1.072862
1.234288
1.019342
0.912302
0.578555
0.204842
-0.164133
-0.337677
-0.432514
-0.548249
-0.635405
-0.835456
-1.004098
-0.917704
-0.863687
-0.733821
-0.490303
-0.234783
0.013660
0.418050
0.966114
1.181690
1.416667
1.440869
1.338424
0.870950
0.434064
0.092396
-0.480693
-0.975428
-1.064405
-0.881559
-0.833519
-0.466632
-0.217775
-0.238983
-0.229032
-0.527441
-0.690580
-0.445627
-0.407753
-0.371793
0.012646
0.460560
0.347512
0.734852
0.726111
0.677657
0.396169
0.373841
-0.137997
0.169546
-0.015612
-0.208061
-0.316707
0.051059
-0.289209
-0.140793
0.196830
0.481768
0.428722
0.642008
0.876590
0.523432
0.203266
-0.085346
-0.420015
-0.827433
-0.799142
-0.784906
-0.576165
-0.438962
-0.386924
-0.324863
-0.329676
-0.149640
0.210861
0.647860
0.762229
0.948246
0.918862
0.581588
0.081978
-0.124234
-0.068526
-0.283329
-0.299154
-0.197081
0.021938
-0.006740
0.100581
-0.054386
-0.067183
-0.417304
-0.630069
-0.825999
-0.741683
-0.677671
-0.594201
-0.698875
-0.610790
-0.543818
-0.672193
-0.384714
0.093902
0.427068
0.553967
0.753371
0.856752
0.853507
0.600666
0.775241
0.927151
0.890006
0.721505
0.587352
0.097196
-0.290939
-0.599433
-0.881366
-0.950679
-0.888268
-0.764682
-0.500597
-0.191116
0.069526
0.145696
0.282153
0.186799
0.256174
0.554728
0.971175
0.991623
1.079868
0.947521
0.687977
0.138240
-0.104229
-0.218406
-0.490550
-0.661955
-0.449869
-0.188479
-0.084513
0.208136
0.271050
0.195954
0.121403
0.183994
0.266222
-0.104251
-0.109605
-0.378232
-0.863430
-1.264181
-1.132089
-1.222244
-1.078042
-0.844228
-0.927842
-0.479240
-0.028371
0.263746
0.575254
0.870000
0.976404
0.726917
0.462135
0.548127
0.835596
0.725443
0.852678
0.912445
0.616091
0.388932
0.160351
-0.071203
0.074346
0.061083
-0.004286
-0.110782
-0.083625
-0.208664
-0.297593
-0.640862
-0.835194
-1.007352
-1.223843
-0.990078
-0.623517
-0.199582
-0.024169
0.516915
0.897409
1.015702
0.931591
1.113215
0.942673
0.515690
0.508114
0.453626
0.191347
-0.102908
-0.419531
-0.574167
-0.511408
-0.545763
-0.574165
-0.489379
-0.507675
-0.414973
-0.075719
0.011884
0.008237
0.015432
-0.255591
-0.331553
-0.152817
0.120092
0.255681
0.573322
0.624552
0.142445
0.096472
0.283794
0.277731
-0.035099
0.200668
0.139201
0.074137
-0.096773
-0.182002
-0.113171
-0.134971
-0.404339
-0.362498
-0.182301
-0.110044
-0.299178
-0.341919
-0.506692
-0.450743
-0.404104
-0.348072
-0.120731
0.096091
0.428175
0.627946
0.986653
1.190679
1.217772
1.084867
0.937338
0.603594
0.108273
0.129911
-0.150645
-0.311618
-0.276179
-0.344171
-0.594317
-0.604635
-0.716007
-0.770307
-0.615944
-0.482319
-0.572942
-0.250742
-0.172380
-0.157926
-0.049316
0.379502
0.297809
0.531276
0.886567
0.813225
0.393701
0.396861
0.236824
-0.164155
-0.205330
0.055060
0.155657
0.180507
0.172265
0.064360
-0.227297
-0.632485
-0.713018
-0.674518
-0.685128
-0.631757
-0.491539
-0.478753
-0.302559
-0.327913
-0.327991
-0.339504
-0.203451
-0.098575
0.312007
0.729391
1.296188
1.152690
1.239091
1.241466
1.039403
0.553160
0.355278
-0.080863
-0.406291
-0.693083
-0.681464
-0.394575
-0.302755
-0.511114
-0.324358
-0.402697
-0.242792
0.090040
-0.194756
-0.515603
-0.433394
-0.538807
-0.615813
0.157670
0.488407
0.357983
0.270557
0.244828
0.234187
0.396937
0.253477
0.347143
0.401016
0.182005
0.017722
0.198413
0.259916
-0.002987
-0.161093
-0.234918
-0.042843
-0.395981
-0.408638
-0.390698
-0.260296
-0.357276
-0.398503
-0.235719
-0.384380
-0.190451
0.030899
0.486869
0.033177
0.322854
0.163431
-0.028651
-0.427597
-0.175717
-0.005902
-0.094186
-0.137709
-0.043392
0.055654
-0.251850
-0.054698
-0.105210
0.143739
0.393431
0.554815
0.483386
0.730514
0.560363
0.270995
0.128479
-0.128097
-0.493440
-0.681791
-0.621586
-0.407157
-0.121546
0.173837
0.490317
0.706848
0.518529
0.399509
0.336159
-0.036017
-0.558559
-0.589520
-0.435774
-0.431681
-0.014379
0.469858
0.736678
0.481646
0.536070
0.198856
-0.097299
-0.233314
-0.118470
-0.659796
-0.878267
-0.790799
-0.968930
-0.984494
-0.562333
-0.305805
-0.378504
-0.378840
-0.292420
-0.174206
0.058657
0.097411
0.213527
0.309518
0.291403
0.401622
0.683965
1.119303
0.963999
0.954927
0.780397
0.481353
-0.072022
-0.015392
-0.274849
-0.354403
-0.265448
-0.236890
-0.611731
-0.554588
-0.712197
-0.987679
-1.038528
-0.464430
0.016613
0.255800
0.597522
0.898672
0.916693
0.131501
-0.328074
-0.465374
-0.536518
-0.870577
-0.597112
-0.286281
-0.267556
-0.325932
0.016209
0.259264
0.470190
0.561243
0.526071
0.202758
0.210629
0.281285
0.659587
1.163762
1.732184
1.679141
1.333707
0.540893
-0.162580
-0.851376
-1.010443
-0.950443
-0.434414
-0.303472
-0.286207
-0.338971
-0.368527
-0.568965
-0.611012
-0.616208
-0.501694
-0.306203
-0.203035
0.022613
0.189722
0.052715
0.203466
0.405884
0.469066
0.366602
0.744015
0.738562
0.757689
0.468494
0.405256
0.291352
-0.169902
-0.461365
-0.024142
0.236947
0.302397
0.793980
0.713570
0.209578
-0.013138
-0.193464
-0.476786
-0.303301
-0.098980
0.001322
-0.138882
0.020120
-0.000201
-0.107237
-0.315075
-0.381492
-0.940061
-0.921784
-0.781447
-0.439069
-0.270414
0.218603
0.059131
-0.054488
-0.319136
-0.553459
-0.816117
-0.782968
-0.645513
-0.642463
-0.443659
-0.136294
0.007006
0.166113
0.407414
0.489611
0.400719
0.346918
0.217035
0.242894
0.572071
0.795053
1.104853
1.392911
1.641172
1.582062
1.246348
0.798781
0.354019
-0.417816
-0.784839
-0.951003
-0.992850
-1.012798
-0.754093
-0.783110
-0.731705
-0.701217
-0.720078
-0.523601
-0.293160
-0.132329
0.125786
0.258754
0.291912
0.421976
0.602912
0.600635
0.399010
0.301498
0.012199
-0.151883
-0.347130
-0.401910
-0.664739
-0.849036
-0.931689
-0.972888
-0.840686
-0.867591
-0.190347
0.197008
0.485351
0.429468
0.665293
0.220513
-0.027222
-0.297700
0.102273
0.025220
0.050429
0.146081
0.474790
0.345556
0.507461
0.609899
0.485690
0.394631
0.489129
0.807053
0.606006
0.497219
0.262777
0.187117
0.176755
0.378487
0.339592
0.493953
0.378534
-0.442317
-0.834109
-0.796942
-1.071757
-0.898858
-0.275039
-0.448494
-0.445386
-0.577547
-0.627741
-0.747583
-0.213268
-0.344669
-0.121568
-0.210685
-0.276739
-0.050220
0.489490
0.650391
0.491879
0.566673
0.419343
0.061062
-0.068006
0.278183
0.443465
0.255100
0.299582
0.673824
0.561981
0.375069
0.490709
0.349017
-0.097536
-0.415432
-0.595826
-0.540821
-0.136330
0.119675
0.258964
0.427808
0.256797
0.097572
-0.111748
-0.202417
-0.221021
-0.367980
-0.744810
-0.851288
-0.787899
-0.810383
-0.587712
0.054976
0.585284
0.802714
0.783938
0.698308
0.138282
-0.417608
-0.781328
-0.704175
-0.758127
-0.615326
-0.278614
-0.269815
-0.722335
-0.826077
-0.760869
-0.636105
-0.375966
0.256832
0.609790
0.646474
0.468973
0.561734
0.278415
-0.062593
-0.274238
-0.196562
-0.524733
-0.000680
0.031853
0.231426
0.259816
0.431338
-0.121362
0.127704
0.057083
0.184442
0.538718
0.921801
1.222464
1.378549
1.179058
0.664032
0.168312
-0.167225
-0.344200
-0.430588
-0.408186
-0.325777
-0.480913
-0.331236
-0.759647
-0.591546
-0.952282
-1.087205
-1.417843
-0.985109
-0.969469
-0.254794
0.249284
0.530727
0.671889
0.766499
0.940398
0.866087
1.163985
1.266117
1.361054
0.992059
0.811116
0.570919
0.153299
0.049915
0.138784
0.131341
-0.214342
0.342257
0.132877
0.120287
0.251258
0.509422
0.176505
0.343218
0.280133
-0.171202
-0.545849
-0.789990
-0.885951
-0.859965
-0.451171
-0.029375
0.355911
0.283279
-0.133805
-0.089867
-0.461970
-1.132720
-1.545018
-1.241954
-1.243204
-0.833799
-0.153232
0.633884
0.863551
0.776313
0.833365
0.780273
0.639409
0.459126
0.382405
0.281766
0.205182
0.020665
-0.004982
0.036840
-0.074712
0.027761
-0.108430
-0.224125
-0.491752
-0.557696
-0.830187
-0.502219
-0.338929
-0.298030
-0.178704
0.066845
0.058889
0.288113
0.727213
0.897837
0.946567
0.670153
0.235748
0.163852
0.119731
-0.209008
-0.168427
-0.078268
-0.380229
-0.343111
-0.143550
0.005046
0.085387
0.418821
0.453224
0.375780
0.263475
0.267996
0.067327
-0.385097
-0.627336
-0.582446
-0.645779
-0.716574
-0.519122
-0.448146
-0.359051
-0.206627
-0.307568
-0.364249
-0.444426
-0.642733
-0.803644
-0.569153
-0.192277
-0.246549
-0.326061
0.274808
0.643650
0.676978
1.218257
1.524193
1.016854
0.632436
0.354263
0.253347
0.458748
0.477878
0.800021
0.944019
0.920022
0.637974
0.473367
0.218432
0.200710
-0.072356
-0.235734
-0.035607
-0.440026
-0.975665
-0.858206
-0.958263
-1.373974
-0.930651
-0.673914
-0.483021
0.036306
0.415566
0.367484
0.432898
0.409463
0.049877
-0.164393
-0.521256
-0.609817
-0.705845
-0.500408
-0.360371
0.026659
0.358797
0.509558
0.823114
0.807725
0.807725
0.501808
0.341663
-0.109011
-0.011779
-0.176663
0.011001
0.445504
0.419408
0.308012
0.238730
0.188233
-0.251694
-0.263336
-0.523422
-0.645106
-1.041248
-0.944164
-1.101060
-0.927529
-0.798478
-0.517255
-0.735151
-0.707356
-0.217398
0.093797
0.581109
1.076946
1.464565
1.139175
1.077449
0.987099
0.892361
1.018105
0.916983
0.675654
0.143822
-0.421765
-0.851448
-0.881067
-0.822907
-0.677777
-0.511919
-0.354940
-0.158158
-0.068138
0.251628
0.428703
0.485878
0.525479
0.746709
0.811261
0.828014
0.753149
0.599903
0.310255
-0.187407
-0.508262
-1.087206
-1.504637
-1.400929
-1.032668
-1.005779
-0.611720
-0.085177
-0.077414
-0.678343
-0.332410
-0.033525
-0.027911
-0.242473
0.115830
0.116789
0.198284
0.174092
0.462521
0.625344
0.339039
-0.144292
-0.436966
-0.720008
-0.900898
-0.794844
-0.644820
-0.151363
0.140708
0.376442
0.456328
0.746473
0.545358
0.693379
0.846010
0.963295
0.787773
0.909414
0.586382
0.069528
0.015448
0.040876
-0.190473
-0.320484
-0.260268
-0.153783
-0.447516
-0.437507
-0.309066
0.083419
0.165146
0.423830
0.310994
0.211693
0.021481
-0.209357
-0.335278
-0.351451
-0.401499
-0.438515
-0.370031
0.002746
0.294499
0.147380
0.006223
0.170307
0.142791
0.113875
0.473008
0.514445
0.076926
-0.129551
-0.241656
-0.033215
0.148177
0.056796
-0.276620
-0.328299
-0.640565
-0.736213
-0.514519
-0.333781
0.079329
0.280836
0.362091
0.376298
0.679051
0.397620
0.320398
0.574184
0.903840
0.964857
0.826198
0.575590
0.469973
-0.012510
-0.351100
-0.795426
-0.956279
-1.342406
-1.125333
-0.780283
-0.039689
0.444972
0.758654
0.689283
0.199820
-0.071503
-0.252591
-0.290233
-0.319820
-0.253414
-0.311869
-0.275851
-0.487722
-0.496118
-0.370622
-0.343465
-0.068617
0.026331
-0.034392
0.401141
0.577604
0.503438
0.454005
0.542685
0.185373
0.133780
-0.189172
-0.034068
0.422468
0.648263
0.791932
0.923130
0.771312
0.053830
-0.325602
-0.439646
-0.434428
-0.555331
-0.384918
-0.371722
-0.678348
-0.860896
-0.797558
-0.643962
-0.652944
-0.269210
0.120308
0.247383
0.199109
0.445026
0.296499
0.169807
0.343286
0.564700
0.625809
0.755276
0.721632
0.654482
0.444744
0.152524
-0.085967
-0.409592
-0.492433
-0.630479
-0.683933
-0.466314
-0.098438
-0.220748
-0.013577
0.480197
0.274389
-0.027848
-0.098935
0.022345
-0.316455
-0.158738
0.066507
0.522889
0.651523
0.739525
0.705952
0.449361
0.033935
-0.314768
-0.429988
-0.270014
0.068391
0.157016
0.353538
0.392388
0.208377
-0.168050
-0.464533
-0.715655
-0.713957
-0.820164
-0.712677
-0.754529
-0.771169
-0.735721
-0.760482
-0.422779
0.123516
0.486288
0.708758
0.956761
0.685326
0.676359
0.604301
0.444909
0.449188
0.934155
0.781067
0.661686
0.516021
0.292011
-0.308911
-0.187862
-0.317460
-0.416905
-0.471395
-0.299092
-0.433128
-0.645137
-0.851878
-0.780097
-0.818973
-0.347713
-0.010209
0.314412
0.233774
0.277163
-0.265263
-0.411838
-0.325892
-0.464069
-0.739871
-0.875198
-1.020331
-0.539291
0.098201
0.479263
0.671087
0.879194
0.345353
0.101339
0.177699
-0.062951
-0.200178
-0.221995
-0.352658
-0.722640
-0.590673
-0.260128
-0.204672
-0.136406
0.086335
0.214685
-0.263857
-0.308534
-0.511054
-0.298892
0.056586
0.537859
0.908277
1.184178
0.965706
1.070417
1.302416
1.015429
1.657380
1.328865
0.632648
0.049657
-0.293270
-1.273757
-1.055784
-0.778365
-0.722305
-0.374265
-0.043708
0.175191
0.106615
0.291013
0.215919
0.044725
-0.100964
0.036541
-0.010204
-0.061050
0.064754
-0.103807
-0.459998
-0.746331
-0.790228
-1.024627
-1.030911
-1.087182
-1.131504
-1.228608
-1.159005
-0.929410
-0.496167
-0.116695
0.146124
0.681713
0.947488
1.551002
2.033952
2.174756
1.868512
1.818930
1.223769
0.785148
0.651513
0.577771
0.338521
0.270888
0.103489
-0.087447
-0.678219
-1.175661
-1.649235
-1.732963
-1.907245
-1.462970
-1.044937
-0.543058
-0.440529
-0.144294
0.359730
0.425384
0.476889
0.791405
1.083046
0.683862
0.830911
0.678966
0.398638
-0.060732
-0.187555
-0.315898
-0.265841
-0.353322
-0.371253
-0.344495
-0.519020
-0.533488
-0.621593
-0.509042
-0.393681
-0.109465
-0.008432
0.385057
0.642143
0.752977
0.647702
0.729133
0.712101
0.636912
0.732395
0.760557
0.186187
-0.117057
-0.324003
-0.687385
-0.660307
-0.291661
-0.346798
-0.535896
-0.584700
-0.404137
-0.364440
-0.006963
0.008607
0.232654
0.071792
0.174165
0.270770
0.675779
0.556792
0.484674
0.358818
0.088175
-0.100321
0.353281
0.444086
0.545218
0.596154
0.774322
0.397077
0.123748
0.026291
-0.157056
-0.564471
-0.769271
-0.891110
-0.819838
-0.721292
-0.909729
-1.059682
-1.104898
-0.927263
-0.968168
-0.374027
0.163124
0.534449
0.506113
0.808247
0.676825
0.627623
0.598768
0.361204
0.222152
0.226582
-0.053631
0.014084
-0.239065
-0.567302
-0.406998
-0.147352
-0.213625
0.092409
0.234844
-0.093301
-0.642054
-0.239751
-0.273267
-0.053308
0.099639
0.584281
0.124772
-0.248654
-0.285822
-0.573258
-0.410543
-0.150237
0.317997
0.349342
0.883951
0.897913
0.691305
0.612406
0.353562
0.068707
-0.132227
-0.275375
-0.292237
-0.101655
-0.013402
-0.318620
-0.547360
-0.564222
-0.548945
-0.437378
0.085269
0.660278
0.706001
0.758985
0.358665
-0.045850
-0.335943
-0.253819
-0.408415
-0.107108
0.223486
0.426824
0.157365
0.065883
0.118308
-0.252183
-0.293578
0.033918
0.159300
-0.088742
0.141855
-0.047522
-0.365456
-0.531984
-0.475253
-0.512563
-0.173840
0.155528
0.171266
0.066747
0.028780
0.041890
-0.148291
-0.048550
0.335277
0.558528
0.297417
-0.007706
0.136906
-0.064570
-0.185758
-0.154491
0.004636
-0.105407
0.030741
0.160725
0.200873
0.353998
0.404469
0.232564
0.197233
0.452554
0.177640
-0.045843
0.189935
0.401608
0.172156
0.329054
0.322832
-0.037064
-0.843624
-1.337428
-1.497421
-1.507194
-1.373542
-0.955923
-0.582365
-0.419486
-0.147332
0.154921
0.249657
0.287375
0.732577
0.644276
0.656859
0.547308
0.716739
0.446721
0.308731
0.000483
-0.176675
-0.494394
-0.623580
-0.504005
-0.459615
0.163518
0.405543
0.255408
0.179396
0.024805
-0.303493
-0.535422
-0.462473
-0.312877
0.082617
0.254830
0.537619
0.901029
0.967500
0.913203
0.519827
0.163185
-0.178769
-0.158080
-0.314658
-0.351846
-0.406460
-0.598771
-0.828344
-0.939204
-0.711607
-0.436855
-0.012047
0.175309
0.199550
0.149164
0.207741
0.211031
0.311753
0.558755
0.843129
0.830575
0.900554
0.708575
0.333169
0.008623
0.072867
-0.318777
-0.409574
-0.152545
-0.034260
-0.030858
-0.144214
-0.148592
-0.454510
-0.774263
-0.673032
-0.168342
-0.066153
0.000403
0.153317
0.227987
0.102503
0.195972
0.400607
0.526573
0.385866
0.187932
0.011508
-0.077313
-0.195529
-0.600817
-0.604310
-0.594801
-0.671462
-0.706751
-0.591003
-0.572643
-0.507531
-0.286186
0.015936
0.577125
1.118545
1.443653
1.561986
1.443798
1.037318
0.672327
0.158050
-0.211645
-0.076678
-0.016825
-0.230209
-0.215593
-0.468314
-0.952498
-1.187384
-1.042432
-0.816601
-0.514749
-0.185094
0.119279
0.288256
0.297589
0.457158
0.596891
0.521066
0.259644
-0.021883
0.067029
-0.139773
-0.284649
0.030457
-0.062142
-0.159824
-0.152486
-0.149196
-0.420590
-0.172964
-0.334397
-0.565228
-0.761856
-0.765788
-0.755432
-0.987468
-0.919566
-0.090623
-0.023659
0.504134
1.213603
1.357391
0.769942
0.813771
0.545909
0.145543
0.359332
0.537865
0.615318
0.712880
0.872279
0.789032
0.744956
0.485239
0.220959
-0.097314
-0.248431
-0.481459
-0.408813
-0.395873
-0.342312
-0.111838
-0.243282
-0.528844
-0.800448
-0.674245
-1.007725
-1.067740
-0.957973
-0.695297
-0.658211
-0.473264
-0.460460
-0.298429
-0.340532
-0.273192
-0.164364
0.227189
0.200667
0.174947
0.258364
0.316780
0.375095
0.575570
0.620229
0.554783
0.870537
0.737910
0.618520
0.726800
0.511655
0.428885
0.402438
0.563716
0.525214
1.083905
0.920920
0.882274
0.272186
0.003725
-0.635948
-1.139109
-1.267456
-1.133331
-1.018670
-1.101701
-1.038070
-0.874502
-0.622206
-0.607101
-0.448660
-0.179340
-0.096164
0.009164
0.194350
0.451459
0.583848
0.640092
0.736155
0.899673
0.993747
0.760500
0.457674
0.388116
0.173237
0.238231
-0.054768
-0.219991
-0.414001
-0.521475
-0.942661
-0.556319
0.189181
0.337661
0.398481
0.549859
0.657443
0.284148
0.373368
0.399744
0.226665
-0.002173
-0.126731
-0.138348
-0.379257
-0.486253
-0.493328
-0.195417
-0.009557
0.407242
0.763889
0.603960
0.311822
0.047707
-0.213780
0.300351
0.828381
1.412202
1.352661
0.938760
-0.087945
-0.340247
-0.852355
-0.854597
-0.455695
-0.227930
-0.376264
-0.441114
-0.537594
-0.365359
-0.192217
-0.416993
-0.558667
-0.240076
-0.198594
0.125924
0.476405
0.751918
0.562218
0.350684
0.022002
0.467862
0.598945
0.624211
0.632442
0.301758
-0.449295
-0.804847
-0.880199
-1.024456
-0.822421
-0.601399
-0.896066
-0.734096
-0.562027
-0.497621
-0.442427
-0.126579
0.016397
0.510713
0.611338
0.903171
1.431802
1.616462
1.128427
0.976819
0.938236
0.514489
-0.074042
-0.156452
-0.375171
-0.938209
-0.950376
-0.882345
-0.800976
-0.403897
-0.165297
-0.253817
-0.248758
-0.371446
-0.299341
-0.200383
-0.036614
-0.125703
0.030632
-0.578516
-1.109217
-1.217649
-0.876072
-0.919354
-0.252491
0.203615
0.164890
0.357736
1.157800
1.330088
1.003423
1.029677
0.570100
-0.134800
-0.441417
-0.185448
0.041517
0.297186
0.267521
0.563927
0.808104
0.413266
0.106128
0.151846
-0.068613
-0.432982
-0.206452
0.183197
0.119383
-0.104821
0.199998
0.647266
0.357509
0.209466
0.161791
0.187057
-0.131269
-0.175110
-0.224345
0.042683
-0.047912
-0.511406
-0.728481
-1.100580
-1.222328
-1.159826
-0.728750
-0.273681
0.469887
1.175688
1.084139
1.071250
0.792509
0.376064
-0.427651
-0.746403
-0.200259
0.260813
0.628378
0.776683
1.122090
0.121084
-0.485978
-0.638066
-0.941622
-0.827564
-0.223265
-0.060506
-0.103698
0.058035
0.150584
-0.061914
0.073928
0.163433
0.527340
-0.091678
-0.263364
-0.347503
-0.494190
-0.760803
-0.091115
0.463256
0.583434
0.636011
0.641671
0.111609
-0.250852
-0.157527
-0.082891
-0.160222
0.025571
-0.161816
-0.363812
-0.453144
-0.351066
-0.571735
-0.580289
-0.406515
-0.388255
-0.659912
-0.452358
-0.207634
-0.306789
-0.010979
0.548678
1.087021
1.217640
1.526603
1.533251
1.292352
1.068707
1.018125
0.516375
0.372557
0.386676
-0.044003
-0.196053
-0.141093
-0.400119
-0.667868
-0.515872
-0.620524
-0.610135
-0.451118
-0.376204
-0.255475
-0.043816
-0.067461
-0.133180
-0.136222
-0.426785
-0.707539
-0.752241
-0.832446
-0.838109
-0.554365
-0.233690
0.191665
0.516360
0.782358
0.781862
0.708629
0.535939
0.470960
0.355059
0.402048
0.746817
1.052772
0.968244
0.926882
0.810631
0.246000
-0.258594
-0.570662
-0.959193
-1.126038
-1.163948
-1.190889
-0.961524
-0.546163
-0.207360
-0.011670
0.157770
0.203888
0.487656
0.366539
0.348516
0.547828
0.747555
0.361448
0.188418
0.115046
-0.211359
-0.570093
-0.571570
-0.136704
0.125156
0.499907
0.821361
0.756348
0.361340
0.749597
0.418206
0.112114
0.291684
0.588110
0.255782
0.293941
0.402420
0.320680
-0.004363
-0.387927
-0.432328
-0.489065
-0.354570
-0.368970
-0.224992
-0.529990
-0.918052
-1.259052
-1.221095
-0.939048
-0.587129
-0.276930
-0.109513
-0.433962
-0.842936
-0.938449
-0.657981
0.118651
1.035914
1.548768
2.831814
4.462492
5.203036
5.886422
7.255091
