6.743377
5.925960
5.291519
4.537986
3.447706
1.807872
0.829786
-0.110637
-0.976742
-1.476481
-1.305919
-0.923862
-0.618946
-0.533070
-0.624008
-0.766658
-1.161006
-1.393977
-1.405794
-1.370663
-1.248553
-1.086955
-0.885250
-0.810896
-0.686172
-0.612888
-0.545327
-0.411387
-0.327519
-0.187946
0.049192
0.076571
-0.065855
-0.091241
-0.140441
-0.329713
-0.288753
-0.397450
-0.744238
-0.889247
-0.833127
-0.856135
-0.498423
-0.367649
0.278987
0.436859
0.691316
0.688104
0.773297
0.434669
0.403381
0.252362
0.035237
0.231781
0.096745
-0.257960
-0.280613
-0.507996
-0.509265
-0.466007
-0.286939
-0.285300
0.035405
0.098571
0.004963
-0.093345
-0.162281
-0.225950
-0.450952
-0.584795
-0.557104
-0.698687
-0.894305
-1.062324
-1.193828
-1.454742
-1.613166
-1.660306
-1.658272
-0.479268
0.701614
1.203879
1.639303
2.073177
1.357460
0.664876
0.531664
0.495745
0.413090
0.347176
0.282914
0.281142
0.309435
0.343340
0.355645
0.384570
0.469387
0.551528
0.722593
0.999711
0.594418
0.132947
0.320213
-0.241292
-0.826423
-0.792541
-0.718429
-1.357412
-1.350066
-1.289472
-1.242760
-1.167457
-1.090694
-0.924496
-0.708010
-0.527161
-0.320180
-0.194709
-0.068675
-0.045033
-0.022462
-0.019373
0.025951
0.130451
0.015868
0.002455
0.029638
-0.032171
-0.070142
-0.076049
0.028618
-0.025667
-0.011993
-0.139927
-0.198939
-0.386545
-0.558373
-0.683637
-0.760325
-0.811988
-0.823084
-0.871263
-0.805250
-0.750021
-0.657132
0.529705
0.671908
1.535536
1.589137
1.600990
0.445157
0.389462
-0.488134
-0.596975
-0.701011
-0.771144
-0.826613
-0.849529
-0.874046
-0.895638
-0.867130
-0.882229
-0.898933
-0.888729
-0.175918
0.443391
1.120017
1.764835
2.443288
2.461273
2.491499
1.947692
1.324929
0.702879
0.139277
-0.470588
-0.566045
-0.562206
-0.536920
-0.582937
-0.584037
-0.554802
-0.528954
-0.515048
-0.542188
-0.505896
-0.441697
-0.360913
-0.297665
-0.207483
-0.192528
-0.233599
-0.289683
-0.403562
-0.527520
-0.559051
-0.567391
-0.600530
-0.169258
-0.178781
0.172845
0.117343
0.502118
0.432036
0.406570
0.302050
0.318837
0.256711
0.132198
0.405465
0.318989
0.291893
0.214253
0.178354
0.138838
0.162669
0.130326
0.164563
-0.062649
-0.008797
-0.242190
-0.209452
-0.216659
-0.244648
-0.231659
-0.254305
0.022113
-0.028713
-0.038075
0.005286
-0.018182
0.035603
-0.308595
-0.390268
-0.399294
-0.100146
-0.109149
0.226662
0.589150
0.536351
0.075416
0.079533
0.100238
0.147214
0.117080
0.524602
0.464082
-0.403887
-0.480697
-0.589203
-0.478416
-0.439186
0.334775
0.293098
0.311416
0.152337
-0.023724
-0.098418
0.027588
0.162138
0.461841
0.610207
0.665339
0.500164
0.368642
-0.056277
-0.273457
-0.223459
-0.102023
0.034535
0.565094
0.793243
1.206116
1.257411
1.472920
1.407808
-0.300790
-0.416331
-0.694674
-1.431199
-2.134370
-0.918748
-1.260278
-1.251521
-0.601814
-0.274039
0.241664
0.356386
0.420497
0.272206
0.423798
0.467299
0.262892
0.219783
-0.171595
-0.633749
-0.536362
-0.601474
-0.495719
-0.217301
0.224397
-0.149634
0.284248
0.842271
0.945414
0.957330
1.242770
1.061704
0.576336
0.581747
0.607043
0.553694
0.549140
0.126123
-0.020535
-0.179631
-0.435436
-0.612945
-0.147558
-0.214903
-0.696145
-0.903592
-0.991088
-1.174581
-0.958966
0.178544
0.724314
1.259026
1.704454
2.063759
1.460261
1.038992
0.922305
0.565140
0.179465
0.239403
0.401499
0.025568
-1.600013
-1.392348
-1.544105
-1.678067
-1.134859
0.695235
0.669818
0.775740
1.083914
0.816199
-1.013895
-1.175347
-1.347799
-1.394105
-1.582553
-0.006579
-0.117844
-0.081015
0.095191
0.002457
-0.134798
-0.219382
-0.343262
-0.177069
0.049739
0.129978
0.273053
0.530959
0.227709
0.230158
0.265636
0.323472
0.495700
0.531782
0.581610
1.188612
1.360333
1.485610
1.381748
1.133113
0.507933
0.247649
0.055041
-0.410386
-0.451736
-0.502911
-0.689106
-0.786338
-0.315072
-0.568650
-0.567134
-0.545008
-0.240373
-0.457968
0.076424
0.141958
0.166356
-0.296733
-0.048262
-0.134386
0.022909
0.627389
0.638348
0.445460
0.563474
0.277927
0.100528
0.336525
0.309337
-0.049866
0.121630
-0.118565
-0.306685
-0.266734
-0.181213
-0.307056
-0.347283
-0.506220
-0.715749
-0.897918
-0.734638
-0.692892
-0.559753
-0.074884
0.340779
0.600464
0.572278
0.720511
0.679929
0.673020
0.377658
0.233007
0.510090
0.781123
0.755285
1.213585
0.984165
0.147718
-0.682862
-1.102543
-1.599100
-1.482334
-0.712062
-0.353327
0.249809
0.577259
0.913536
0.590330
0.395720
0.516409
0.242451
0.148136
0.008243
0.082794
-0.380061
-0.450259
-0.507835
-0.387638
-0.153529
-0.120933
-0.225457
-0.083395
-0.217801
-0.461402
-0.096631
0.001935
-0.067409
0.060498
0.363036
0.133825
-0.126568
0.047378
-0.416857
-0.361585
-0.545312
-0.223281
-0.855932
-0.593867
-0.639880
-0.480240
-0.185509
0.594095
1.019972
1.077739
1.078396
0.835469
0.480307
0.322624
0.261318
-0.024011
-0.131711
-0.146520
0.024560
-0.025807
0.164336
0.095400
-0.110925
-0.296921
-0.364771
-0.456458
-0.102281
-0.024755
-0.129324
0.047758
0.313235
0.368427
0.419318
1.099570
0.975659
0.804159
0.280353
0.068212
-0.699850
-0.927574
-0.782239
-0.561507
-0.222357
0.002334
0.198521
-0.048891
-0.203504
0.125953
-0.103958
-0.388593
-0.376163
-0.405778
-0.418144
-0.235940
0.182766
0.416185
0.642184
0.324407
0.252128
0.244527
-0.086564
-0.314691
-0.221728
-0.252147
-0.545480
-0.461118
-0.255720
-0.391120
-0.260731
0.186688
0.340143
0.441817
0.512418
0.573389
0.280293
-0.125550
0.104357
0.169156
-0.083312
-0.371601
-0.182822
-0.216120
-0.248909
0.325692
0.670256
0.923885
0.315492
-0.070133
-0.391512
-0.530964
-0.275460
0.334218
0.685729
0.314707
0.357095
-0.002233
-0.407964
-0.598897
-0.324644
-0.481171
-0.236729
-0.286462
-0.294779
-0.439909
-0.228151
0.438272
0.388537
0.747485
0.897909
0.786138
0.289592
0.372305
0.259278
0.074828
0.145231
-0.302476
-0.391538
-0.563776
-0.247895
0.155131
0.190318
0.177755
0.349408
0.117099
-0.169376
-0.084994
0.065061
-0.018636
0.048811
-0.200327
-0.218304
0.279104
-0.046236
-0.384402
0.028469
-0.350257
-1.078913
-1.257178
-0.961510
-1.273118
-0.852228
-0.628452
-0.252202
-0.038775
-0.268425
-0.625760
-0.540757
-0.549468
-0.224913
0.124184
0.610634
0.810151
0.873882
0.623955
0.504148
0.319958
0.053478
0.096841
0.161386
0.064781
0.225650
0.385634
0.629955
0.556432
0.610322
0.256358
0.126167
0.122729
-0.083014
-0.041881
-0.036701
-0.163358
-0.327626
-0.417466
-0.536491
-0.535268
-0.597560
-0.412778
-0.191946
0.054204
0.340204
0.672749
0.302948
0.123522
0.161246
-0.101531
-0.264720
-0.229821
-0.287601
-0.219632
-0.148467
0.115816
0.287450
0.609332
0.274664
0.140260
-0.023364
-0.059273
-0.296931
-0.144914
0.119723
0.304752
0.071189
0.257675
-0.000780
-0.223225
-0.493927
-0.225942
-0.116641
0.036270
0.296318
0.401178
0.274700
0.156442
0.153512
0.268081
-0.037135
-0.183910
-0.251322
-0.242076
-0.190615
-0.051208
0.009871
-0.170856
-0.286057
-0.638340
-0.703379
-0.072122
-0.066264
0.015300
0.056388
0.283299
-0.302564
-0.175396
0.369610
0.858715
0.972060
1.118166
1.250875
0.837700
0.077415
-0.323280
-0.479486
-0.749313
-0.887671
-0.727166
-0.457611
-0.326581
-0.400460
-0.153627
-0.211170
-0.505860
-0.595178
-0.344996
-0.375659
-0.185883
0.065121
-0.012019
0.064569
0.049491
0.022957
0.085205
0.093930
0.409368
0.190909
0.092866
-0.168882
-0.108407
-0.593100
-0.534898
-0.116011
0.356616
0.589568
0.691755
1.070826
1.054008
0.770119
0.523211
0.761014
0.596053
0.454657
0.329343
0.218460
-0.307614
-0.629491
-0.717865
-0.693191
-0.527842
-0.598109
-0.648415
-0.589679
-0.607809
-0.140389
0.195219
0.527094
0.482332
0.364814
0.036330
0.034401
0.153088
0.078656
0.247018
0.370319
0.311442
0.467640
0.343940
0.488379
0.301849
0.143468
-0.547861
-0.560790
-0.493729
-0.697530
-0.678354
-0.408562
-0.480431
-0.668764
-0.645064
-0.221632
0.263221
0.388816
0.646351
0.840515
0.440104
-0.037121
0.085662
0.210763
0.101218
0.232986
0.270582
0.285066
0.030682
-0.017437
-0.130203
-0.113377
0.273060
-0.065236
-0.257236
-0.304055
-0.734789
-1.560200
-1.465564
-1.038998
-0.735266
-0.061278
0.767685
0.833848
0.805991
0.674147
0.388431
0.377508
0.410362
0.673952
0.612920
0.718699
0.514135
0.505854
0.205412
0.076332
0.353540
0.063836
0.092713
0.128815
0.221419
0.162613
-0.150566
-0.390738
-0.818442
-0.907901
-1.284238
-0.976553
-0.519213
-0.266076
-0.094984
0.210899
0.207431
0.112408
0.113972
0.365325
0.467631
0.612873
0.299630
0.303150
0.380865
0.122666
0.121942
0.283844
0.181641
-0.124700
-0.415266
-0.624478
-0.712902
-0.726683
-0.505191
-0.375857
-0.094641
0.071822
0.308395
0.347296
0.421827
0.246228
0.238781
0.031002
-0.318928
-0.410284
-0.139945
-0.073964
0.336251
0.139203
0.052264
-0.375507
-0.705821
-1.123342
-0.961406
-0.546313
-0.153119
-0.031380
0.374261
0.483092
0.287825
-0.014516
0.019163
-0.126096
-0.058971
-0.067821
0.073540
0.341527
0.457984
0.427825
0.627573
0.508032
0.328464
0.092679
-0.034336
0.169754
0.203688
0.300516
0.236963
0.038929
-0.644762
-0.775695
-0.769200
-0.782616
-0.130635
-0.026789
0.026235
0.111418
0.310304
0.081686
0.152411
0.457851
0.420529
0.273704
0.262262
0.312824
0.303618
0.008567
-0.171326
-0.259413
-0.382296
-0.647530
-0.521423
-0.091267
0.048509
0.114666
0.445918
0.630228
0.277116
0.065462
0.083719
0.033963
-0.239157
0.121031
0.344058
0.289509
0.127165
-0.168006
-0.419742
-0.847880
-0.489049
-0.594132
-0.282133
-0.182387
0.130775
0.541632
0.510860
0.572305
0.555740
0.514238
-0.250275
-0.194012
0.087129
-0.079926
-0.219182
0.299454
0.403440
0.102033
0.050342
0.299357
0.021077
-0.226706
-0.180840
-0.085544
0.154441
-0.064292
0.060130
-0.083593
-0.024312
0.063784
0.350507
0.359822
0.504405
0.311775
0.046744
-0.271539
-0.202908
-0.285194
-0.260661
-0.508296
-0.590237
-0.534760
-0.540249
0.050623
0.614825
0.829822
0.344996
0.266460
-0.165455
-0.896107
-1.113701
-0.568782
-0.724886
-0.717416
-0.600364
-0.181858
-0.003671
0.287673
0.472708
0.610258
0.416556
0.096613
0.057813
0.137368
0.058171
0.205548
0.145482
0.591660
0.668802
0.720759
0.755688
0.759966
0.540671
-0.097137
-0.286988
-0.645558
-0.735559
-1.016016
-0.959715
-0.653264
-0.341206
-0.179629
0.056375
0.234896
0.205377
-0.027148
-0.058929
0.183727
0.075669
-0.058133
-0.205100
-0.057274
-0.260753
-0.131883
-0.264318
-0.101899
-0.048846
-0.277070
-0.332743
0.279756
0.476947
0.900235
0.766091
0.656035
0.031070
-0.137798
-0.484905
-0.280148
-0.081094
-0.069239
-0.170383
-0.500712
-0.646983
-0.355769
-0.141918
0.178113
0.417039
0.463181
-0.026924
-0.142011
-0.452139
-0.760989
-0.724081
-0.391812
-0.407021
-0.253640
-0.065829
0.322819
0.467144
0.457032
0.649402
0.611297
0.409102
0.092437
0.140271
0.155074
0.159704
0.101711
0.163740
0.361057
0.273967
0.109294
-0.058668
-0.355870
-0.343167
-0.474683
-0.276396
0.255612
0.521430
0.512458
0.424847
0.703934
0.617030
0.480206
0.439856
0.407875
0.256427
-0.064318
0.056263
-0.053979
-0.084396
-0.397032
-0.577640
-0.563969
-0.514541
-0.528891
-0.101646
0.050792
0.055870
-0.202843
-0.244906
-0.326852
-0.307913
-0.004627
0.244724
0.338535
0.050118
-0.086238
-0.333399
-0.450632
-0.147840
-0.135690
-0.131359
-0.106189
-0.082878
-0.005848
-0.028030
0.255435
0.308534
0.237921
0.136460
0.197456
0.209598
0.020492
0.046776
0.157062
0.179912
0.031143
-0.002603
0.226802
0.088660
0.106616
0.550506
0.538390
0.417951
0.123790
0.013561
-0.593858
-0.644514
-0.523101
-0.539000
-0.500693
-0.406665
-0.456081
-0.486498
-0.603467
-0.294947
-0.164213
0.129120
0.397797
0.785129
0.949793
0.892511
0.889408
0.620016
0.396576
0.210164
0.191942
0.163874
-0.223363
-0.368992
-0.418327
-0.702435
-0.873777
-0.713779
-0.381625
-0.325381
-0.120489
-0.166425
-0.196837
-0.197838
-0.335355
-0.194285
0.379995
0.668289
0.737774
0.499208
0.464454
-0.014269
-0.354740
-0.553174
-0.604122
-0.412906
-0.329471
-0.144231
-0.087885
0.047638
0.051395
-0.160143
0.119087
0.408990
0.480757
0.306330
0.397884
0.305728
-0.082826
-0.211696
-0.394169
-0.461657
-0.375572
-0.302916
0.147964
0.616067
0.833971
1.004597
1.053347
0.663250
0.264619
0.154508
-0.258405
-0.318599
-0.403191
-0.386038
-0.392519
-0.531695
-0.592907
-0.195108
-0.308179
-0.275710
-0.284495
-0.280158
-0.433120
-0.492916
0.041416
0.034661
0.186295
0.633149
1.059022
0.812556
1.106847
1.183384
0.619435
0.325237
0.288046
-0.073436
-0.696927
-0.887461
-0.668194
-0.761074
-0.721664
-0.081665
0.180091
0.086535
-0.109522
0.067173
0.061588
-0.033769
0.391147
0.602093
0.527437
0.366998
0.323372
-0.076336
-0.004072
0.016341
-0.154895
-0.189190
-0.329891
-0.897947
-0.865309
-0.731493
-0.097705
0.394457
0.636921
0.672051
0.378381
-0.216129
-0.741575
-0.749795
-0.596151
-0.374496
-0.133690
-0.028158
0.328933
0.374264
0.619598
0.892733
0.745852
0.173004
-0.363917
-0.749454
-1.058161
-0.806690
-0.351498
-0.009835
0.370325
0.389920
0.085326
0.361357
0.197103
0.647667
0.522573
0.733346
0.288245
0.379051
-0.014851
-0.070027
-0.018107
0.016296
-0.056390
-0.173511
-0.351547
-0.240108
-0.373784
-0.291693
0.017936
0.254104
0.035823
0.186608
0.463605
0.361169
0.238515
0.135069
0.066279
-0.220628
-0.389042
-0.149707
0.389729
0.242991
0.570619
0.366069
-0.072849
-0.792076
-0.654494
-1.051854
-1.169741
-0.654975
-0.463454
-0.455733
-0.182046
0.021159
0.048947
0.113243
0.504446
0.716661
0.652633
0.453768
0.446232
0.254740
-0.137251
-0.068596
-0.066034
0.015075
0.011813
0.173164
0.219030
0.156793
0.058283
0.250110
0.026011
-0.039368
-0.032070
0.038612
-0.136639
-0.174178
-0.288422
-0.439076
-0.143291
-0.020919
0.194171
0.692496
0.854268
0.909581
0.208105
-0.260148
-1.012849
-1.235832
-1.819091
-1.513214
-0.888325
-0.239840
0.129250
0.701769
0.911523
0.723592
0.463062
0.320093
0.193239
0.259830
0.293915
0.324576
0.578483
0.654387
0.547722
0.371230
0.161468
-0.132924
-0.487587
-0.616294
-0.505301
-0.506074
-0.128202
-0.157861
-0.014634
-0.133211
0.192551
-0.277263
-0.165770
0.080296
0.043645
-0.237943
0.157714
0.101024
-0.137583
-0.233460
0.031095
-0.101002
-0.132485
-0.430400
-0.357603
-0.319742
-0.456289
-0.340887
0.202990
0.594261
0.483143
0.317956
0.296912
0.047343
-0.437295
0.000220
-0.004915
-0.021532
-0.128972
0.072456
-0.281746
-0.383963
-0.314383
-0.642610
-0.250359
-0.054247
0.298370
0.420320
0.647798
0.519583
0.302805
0.293032
0.245346
0.200495
0.029788
-0.087028
-0.235464
-0.445304
-0.285315
-0.202907
-0.374637
-0.305743
-0.261087
-0.287378
-0.223461
0.042059
-0.129690
-0.173969
0.210683
0.381956
0.410834
0.660654
0.700319
0.608210
0.106315
-0.158855
0.021464
-0.055049
0.036640
-0.161812
-0.094177
-0.426478
-0.461237
-0.645437
-0.431416
-0.168317
-0.021002
0.133595
0.103434
0.323317
0.180515
0.137063
0.393856
0.553640
0.674021
0.852953
0.681204
0.592698
0.289654
-0.032146
-0.338627
-0.201782
-0.360728
-0.369362
-0.459147
-0.578491
-0.744410
-0.395432
-0.386877
-0.326781
-0.155826
0.046031
-0.125051
-0.246376
-0.131515
-0.104034
0.058330
0.122569
0.166707
0.141745
0.200175
0.426363
0.079772
0.008088
-0.153915
-0.385589
-0.698562
-0.822568
-0.455132
-0.115558
0.127652
0.327868
0.733912
0.594468
0.442945
0.371731
0.568757
0.336830
0.240720
0.194878
0.242773
-0.141769
-0.140405
-0.024951
-0.082836
-0.048709
-0.327644
-0.451085
-0.145842
0.043082
0.114647
0.206371
0.442691
0.210811
-0.040349
0.025600
-0.094799
0.184707
-0.118694
-0.050224
-0.334517
-0.249575
-0.537328
-0.569392
-0.285954
0.060215
0.028993
-0.038635
-0.058735
0.118376
-0.168449
-0.040622
0.354011
0.424554
0.082594
0.239892
0.444479
0.264043
0.172028
0.420601
0.374120
0.425279
0.284209
0.564740
0.365475
0.360364
0.085298
-0.025965
-0.083837
-0.191658
-0.243101
-0.272003
-0.302285
-0.142797
-0.161869
-0.226474
-0.175425
0.019097
0.184497
0.277406
0.542666
0.873911
0.981288
0.810777
0.860440
0.785746
0.572233
0.476245
0.568846
0.567200
-0.080169
-0.119979
-0.619843
-1.204418
-1.162007
-0.970649
-0.849175
-0.317145
0.189850
0.227844
0.670881
0.612763
0.289303
0.221947
0.215569
-0.081997
-0.045857
-0.075695
-0.044925
-0.407043
-0.158279
-0.215039
-0.192792
-0.513734
-0.191635
-0.143582
-0.346169
0.003430
0.335134
0.040064
0.026010
0.321570
0.277275
0.289282
0.330288
0.378258
0.082781
0.092228
-0.186495
-0.172053
-0.200109
-0.207437
-0.218041
-0.245991
0.003967
-0.000486
0.024253
0.029853
0.073677
0.105475
-0.111583
-0.109236
-0.065249
-0.071661
-0.065086
-0.065538
0.157963
0.109568
0.083571
0.075198
0.049372
0.063534
-0.149779
-0.089074
-0.053632
-0.046966
-0.053304
-0.057209
0.172285
0.130090
0.169264
0.204798
0.181799
-0.027898
-0.265680
-0.309330
-0.299953
-0.285558
-0.041720
-0.038706
-0.041319
-0.331410
-0.077720
-0.113627
-0.117579
0.157571
0.153294
-0.118084
-0.076434
-0.089575
-0.108654
0.118442
0.366156
0.321000
0.267458
0.254060
0.276485
0.261246
0.003706
0.298895
0.275963
-0.017365
-0.024686
-0.052734
-0.089916
-0.093269
-0.093591
-0.072587
-0.068790
-0.059999
-0.297270
-0.252718
-0.239715
-0.199658
-0.142493
0.141372
0.417427
0.445271
0.430347
0.413884
0.159048
0.136677
-0.114734
-0.089927
-0.338710
-0.301617
-0.534512
-0.510190
-0.260731
0.008089
-0.048189
0.187376
0.402202
0.147250
-0.105712
-0.081288
-0.077816
-0.336551
-0.065208
0.210572
0.211109
-0.022972
0.017172
0.032307
-0.271459
-0.024187
-0.022316
-0.066315
-0.084084
-0.091999
-0.083290
-0.140990
-0.227782
-0.585022
-0.288941
-0.302773
-0.404037
-0.096762
0.251818
0.221965
0.162694
0.549383
0.558562
0.544981
0.508755
0.537797
0.519404
0.452706
0.452706
0.478110
0.624000
0.734318
0.682082
0.515176
0.227046
-0.125739
-0.522055
-0.660196
-0.617652
-0.478078
-0.232953
-0.080046
-0.000029
-0.136971
-0.194404
-0.131204
-0.123459
0.132857
0.218590
0.237174
0.492456
0.563280
0.383872
0.264208
0.548320
0.316168
0.243630
0.228514
0.383724
0.645216
0.442263
0.333335
0.195567
-0.192207
-0.755341
-1.128551
-1.066492
-1.039042
-0.859302
-0.856502
-0.594445
-0.199589
0.064547
0.317876
0.747594
0.797559
0.665088
0.626636
0.632777
0.311190
0.312770
0.107738
-0.123089
-0.194558
-0.480275
-0.619967
-0.442059
-0.505543
-0.256816
-0.218405
0.026453
-0.126405
0.132472
0.092738
0.646853
0.695839
0.894491
1.053736
1.280853
1.190157
1.252354
1.224851
1.157869
0.900999
0.699283
0.427296
0.257040
-1.103111
-1.157003
-1.132973
-0.979428
-1.071852
-1.380536
-1.546093
-1.695437
-1.825031
-1.786423
0.015241
0.192325
0.209302
0.274513
0.284190
0.276626
0.416991
0.820796
1.128961
1.298193
1.031472
1.057287
0.961844
0.703179
0.862318
0.846014
0.543320
0.294934
0.228821
0.099077
0.400215
-1.091198
-2.561858
-2.521196
-2.389379
-2.481333
-0.596094
0.951690
0.950462
0.990461
0.758770
0.611432
0.529775
0.460726
0.018902
-0.026562
-0.106402
-0.084296
0.126366
0.128148
0.101403
0.086424
-0.024391
0.055558
0.099523
0.434933
0.670391
0.601749
0.601712
0.521214
0.325965
-0.178345
-0.180094
-0.385252
-0.498974
-0.614381
-0.708459
-0.216591
0.007693
0.128159
0.142031
0.265545
0.045548
-0.279764
-0.200847
-0.152437
0.011129
0.067550
0.082366
0.277161
0.425247
0.143976
0.225715
0.246723
0.101896
-0.165522
-0.070705
-0.348398
-0.352166
-0.208670
-0.237344
-0.047684
0.049605
-0.039980
-0.027905
0.002913
-0.128446
-0.286592
-0.285615
-0.568523
-0.584276
-0.625532
-0.607499
-0.307165
-0.023054
0.017245
0.268569
0.474006
0.570735
0.560482
0.732201
0.731822
0.599214
0.586026
0.554193
0.660390
0.713798
0.770584
0.524035
0.434641
0.130866
-0.371996
-0.704026
-0.865686
-1.077797
-0.739716
-0.471110
-0.349187
-0.360325
-0.357065
-0.586917
-0.565074
-0.409968
-0.145497
0.020847
0.239836
0.192426
0.506247
0.369618
0.497371
0.474215
0.517204
0.265140
0.323310
0.469398
0.001130
-0.262347
-0.133478
-0.329331
-0.343726
-0.355175
0.057923
0.116007
0.165397
0.357554
-0.925626
-0.922553
-1.146283
-1.019541
-1.335384
0.314854
0.462686
0.536923
0.646598
0.595878
0.401878
0.241847
0.061399
0.308986
0.204644
0.234156
-0.067360
-0.177848
-0.333188
-0.376695
-0.165064
0.171950
0.389361
0.448154
0.470827
0.649947
0.390705
0.298215
0.271254
0.471340
-0.104357
-0.173473
-0.219471
-0.539206
-0.711089
-0.495666
-0.443481
-0.244468
-0.395482
-0.615221
-0.304427
-0.415886
-0.377519
-0.199686
-0.076144
-0.430413
-0.413200
-0.591692
-0.710692
-0.460023
-0.370963
-0.161976
0.031025
0.303313
0.436314
0.578634
0.942412
1.131656
1.115188
1.000445
0.956764
0.771278
0.433913
0.309803
0.360058
0.335717
0.272297
0.047969
-0.040927
-0.376052
-0.567087
-0.401288
-0.280719
-0.379333
-0.304843
-0.232128
-0.391015
-0.507376
-0.307900
-0.309556
-0.470466
-0.746657
-0.665131
-0.554743
-0.507565
0.020149
0.219087
0.319706
0.284874
0.404104
0.259609
0.158261
0.419021
0.531146
0.410482
0.286011
0.296633
0.151399
-0.091369
-0.126234
0.009685
0.062825
0.095963
0.277970
0.459216
0.452456
0.616428
0.724677
0.771108
0.839397
0.848171
0.905303
1.006742
0.559321
0.743751
0.223694
-0.256933
-0.795542
-0.743838
-1.473017
-1.371189
-1.266084
-1.215542
-1.172882
-0.905482
-0.730837
-0.526267
-0.460268
-0.235945
-0.115032
-0.289406
-0.563351
-0.601570
-0.635467
-0.697779
-0.539303
-0.260001
-0.235994
-0.233199
-0.162275
-0.144392
-0.228364
-0.230018
-0.013786
0.129630
0.481537
0.654264
0.797224
0.578637
0.211964
-0.028794
-0.161693
-0.028265
0.125618
0.400504
0.382051
0.197741
0.247039
-0.108826
-0.415580
-0.868343
-0.854008
-0.986495
-0.735999
-0.405831
0.150865
0.343255
0.196640
0.407887
0.594240
0.498656
0.451549
1.080385
0.885167
0.426304
0.246611
0.341713
-0.250444
-0.567593
-0.365019
-0.409457
-0.401765
-0.395467
-0.157972
-0.332114
-0.284436
-0.278479
-0.098967
0.130402
0.507669
0.481440
0.453101
0.097537
-0.063813
-0.441525
-0.332183
-0.386591
-0.277292
-0.153986
0.109746
0.500598
0.812699
1.086284
0.863757
0.612730
0.321212
-0.178553
-0.520773
-0.788186
-0.866392
-0.893637
-0.710061
-0.449976
-0.049952
-0.173419
0.172397
0.136511
0.065183
-0.111372
0.068971
-0.115683
-0.078130
-0.125889
-0.156304
0.188553
0.288192
0.336553
0.694838
0.826812
0.645173
0.260216
0.031542
-0.594888
-0.570769
-0.709791
-0.872709
-0.500181
-0.062323
-0.096137
0.175545
0.314790
0.428134
0.212424
0.128875
0.208032
0.509315
0.516685
0.552506
0.667017
0.374879
0.169407
0.011384
0.026712
0.185494
0.075540
-0.015196
-0.191064
-0.105257
-0.437627
-0.895385
-0.846135
-0.877381
-1.083986
-1.006769
-0.423133
-0.205765
-0.281651
-0.234808
-0.031235
0.105452
0.077715
0.287450
0.668475
0.897778
0.762198
0.526721
0.413489
-0.036853
-0.442309
-0.458881
-0.136574
-0.121470
-0.070054
-0.141499
0.079913
0.023607
-0.215307
0.043708
0.143722
0.133458
-0.220640
-0.131258
0.062018
0.097082
-0.017218
0.219420
0.682261
0.720978
0.661576
0.900577
0.761731
0.662633
0.374292
0.462346
-0.096820
-0.208087
-0.560108
-0.790837
-0.936396
-0.761659
-0.618117
-0.294462
-0.283130
-0.232128
-0.038640
0.180011
0.536399
0.612000
0.903822
0.665409
0.345851
-0.379075
-0.417786
-0.581513
-0.456286
-0.215624
-0.266224
-0.439751
-0.481429
-0.513009
-0.379829
-0.245059
0.036925
0.033685
-0.024876
-0.168410
-0.041470
0.114413
0.027650
0.029057
0.038991
0.038508
0.134803
-0.019776
0.561188
1.035368
0.889440
0.735269
0.607018
0.116619
-0.635209
-0.751932
-1.022804
-0.809694
-0.693209
-0.669445
-0.108367
0.305201
0.506219
0.513317
0.579721
0.076912
-0.221548
-0.420392
-0.422690
-0.258046
0.269527
0.297858
0.594002
0.643541
0.580121
0.371194
0.451163
0.425872
0.300172
0.307556
0.282481
-0.006508
-0.073547
-0.346801
-0.325919
-0.344128
-0.254318
-0.461495
-0.748939
-0.829210
-1.194328
-1.366855
-0.896995
-0.465513
-0.198309
0.214075
0.778598
0.704654
0.628072
0.499247
0.304123
0.029846
-0.273715
-0.127914
-0.110985
-0.386798
-0.238725
0.003027
-0.061779
-0.130252
0.181713
0.205330
-0.086066
0.255080
0.094081
0.003883
0.041202
-0.151431
-0.344863
-0.120483
0.132602
0.060236
0.300044
0.448243
0.364608
0.425696
0.372799
0.485860
0.209778
0.095452
0.068261
0.118145
0.266593
0.458772
0.410566
0.258215
-0.026198
-0.399838
-0.700795
-0.654965
-0.340169
-0.423093
-0.029623
0.024902
0.186887
-0.078034
0.060489
-0.211688
-0.183654
0.005115
-0.217404
-0.354055
-0.537729
-0.559950
-0.686351
-0.633749
-0.380517
-0.174539
-0.164719
-0.073729
0.180095
0.192266
0.166960
0.183756
0.382860
0.311546
0.545041
0.677548
0.965328
0.718783
0.701478
0.684325
0.454845
-0.019871
-0.228316
-0.387237
-0.447540
-0.260502
0.401849
0.467334
0.550201
0.346742
0.251472
0.005647
-0.291765
-0.422762
-0.582524
-0.930526
-0.755952
-0.622016
-0.360388
-0.132716
0.375804
0.061518
0.096053
-0.373353
-0.517710
-0.276888
-0.358955
-0.327651
0.072115
0.137244
-0.114938
-0.165650
-0.207746
-0.329825
-0.477560
-0.300652
-0.377790
-0.307798
-0.160154
0.149485
0.179275
0.509302
0.724099
0.724250
0.805221
0.641901
0.578584
0.622867
0.407976
0.286407
-0.018190
-0.244112
-0.662542
-0.726953
-1.074762
-0.937166
-0.727746
-0.411741
-0.375060
-0.136889
-0.280140
-0.329351
-0.517986
-0.464892
-0.256640
-0.126432
0.067592
0.218557
0.889161
1.167339
1.398177
1.445556
1.512750
1.171855
0.763927
0.558051
0.324060
0.260166
0.373396
0.437916
0.500218
0.526210
0.571295
-0.086433
-0.560271
-0.649058
-0.641731
-0.841874
-0.482456
-0.023122
0.005045
-0.181068
0.144975
0.356461
-0.057325
-0.200666
-0.240776
-0.308877
-0.493153
-0.134827
-0.280396
-0.324650
-0.530658
-0.614815
-0.444717
0.067791
0.244801
0.571839
0.866696
0.682758
0.235855
0.086012
-0.295858
-0.674851
-0.590736
-0.399149
0.196568
0.666523
0.700388
0.597421
0.699404
0.558876
0.293549
0.447444
0.583856
0.436577
0.066214
-0.114379
-0.281916
-0.493023
-0.619224
-0.462773
-0.528584
-0.649468
-0.799739
-0.903541
-0.589455
-0.437715
-0.307987
-0.367595
0.119328
-0.122875
-0.044864
0.306011
0.716801
0.788576
0.731902
0.734942
0.440112
0.183338
-0.140805
-0.111088
0.100198
0.264101
0.209064
0.272645
0.236377
-0.086364
-0.422686
-0.440322
-0.541210
-0.787365
-0.598104
-0.270281
0.282048
0.733648
0.819399
0.307725
-0.111853
-0.486293
-0.751835
-0.525393
-0.348588
0.079489
0.375749
0.449962
0.445184
0.872612
0.838695
0.696344
0.579547
0.527659
0.104792
-0.176963
-0.428019
-0.635683
-1.060876
-1.159256
-0.868427
-0.666579
-0.531863
-0.033181
0.250989
0.275832
0.140989
0.035333
-0.171501
-0.130039
0.019213
0.168577
0.373518
0.499893
0.343161
0.136965
0.288809
0.405146
0.428727
0.589954
0.779123
0.350118
-0.201900
-0.709699
-0.994293
-1.483146
-1.415504
-1.315374
-1.020254
-0.666649
-0.379926
-0.179197
0.270385
0.192742
0.197835
0.407194
0.532024
0.599926
1.003190
0.958675
0.570206
0.267753
0.190855
0.132210
0.097208
0.332833
0.629383
0.380260
0.258313
0.250873
0.409398
0.285574
0.373549
0.290476
0.318924
-0.165781
-0.114122
-0.166771
-0.269678
-0.394362
-0.149410
-0.399435
-0.699556
-0.301887
-0.228075
-0.529091
-0.425425
-0.207760
-0.452319
-0.322998
-0.195255
-0.123274
0.136273
0.273961
0.002357
0.301364
0.159655
0.264975
0.031638
0.026411
-0.093555
0.198018
-0.073431
-0.075034
0.176764
0.304057
-0.034325
-0.049467
-0.016233
-0.104235
-0.120453
0.177991
0.353466
0.694718
0.479550
0.090086
-0.194476
-0.372540
-0.701042
-0.777377
-0.703248
-0.702040
-0.629248
-0.414447
-0.008863
0.283478
0.412244
0.507905
0.235215
-0.125522
-0.227135
-0.307763
-0.040647
0.211465
0.664006
0.821924
0.963884
0.419652
0.392558
0.152866
0.076441
0.047364
0.191489
-0.048912
-0.279823
-0.493082
-0.751828
-1.004869
-0.954619
-0.902147
-0.765833
-0.669316
0.142111
0.688673
0.974432
1.127522
1.270359
0.448377
-0.340347
-0.754863
-0.984431
-1.242872
-0.976575
-0.604448
0.034509
0.416194
0.800915
0.827466
0.808631
0.581903
0.251900
0.115800
0.347385
0.383871
0.415409
0.677130
0.746751
0.594254
0.334543
0.000998
-0.368239
-0.485464
-0.759884
-0.683049
-0.305808
-0.167766
-0.209055
-0.148466
-0.011858
-0.178442
-0.416521
-0.490167
-0.494849
-0.573563
-0.683341
-0.686429
-0.297215
0.047260
0.292349
0.493166
0.462538
0.003892
-0.225051
-0.330811
-0.522713
-0.201394
0.175587
0.183909
0.263896
0.507576
0.572232
0.363792
0.500375
0.513890
0.308683
0.306706
0.401901
0.150804
-0.005825
-0.040230
-0.114771
-0.247588
-0.140665
-0.128436
0.016097
0.070542
0.296908
0.613930
0.511100
0.222164
-0.066189
-0.397771
-0.766037
-0.812821
-0.756835
-0.765347
-0.731712
-0.874592
-1.047745
-0.967914
-0.831536
-0.401831
0.113239
0.768876
0.857205
0.956974
0.691551
0.626449
0.499252
0.617782
0.661983
0.547320
0.383708
0.209999
-0.044648
-0.318556
0.107522
-0.071248
-0.160614
0.039222
0.077932
-0.427928
-0.426705
-0.393234
-0.331774
-0.209500
0.170727
0.430365
0.488784
0.320201
0.529735
0.385152
0.187772
0.140296
0.013008
-0.316100
-0.239516
0.106750
0.036160
0.048175
0.395814
0.466218
0.050704
0.003823
0.455679
0.425834
0.090275
0.231635
0.224204
-0.379552
-0.776729
-0.951544
-0.956271
-0.830553
-0.410756
0.004527
0.294485
0.259983
0.201679
0.282827
0.115045
-0.056857
0.064467
0.221640
0.067549
-0.023815
0.164502
-0.213862
-0.526474
-0.822269
-0.987583
-1.138737
-1.043905
-0.363961
0.198974
0.613643
0.897640
1.192729
1.004023
0.825785
0.507042
0.322860
0.065171
0.025159
-0.180536
0.252289
0.381695
0.599762
0.446605
0.591483
0.239597
0.231032
0.277811
0.366732
0.114704
-0.189960
-0.355832
-0.359412
-0.494568
-0.308008
-0.076601
0.061694
0.190010
0.171235
-0.056393
-0.115974
-0.398231
-0.530145
-0.561130
-0.733063
-0.823673
-0.737639
-0.768991
-0.833156
-0.556326
-0.342987
0.080765
0.441278
0.686372
1.029768
0.997344
1.117760
0.699585
0.574456
0.113616
-0.115523
-0.277965
-0.297788
-0.342158
-0.074908
0.128942
0.299860
0.165118
0.196024
-0.126349
-0.414957
-0.832158
-1.137830
-1.048949
-0.825161
-0.447627
-0.505158
-0.064796
-0.026276
-0.353024
0.322050
0.711151
0.798163
0.802292
1.250166
0.970950
0.760043
0.643414
0.516376
0.319298
0.043608
-0.330572
-0.002445
-0.275671
-0.327117
-0.307680
0.024381
-0.704331
-0.604356
-0.505403
-0.728462
-0.809923
-0.628406
-0.606317
-0.438762
-0.210269
0.016818
0.742436
0.955066
1.348692
1.291333
0.867869
0.108757
-0.026725
-0.583005
-0.742449
-0.643541
-0.335105
-0.212428
-0.112829
-0.088864
0.269705
0.196732
0.546114
1.056366
0.886564
0.194578
-0.040595
-0.558152
-1.157676
-0.925014
-0.397778
-0.385997
-0.323278
-0.230776
-0.011108
0.174466
0.414898
1.366373
1.733704
1.428140
1.114132
1.003699
-0.097467
-0.587793
-0.472133
-0.484351
-0.764530
-0.921597
-0.978878
-0.684165
-0.557382
-0.075297
0.068449
0.060388
-0.310823
-0.356449
-0.077389
0.030061
0.189221
0.167664
0.081851
-0.245522
-0.346785
-0.224045
-0.337310
-0.493379
-0.223971
0.098511
-0.031082
0.134118
0.254398
-0.329054
-0.756899
-0.362737
-0.308694
0.250956
0.395143
0.579470
0.452458
0.474317
0.408096
0.501563
0.465825
0.245485
-0.005720
-0.344565
-0.245119
-0.102436
0.161930
0.629261
0.881757
0.861952
1.152124
0.995643
0.706898
0.455237
0.425006
-0.114601
-0.368681
-0.578992
-0.736744
-0.848604
-0.748868
-0.833263
-0.761731
-0.709572
-0.655505
-0.520171
-0.580550
-0.289138
-0.201686
-0.336458
-0.421850
-0.321148
-0.582046
-0.655574
-0.657896
-0.665984
-0.143932
0.129491
0.230141
0.555100
0.589428
0.471736
0.390374
0.417997
0.455453
0.507354
0.389624
0.195177
0.281502
0.222196
0.354533
0.414301
0.664761
0.597781
0.704045
0.841190
0.692529
0.483564
0.352873
-0.074002
-0.467410
-0.654768
-0.599490
-0.732756
-0.530893
-0.590722
-0.649855
-0.851870
-0.767390
-0.671586
-0.436193
-0.313973
-0.197943
-0.244588
-0.525710
-0.668173
-0.523739
-0.165571
0.104699
0.392368
0.514058
0.666890
0.757166
0.669595
0.717068
0.760816
0.584514
0.360117
0.296114
0.174266
0.113493
-0.015920
-0.339054
-0.384048
-0.614233
-0.791190
-0.684230
-0.472258
-0.535838
-0.397472
-0.325180
-0.448176
-0.572594
-0.586257
-0.592762
-0.578616
-0.320864
-0.047729
0.270324
0.518829
0.491732
0.507601
0.242630
0.227837
-0.063280
-0.051208
-0.059139
-0.059900
-0.095750
-0.105776
0.151290
0.132806
0.094786
0.086574
0.107107
0.127754
-0.115210
-0.094270
-0.069891
-0.085604
-0.127235
-0.150955
0.083223
0.046196
0.044766
0.057107
0.080982
0.095366
-0.122178
-0.119596
-0.112209
-0.116604
-0.093286
-0.089570
0.158068
0.159005
0.140695
0.121617
0.088285
0.090590
-0.188414
-0.195369
-0.176253
-0.188238
-0.201553
-0.217017
0.033130
0.006866
-0.000800
-0.007793
-0.031044
-0.027572
-0.046413
0.203978
0.200916
0.450932
0.421269
0.113581
0.119536
0.119526
-0.133847
-0.093800
-0.091476
-0.091809
-0.109773
-0.154968
-0.175062
0.135257
0.157661
0.178194
0.533242
0.565869
0.254179
0.279337
-0.033479
-0.000338
-0.322263
-0.307160
-0.321687
-0.333385
-0.374061
-0.423765
-0.104319
-0.108131
-0.125557
-0.119192
0.226114
0.212906
-0.163329
-0.183557
-0.150325
-0.475070
-0.498001
-0.181245
0.152716
0.088983
0.374391
0.378056
0.120824
0.161398
0.163901
0.180048
0.180988
0.442061
0.450272
0.204416
0.230368
0.257380
0.016973
-0.003487
-0.017308
-0.007059
-0.292707
-0.295057
-0.257019
-0.258737
-0.254605
-0.207833
0.097794
0.091248
0.150671
0.148885
0.132150
0.131675
-0.147123
-0.202092
-0.200563
-0.186817
-0.216577
-0.237535
0.044141
0.044915
0.023990
0.049661
0.100611
0.097398
-0.123251
-0.088116
-0.068454
-0.080118
-0.061623
-0.087057
0.144271
0.119304
0.343104
0.329271
0.321129
0.347962
0.077408
-0.175087
-0.191623
-0.224905
-0.270908
-0.291928
-0.033371
-0.024844
-0.002318
-0.001069
0.248477
0.239783
0.002977
0.025459
0.084354
-0.096141
-0.088466
-0.094066
0.138045
0.095262
0.074543
0.097730
0.115373
0.142988
-0.079019
-0.074349
-0.295572
-0.304202
-0.288468
-0.312085
-0.066843
0.168147
0.161034
0.149388
0.142031
0.120790
-0.141442
-0.143583
-0.139092
-0.114088
-0.073134
-0.060060
0.223317
0.229639
0.227292
0.209829
0.203398
0.199368
-0.031226
-0.004414
-0.005090
0.008937
0.010302
-0.005167
-0.025058
-0.262012
-0.291217
-0.296869
-0.325542
-0.070904
-0.055099
-0.023564
-0.007814
0.014217
0.048552
0.033675
0.276445
0.270097
0.271710
0.019463
0.028564
0.066518
-0.184459
-0.188322
0.021387
0.008967
-0.312743
-0.333539
-0.105290
-0.113848
-0.134711
0.126259
0.096189
0.153666
-0.058122
-0.014675
0.042115
0.107910
0.091416
0.056734
0.303470
0.293104
0.270909
0.274088
0.269458
0.255898
-0.016029
-0.033252
-0.328396
-0.355364
-0.355264
-0.362050
-0.116861
0.140011
0.139917
0.157133
0.147954
-0.062539
-0.285099
-0.250856
-0.219673
-0.194084
-0.180503
-0.172396
0.173874
0.228800
0.240128
0.535699
0.511035
0.512277
0.143623
0.103342
-0.228882
-0.260852
-0.238298
-0.239857
-0.212245
-0.183176
-0.170404
-0.567325
-0.590464
-0.244625
-0.266000
-0.237071
0.313551
0.347903
-0.010090
-0.015438
0.469977
0.460573
0.481644
0.568885
0.599288
0.753768
0.273041
0.279763
0.187390
0.169033
-0.480262
-0.544911
-0.556531
-0.546260
-0.615076
-0.675011
-0.670949
-0.673467
-0.668997
-0.616995
0.140009
0.188711
0.183454
0.214224
0.205020
0.205056
0.185473
0.756969
0.703897
1.383198
0.656492
0.618724
-0.018987
-0.077843
-0.745583
-0.763482
-0.798164
-0.771422
-0.715914
-0.036631
-0.014403
0.673430
0.696060
0.707877
0.029742
0.110684
-0.498821
-0.469243
0.284276
1.011974
0.968229
0.978963
0.959371
0.254694
-0.406682
-0.381002
-0.376888
-0.393202
-0.463060
-0.519493
-0.562856
-0.607984
-0.590470
-0.542603
-0.541166
-0.547250
-0.503634
-0.524146
-0.565940
-0.558175
0.011019
-0.039869
0.461209
0.971705
0.916478
0.282474
0.286738
0.352300
-0.151599
-0.122251
-0.040837
-0.010110
-0.011773
-0.032521
0.498681
0.981717
0.939553
0.930586
0.930413
0.410579
-0.090523
-0.079113
-0.070296
-0.038727
-0.065979
-0.044499
-0.037350
-0.614431
-0.613740
-0.637384
-0.654815
-0.662129
-0.580947
-0.541668
-0.415360
-0.376545
0.265560
0.170558
0.100927
0.023048
0.035459
-0.540068
-0.421262
-0.302921
-0.231493
-0.236922
0.300522
0.228338
0.179710
0.110504
0.753621
0.860413
0.812523
0.764333
0.721963
0.675510
-0.042196
-0.022773
-0.033289
-0.011700
0.020038
0.005484
0.017156
0.036398
0.048195
-0.609302
-0.570009
0.006076
-0.009110
-0.029142
-0.029343
-0.012469
-0.584233
-0.528344
-0.487259
-0.496293
-0.526781
-0.456210
-0.494919
0.141253
0.196638
0.263822
0.240014
0.249559
0.182157
0.065549
0.551468
1.027181
0.935132
0.296993
0.303309
-0.253335
-0.852474
-0.860203
-0.340620
-0.307259
0.147088
0.210265
0.250446
0.211545
0.219747
0.255607
0.294993
0.776721
0.389745
0.436612
0.017471
0.016403
-0.396500
-0.431582
-0.451445
-0.483297
-0.496853
-0.534493
-0.544525
-0.526809
-0.546864
-0.564988
-0.065224
-0.060384
-0.044541
-0.003032
0.492891
0.473985
0.529432
0.504972
0.498617
0.416285
-0.043837
-0.109863
0.215991
0.183689
0.068101
0.059180
0.092521
-0.218003
-0.200928
-0.182075
-0.152620
0.072243
0.010438
-0.033666
-0.052314
-0.076989
-0.094578
-0.083872
0.204544
0.188173
0.180868
-0.069127
-0.064239
-0.053442
-0.315710
-0.312263
-0.001986
0.017426
-0.012795
-0.029413
0.210701
0.164628
0.133222
0.129554
0.153136
0.169764
-0.059483
-0.030718
0.015970
0.009390
-0.031516
-0.055960
0.171062
0.132068
0.102478
0.125207
0.127168
0.133716
-0.099758
-0.066527
-0.329924
-0.314397
-0.299394
-0.304624
-0.074506
0.197133
0.141788
0.140703
0.149596
0.145918
-0.072096
-0.003963
-0.001584
-0.003084
-0.212818
-0.215663
0.005655
-0.004788
-0.022503
0.201368
0.166288
0.159508
-0.081882
-0.089449
-0.100884
-0.076094
-0.052628
-0.079440
0.172872
0.181622
0.158137
0.138044
0.148793
0.135947
-0.127605
-0.150347
-0.148549
-0.141691
-0.144404
-0.130687
0.145747
0.153408
0.111777
0.139286
0.150153
0.137449
-0.112691
-0.078027
-0.126846
-0.156113
-0.158151
-0.178871
0.066339
0.110151
0.080285
0.071441
0.076084
0.072012
-0.173461
-0.132288
-0.080866
-0.077301
-0.080400
-0.104620
0.153114
0.138436
0.097550
0.090368
0.051609
0.018728
-0.287460
-0.291816
-0.319287
-0.076861
-0.046801
-0.041612
0.200770
0.200732
-0.110736
-0.132927
-0.261888
-0.208728
-0.152620
0.215112
0.198036
0.526709
0.487182
0.444469
0.444469
0.474734
-0.045297
-0.041480
-0.668629
-0.692857
-0.752594
-0.225480
-0.139274
0.479387
0.511791
0.535627
0.577154
0.504379
-0.737291
-0.588427
-0.483637
-0.419619
-0.397342
0.818302
0.500482
0.182209
0.046738
-0.150224
-0.106915
0.073139
0.207571
0.374400
0.534855
0.727597
0.681407
0.696111
0.604436
0.602459
0.539110
0.524791
0.572071
0.533170
0.238678
-0.170697
-0.570663
-0.538429
-0.868855
-0.909626
-0.448113
-0.174316
-0.264979
-0.140902
0.019848
-0.418471
-0.537460
-0.426432
-0.287746
-0.144320
0.018669
0.187582
0.397954
0.289729
0.453300
0.411843
0.416818
0.103710
0.161062
-0.267642
-0.390850
-0.326203
-0.120021
0.078897
0.570753
0.745979
0.539933
0.041016
0.069976
-0.049894
-0.166788
-0.036968
0.083986
-0.091659
-0.538442
-0.767042
-0.680839
-0.625850
-0.704283
-0.598485
-0.190324
-0.221128
-0.272711
0.178298
0.217750
0.229068
0.052795
0.155664
-0.203473
-0.066860
-0.033792
0.373111
0.671099
0.997554
1.174878
1.305622
0.986051
1.096446
0.757367
0.597723
0.326633
0.163668
-0.307241
-0.627673
-0.666647
-0.703119
-0.807751
-0.851360
-0.810198
-0.691350
-0.684900
-0.441749
0.069407
0.609084
0.500953
0.511412
0.805448
0.640965
0.488865
0.383559
0.310591
0.088685
-0.291309
-0.630315
-0.759374
-0.918285
-0.804488
-0.876892
-0.812608
-0.666917
-0.432194
-0.209651
0.160216
0.397004
0.417326
0.381920
0.094968
-0.074836
-0.016641
0.155745
0.456908
0.729279
0.634211
0.461333
0.284617
0.148830
-0.328852
-0.352949
-0.194024
-0.124403
0.204700
0.238517
0.559671
0.595249
0.598841
0.391467
0.292321
0.274362
0.196732
0.247392
-0.148659
-0.116631
-0.097450
-0.273766
-0.203519
0.094233
0.139258
0.104408
0.170352
0.461004
0.363705
0.431634
0.367652
-1.046338
-1.286635
-1.317781
-1.100101
-0.940201
0.538747
0.329056
0.367259
0.363455
0.216468
0.239020
0.495528
-0.011025
-0.036722
0.010341
0.080682
-0.005150
0.553635
0.570213
0.140393
0.125268
0.081174
0.054536
-0.300123
0.099058
0.106890
-0.176855
-0.132199
0.184938
-0.073643
-0.049644
0.010030
0.014504
-0.225222
-0.178414
-0.167493
-0.164813
-0.154321
-0.182050
0.099318
0.109095
0.114577
0.100204
0.138106
0.089102
-0.190247
-0.192015
-0.174050
-0.174534
-0.151998
-0.143235
0.110217
0.103293
0.091494
0.135530
0.161216
0.193181
-0.027103
0.005326
-0.003432
-0.028353
-0.036025
-0.062225
0.163082
0.139358
0.115380
-0.130973
-0.120819
-0.103085
-0.353411
-0.335712
-0.070817
-0.072350
-0.044035
-0.042431
0.256828
0.286551
0.285080
0.306671
0.301934
0.024784
-0.257456
-0.242770
-0.201458
-0.170803
0.129925
0.148292
0.448834
0.426646
0.392079
0.084317
0.050713
-0.239937
-0.546418
-0.519844
-0.484421
-0.465422
-0.100152
-0.105018
-0.131592
-0.172112
-0.174291
-0.205232
-0.181067
0.156226
0.214092
0.240731
0.235882
0.214237
-0.099788
-0.145416
0.142900
0.144581
0.134394
0.415203
0.394927
0.345446
-0.011728
-0.027841
-0.022502
-0.030816
-0.028049
-0.038101
-0.061508
-0.383265
-0.378522
-0.354225
-0.319858
-0.007390
0.036433
0.061652
0.027149
0.029438
0.052250
0.040028
0.273191
0.261348
0.255629
0.003991
0.017166
0.079417
-0.157344
-0.159117
0.041616
0.012654
-0.005818
-0.042337
0.218543
0.245825
0.248203
-0.043114
-0.052915
-0.065452
-0.349199
-0.366925
-0.070916
-0.052019
-0.050530
-0.039488
0.230123
0.195614
0.207299
0.229080
0.245808
0.013743
-0.219960
-0.203970
-0.448164
-0.451679
-0.163139
-0.152534
0.074538
0.295310
0.271401
0.256082
0.228395
0.220365
-0.029519
-0.023863
-0.031778
-0.033624
-0.283110
-0.295669
-0.024700
-0.040812
-0.065176
0.163665
0.168098
0.143195
-0.131668
-0.124055
-0.067260
-0.062852
-0.055192
-0.040340
0.206524
0.157908
0.146477
0.141540
0.084337
0.076242
-0.163985
-0.167012
-0.181550
-0.139198
-0.160673
-0.188630
0.057055
0.067477
0.067071
0.113056
0.133487
0.164923
-0.058543
-0.039270
-0.047241
-0.018532
-0.044909
-0.059612
0.179625
0.189371
0.154787
0.138807
0.119310
0.103582
-0.165423
-0.164077
-0.131013
-0.118373
-0.138248
-0.141382
0.104801
0.081777
0.069457
0.074771
0.089749
0.103767
-0.137673
-0.138521
-0.117321
-0.108975
-0.108237
-0.108983
0.114158
0.086291
0.057340
0.036569
0.027867
0.033910
-0.181052
-0.173326
-0.138131
0.090536
0.124581
0.108421
0.354071
0.331805
0.082888
0.052412
0.056358
0.073565
-0.195263
-0.217111
-0.229508
-0.267684
-0.296577
-0.296965
-0.028775
-0.023836
0.217029
0.247019
0.245705
0.251781
-0.008867
-0.255743
-0.282843
-0.041051
0.007251
0.003952
0.296048
0.307714
-0.016317
-0.047279
0.210505
0.228396
-0.139567
-0.147887
-0.188374
-0.543697
-0.598096
-0.295625
0.061436
0.095129
-0.041514
-0.003601
0.016644
0.039632
0.015321
0.482737
0.566653
0.596376
0.600633
0.618808
0.684096
0.632065
0.591471
0.585846
0.507752
0.459430
-0.455759
-1.347895
-1.506854
-1.549100
-1.402264
-1.560151
-0.665863
-0.535328
-0.412820
-0.486450
0.510855
0.611584
0.616581
0.581092
0.568648
0.572715
0.623240
0.508164
0.636350
0.790956
0.817175
0.725977
0.609480
0.336221
-0.089899
-0.315108
-0.410586
-0.469671
-0.175176
-0.024184
0.406311
0.643232
0.971165
1.112391
-0.503494
-0.781826
-1.012619
-1.151335
-1.279886
0.209835
0.155016
-0.019504
0.008590
-0.183425
-0.203611
0.089995
0.398882
0.972161
1.022670
1.140003
0.981733
0.702013
0.236792
-0.257401
-0.308750
-0.339865
-0.741016
-0.836623
-0.732062
-0.553017
-0.655747
-0.196145
0.760292
1.392763
1.488448
1.401324
1.476640
0.455244
-0.129376
-0.094728
-0.038413
0.079753
0.130364
0.341343
0.249369
0.200361
0.045468
-0.343293
-0.260006
-0.364530
-0.388023
-0.322143
-0.188052
0.103166
-0.183396
-0.273269
-0.415618
-0.277205
-0.530011
-0.197819
0.459358
1.031507
1.040770
0.796209
0.505744
0.170537
-0.462945
-0.533342
-0.564420
-0.600643
-0.604406
-0.461302
0.035979
0.601110
1.012090
1.411305
1.440410
0.965210
0.353034
-0.112088
-0.548860
-0.678911
-0.467201
-0.280185
-0.164160
-0.354938
-0.474429
-0.677562
-0.880536
-0.422295
-0.325753
-0.194236
-0.032512
0.257094
0.063067
0.052606
0.068963
-0.105862
-0.193004
-0.368952
-0.228301
0.252133
0.568614
0.806128
1.225700
1.305496
0.837054
0.433428
0.125129
-0.347693
-0.873189
-1.185145
-1.184062
-0.936403
-1.024483
-0.825966
-0.293774
-0.315846
-0.255676
0.140611
0.250870
0.089713
0.347805
0.391834
0.304756
0.366164
0.271033
0.209337
0.040175
-0.203846
-0.330648
-0.493850
-0.222060
-0.151912
0.038559
0.531944
0.840697
0.049868
0.014005
-0.027430
-0.261550
-0.401584
0.427975
0.209636
0.179611
0.044647
0.207307
0.273343
0.495431
0.528473
0.481033
0.361238
0.251941
0.203128
0.230155
-0.149470
-0.283054
-0.822355
-1.010772
-0.806801
-0.337588
0.006880
0.159944
0.102482
-0.067176
-0.333440
-0.467435
-0.410900
-0.255563
-0.486004
-0.222288
-0.098155
0.051573
0.353849
0.730532
0.801492
0.869874
0.947125
0.531377
0.162316
0.081283
-0.060166
-0.261657
-0.318289
-0.079378
-0.186946
-0.469902
-0.561004
-0.397773
-0.617638
-0.178941
0.132850
0.214361
0.186712
0.291047
0.027170
-0.289371
-0.493788
-0.514380
-0.605885
-0.419580
-0.045304
0.294332
0.379757
0.663211
0.437462
0.228823
-0.071703
-0.115019
-0.563292
-0.717797
-0.642891
-0.347988
-0.017462
0.734667
1.077668
1.266662
1.244860
1.026991
0.871088
0.452046
-0.061359
-0.207205
-0.354489
-1.004207
-0.958679
-0.602002
-0.469101
-0.570808
-0.371487
-0.496979
-0.483445
-0.485694
-0.162086
0.031594
0.342058
0.216938
0.369528
0.160442
-0.029694
0.136436
0.473136
0.265189
0.605842
0.686134
0.565756
0.226009
0.133858
0.154492
0.341724
0.136751
-0.009279
0.115997
-0.171319
-0.464617
-0.326750
-0.172146
-0.145543
-0.259497
-0.219738
-0.130846
-0.175895
0.170726
0.420282
0.500383
0.233987
0.080522
-0.271491
-0.629003
-0.761839
-0.903850
-0.921194
-1.068241
-0.996267
-0.682487
-0.392017
0.219561
0.736360
1.164222
1.289703
1.500470
1.250313
0.914229
0.686530
0.449817
0.130768
0.110670
0.065701
0.045753
0.126431
0.194179
0.338416
-0.946802
-0.895518
-0.955288
-0.879812
-0.990900
0.311705
0.308394
0.336819
0.397906
0.426354
0.479476
0.523465
0.612522
0.735846
-0.140759
-0.076255
-0.046596
-0.108625
-0.277333
0.573290
0.475148
0.372653
0.357982
0.425124
-0.068510
-0.011890
-0.388896
-0.800670
-0.756791
-0.690396
-0.628916
-0.146203
0.358787
0.340420
0.352283
0.343679
-0.118163
-0.192042
-0.672607
-0.238400
-0.217866
-0.200148
-0.179171
-0.194190
-0.219745
-0.280620
-0.298376
-0.301148
0.120515
0.093704
0.054062
0.424903
0.418212
0.391376
0.410020
0.400151
0.461298
0.500689
0.116038
0.137446
0.190244
0.172415
0.112347
0.503484
0.470353
0.058089
0.063459
-0.306836
-0.316950
-0.323447
-0.249086
-0.234714
-0.153218
-0.120865
-0.374350
-0.339251
-0.326803
-0.031009
-0.010774
0.002610
0.307270
0.288675
0.029581
0.048667
0.036670
0.066189
-0.188201
-0.178640
-0.203630
0.078846
0.052322
0.029463
0.306540
0.317886
0.035382
0.031765
0.006890
0.004426
-0.302165
-0.318216
-0.304037
-0.290928
-0.305742
-0.332317
-0.077260
-0.130848
-0.168661
-0.132560
0.167335
0.215603
0.221542
0.499076
0.493735
0.463382
0.464810
0.135760
0.157203
0.117903
0.127447
0.072929
0.042596
0.046129
-0.317574
-0.667041
-0.654667
-0.314713
-0.296162
0.082607
0.482623
0.535777
0.268452
0.260920
0.228175
0.192446
-0.129210
-0.105250
-0.066812
-0.317303
-0.289294
-0.009184
0.265337
0.216193
0.230289
0.268934
0.042493
0.066122
-0.163948
-0.152857
-0.219163
-0.235300
-0.240511
-0.256517
0.008058
0.051515
0.068178
0.045157
0.052347
0.064625
-0.155065
-0.108854
-0.081740
-0.041616
-0.039678
-0.076350
0.132167
0.142009
0.102105
0.108171
0.111959
0.096281
-0.145071
-0.126496
-0.126091
-0.130609
-0.099262
-0.092572
0.165014
0.164636
0.163901
0.141989
0.121510
0.088719
-0.158558
-0.149217
-0.124095
-0.133749
-0.101288
-0.139284
0.069363
0.042846
0.026335
0.019322
-0.008433
-0.008650
-0.030294
-0.058467
-0.070077
-0.080875
-0.072349
-0.341677
-0.036295
-0.020256
-0.056295
-0.056275
-0.096559
-0.111062
-0.166802
0.110333
0.101191
0.390564
0.357775
0.349889
0.383231
0.384845
0.076934
0.127048
-0.190091
-0.217863
-0.239267
0.067564
0.083797
0.457874
0.499102
0.216768
0.264373
0.242430
-0.066333
-0.049946
-0.020769
0.031393
-0.249030
-0.242241
-0.256865
-0.250003
-0.301146
-0.295458
-0.006953
0.005477
0.036690
0.073544
0.078354
0.080139
-0.176543
-0.181579
-0.187694
-0.189162
-0.191324
-0.227444
0.050960
0.048759
0.029525
0.031769
-0.015904
-0.044436
-0.097883
0.152986
0.171050
0.147476
0.211552
-0.214917
-0.177559
-0.184274
0.167082
0.141645
-0.034346
-0.083669
-0.164009
-0.220063
-0.268111
0.346666
0.360253
0.337873
0.561390
0.779532
0.790451
0.826975
0.820455
0.643132
0.436177
0.420003
0.508086
0.515339
0.452520
0.250077
0.249745
0.193085
0.062984
0.249184
-1.246091
-1.117701
-1.206271
-1.080566
-1.023899
0.589906
0.460167
0.328077
0.219306
-0.059998
0.024994
0.324747
0.395733
0.934244
0.808132
0.541265
-0.103273
-0.381045
-0.680679
-0.636354
-0.464716
-0.235127
0.031810
0.104512
0.089385
0.254530
0.307793
-0.072070
-0.235738
0.061178
0.376608
0.430612
0.820887
0.762629
0.541129
0.153656
-0.078177
-0.052631
-0.294624
-0.536013
-0.445880
-0.517364
-0.393764
-0.298254
-0.010016
-0.201166
-0.082413
-0.101744
-0.039848
-0.099698
-0.319213
-0.443667
-0.675950
-0.713746
-0.501548
-0.311948
0.367070
0.861356
1.036372
1.051372
1.118886
0.953001
0.524161
0.518764
0.530410
0.439124
0.433397
0.316578
0.262721
0.016787
-0.265384
-0.331718
-0.372537
-0.469864
-0.740370
-0.766119
-0.857364
-0.842742
-0.676366
-0.785552
-0.550063
-0.787650
-0.693304
-0.479162
-0.066341
0.309137
0.401639
0.564211
0.343473
0.263150
0.155759
0.005086
-0.022263
0.006687
0.059117
0.151376
-0.002026
0.090298
-0.143022
-0.281193
-0.000175
0.343596
0.168183
0.393031
0.693865
0.325223
0.168953
0.126826
0.009002
0.028828
-0.072410
0.125742
0.207352
0.274902
0.484096
0.246640
0.069504
-0.060151
-0.147972
-0.533646
-0.510042
-0.367245
-0.630877
-0.891735
-0.736097
-0.760696
-0.883941
-0.795723
-0.156843
0.078503
0.421201
0.311820
0.601944
0.696859
0.409691
0.278581
0.560623
0.826085
0.818437
0.608288
0.802642
0.900325
0.598166
0.122408
-0.046951
-0.253220
-0.532460
-0.655414
-0.364958
-0.130596
-0.153092
-0.078104
0.196699
0.200501
0.289347
0.264734
0.230355
0.374840
-0.005369
-0.089295
-0.061210
-0.054397
-0.371908
-0.274624
-0.059919
0.082878
0.022871
0.176577
0.272201
0.172879
0.151594
0.393567
0.616486
0.729618
0.979887
0.997049
1.103004
1.039259
1.098876
1.103926
1.312705
1.484965
0.794407
0.168415
0.292604
-0.428513
-1.215789
-1.049627
-0.937386
-1.633713
-1.429055
-1.247190
-1.170043
-0.984746
-0.832160
-0.729770
-0.701058
-0.584461
-0.482350
-0.393311
-0.283237
-0.114555
0.031406
-0.070705
-0.082743
-0.121408
-0.199664
-0.335921
-0.270042
-0.336208
-0.255868
-0.227428
-0.154202
-0.138295
-0.088114
-0.004655
0.049933
-0.020490
-0.003159
0.021424
-0.238114
-0.396113
-0.531786
-0.678906
-0.911813
-1.029744
-1.083173
-1.106141
-1.218960
-1.231188
-0.682115
-0.167127
-0.251430
0.261134
0.700665
0.531066
0.381026
0.833658
0.720943
0.626110
0.534146
0.481788
0.403697
0.341676
0.361014
0.352392
0.316244
0.335332
0.355252
0.336222
0.330176
0.430045
0.481337
0.553255
0.645057
0.754277
0.832192
0.921647
0.593307
0.156370
-0.275648
-0.796481
-1.291611
-1.331333
-1.377015
-1.292309
-1.220199
-1.147336
-1.154572
-0.986727
-0.827350
-0.713152
-0.380339
-0.093541
0.041877
0.037255
0.187901
0.032367
-0.050381
-0.101083
-0.046570
-0.035139
0.070369
0.271880
0.150437
-0.149487
-0.244471
-0.286255
-0.539729
-0.813235
-0.745762
-0.964214
-0.600574
-0.306011
0.454162
0.953441
0.975043
0.393070
0.260170
0.080780
-0.291035
0.011957
0.274692
0.204590
-0.026613
0.178565
0.352660
0.208647
0.178976
0.289866
0.267803
-0.076973
-0.134567
0.120973
0.093083
-0.078391
0.212780
0.412558
-0.075392
-0.202387
-0.360863
-0.853968
-1.022018
-0.726584
-0.445581
0.022719
0.324692
0.212405
-0.003697
-0.220745
-0.209532
0.004573
-0.042168
-0.067488
-0.117164
-0.633624
-0.806897
-0.495790
-0.494025
-0.379682
-0.041593
-0.063571
-0.105530
-0.278471
-0.011713
0.233934
0.302933
0.630548
1.099525
0.838075
0.687654
0.704043
0.074505
0.017960
-0.087974
-0.427352
-0.443259
-0.214142
-0.539596
-0.215046
0.184200
0.150497
-0.002768
0.287549
0.126686
0.014309
0.269551
0.447850
0.391963
0.314932
0.076198
0.056693
0.149738
0.365275
0.300445
0.367697
-0.104958
-0.245088
-0.534922
-0.597039
-0.537303
-0.427671
-0.207769
0.097102
0.424015
0.613885
0.869887
0.941002
1.012191
0.982788
0.849434
0.629506
0.401805
-0.057800
-0.418472
-0.466836
-0.560995
-0.700437
-0.700720
-0.700681
-0.730777
-0.749873
-0.638836
-0.448123
-0.553225
-0.876357
-0.608239
-0.337856
-0.214669
0.378975
0.843957
0.693762
0.345437
0.296844
0.108587
-0.317482
0.044147
0.451319
0.388059
0.218290
0.602404
0.256328
-0.176892
-0.360091
-0.179113
-0.375795
-0.434126
-0.341378
0.084846
0.394759
0.394856
0.934062
1.123654
1.064960
0.713557
0.829924
0.151218
0.064280
-0.132905
-0.421016
-0.517778
-0.408194
-0.929163
-1.390364
-1.479970
-0.969570
-0.746945
-0.110611
0.068099
0.263925
-0.490066
-0.508043
-0.970096
-0.523785
-0.320365
1.382450
2.636852
4.299530
5.187241
6.823973
