9.757310
9.757310
9.733271
7.818440
4.676232
1.516937
-1.642359
-4.777615
-6.022080
-6.039167
-5.432667
-4.885603
-4.592143
-3.380163
-2.482689
-1.840724
-1.239102
-0.208077
-0.094562
0.252080
0.402024
0.537004
0.544734
0.443520
0.413047
0.494611
0.384688
0.497726
0.290310
0.262694
0.010321
-0.038074
-0.157834
-0.000783
0.250770
0.253921
0.467715
0.629609
0.732000
0.495506
0.492198
0.344455
0.042970
-0.374425
-0.727922
-1.040831
-0.908687
-0.916158
-0.667351
-0.013097
0.189082
0.083928
-0.068537
0.183873
0.096317
0.288516
0.549108
0.613315
0.576655
0.191968
-0.111307
-0.352113
-0.353850
-0.353538
-0.175527
-0.009166
-0.089587
0.026799
-0.030083
0.027128
0.320287
0.379450
0.437468
0.440952
0.453664
0.314000
0.436823
0.558144
0.659392
0.716794
0.788182
0.770571
0.756961
0.364039
0.032223
0.120958
-0.206234
-0.551790
-0.519286
-0.104009
-0.142597
-0.103360
-0.076667
0.017481
-0.332856
-0.703532
-0.619721
-0.509921
-0.435526
-0.343073
0.022613
-0.008471
-0.059259
-0.056809
-0.054413
-0.361415
-0.323890
-0.292395
-0.344699
-0.384207
-0.383691
-0.397529
-0.494935
-0.546144
-0.597103
-0.385823
-0.141312
0.155029
0.428155
0.742274
0.754974
0.730086
0.728582
0.702253
0.652279
0.632052
0.627335
0.585929
0.290790
-0.112366
-0.486134
-0.827003
-1.140697
-1.194801
-1.086861
-0.735186
-0.459196
-0.184855
0.090712
0.345891
0.310427
0.328235
0.420466
0.425219
0.394485
0.376135
0.364664
0.310430
0.353436
0.394431
0.431252
0.450494
0.459454
0.473963
0.623058
0.668085
0.752212
0.841515
0.941420
0.963790
1.088247
0.662785
0.213870
-0.117850
-0.683639
-1.240591
-1.289870
-1.224642
-1.283647
-1.020366
-0.828799
-0.619237
-0.448580
-0.397566
-0.480713
-0.536086
-0.636064
-0.600833
-0.534580
-0.413066
-0.228249
0.031814
0.033530
-0.088444
-0.212403
-0.139802
-0.107368
-0.108137
-0.027438
0.266285
0.132581
0.154172
0.178788
0.217465
-0.184031
-0.273647
-0.613206
-0.687448
-0.648893
-0.456118
-0.240095
1.395830
1.204452
1.285013
1.300974
0.861900
-0.695892
-0.663300
-0.966700
-1.027489
-0.759342
-0.891114
-0.886868
-0.845351
-0.897839
-0.321603
0.427212
0.545274
1.298097
1.499656
1.740465
1.291920
1.403622
1.097982
1.083744
0.335775
0.389387
0.282095
-0.118148
-0.484349
0.100524
-0.507462
-0.917534
-1.226785
-1.400737
-2.210173
-1.901048
-1.505330
-1.337257
-0.994099
-0.899186
-0.583475
-0.678843
-0.351540
1.158375
1.246660
1.048782
1.313098
1.296265
-0.206958
-0.152937
0.007661
0.019255
0.304787
0.610474
0.832756
0.883660
0.804706
0.506709
0.350619
0.179182
0.219819
0.065492
0.173542
0.274561
0.411446
0.233619
0.098472
-0.166796
-0.120790
-0.117052
-0.138074
0.163008
0.244715
0.225231
-0.146192
-0.253611
-0.346699
-0.314739
-0.753353
-0.506218
-0.365069
-0.346241
-0.326073
-0.466855
-0.790796
-0.821078
-0.759161
-0.675165
-0.366887
1.839301
1.690179
1.648149
1.200993
0.900907
-1.337158
-1.414104
-1.667125
-1.511785
-0.967101
-0.625206
-0.189696
0.015134
0.137573
-0.007384
-0.029831
-0.239409
-0.036894
0.154950
0.230929
0.111325
0.232417
0.134985
0.209659
0.185190
0.274332
0.208988
0.152062
-0.038271
-0.180145
-0.360934
-0.479531
-0.617029
-0.661592
-0.656740
-0.657065
-0.636670
-0.582187
-0.586640
-0.550351
-0.490967
0.080985
-0.004340
0.489167
0.429727
0.853407
0.674718
0.768875
0.293432
0.712293
0.334421
-0.097936
-0.118940
-0.165062
-0.537525
-0.255973
-0.256816
0.059701
0.384816
0.345316
0.083864
0.147168
0.125843
-0.173083
-0.147390
0.065254
0.034695
-0.211657
-0.205067
0.070148
-0.194336
-0.232676
-0.026906
-0.093102
-0.135111
-0.167705
-0.170480
-0.185844
-0.180613
-0.200229
0.038118
0.263020
0.235691
0.248388
0.253091
0.265454
0.275722
0.281780
0.265524
0.266640
-0.016231
-0.029547
-0.304886
-0.079010
-0.114305
0.175029
0.197229
0.242610
0.290781
0.052841
-0.237875
-0.176506
-0.213682
-0.438707
-0.384686
-0.034272
-0.000737
0.068727
0.353155
0.656063
0.401504
0.106060
0.092796
0.125570
-0.207755
0.105934
0.096343
0.127184
-0.169431
-0.189851
-0.175125
-0.216110
-0.200412
-0.207115
-0.137083
-0.454706
-0.361159
0.032657
0.062208
0.090041
0.104840
0.075640
-0.282116
-0.282328
-0.279300
-0.325872
-0.339476
-0.358850
-0.434061
-0.480380
-0.509716
-0.110908
0.234442
0.156485
0.565416
0.434639
-0.079589
-0.620070
-0.663456
-1.227155
-1.308163
-0.864042
-0.416683
-0.011084
0.383813
0.908656
0.806266
0.719191
0.688074
0.681974
0.614601
0.638201
0.642447
0.640231
0.594676
0.513506
0.368663
0.267548
0.121239
0.181441
0.101212
0.128985
0.203513
0.213691
0.068284
0.008962
0.002582
-0.262549
-0.439683
-0.376075
-0.281819
-0.219245
-0.083529
0.416034
0.603625
0.441367
0.172241
0.058047
-0.349162
-0.740799
-0.720069
-0.588084
-0.552961
-0.390083
-0.257366
0.037671
0.248450
0.350999
0.500773
0.428621
0.165991
0.125016
0.329543
0.169115
0.362816
0.677229
0.620104
0.209803
-0.013279
-0.330579
-0.613020
-0.889560
-0.494403
-0.441519
-0.356081
-0.497992
-0.460107
-0.580454
-0.372167
-0.203691
0.000946
0.192015
0.330682
0.280090
0.432404
0.461574
0.456064
0.201100
0.027753
-0.076086
-0.241920
-0.163069
-0.019844
0.164302
0.092790
0.403528
0.739722
0.448554
0.418834
0.249055
0.086561
-0.051736
0.236089
0.267332
0.418211
0.183291
-0.476306
-1.087452
-1.195810
-1.392272
-1.307227
-1.295500
-0.909850
-0.734330
-0.504642
0.015690
0.738906
0.890102
0.925355
1.054021
0.976079
0.647964
0.796557
0.764737
0.490765
0.239893
0.028451
-0.092776
-0.150455
-0.151954
-0.076671
-0.225209
-0.177969
-0.426183
-0.498374
-0.710116
-0.449957
-0.499807
-0.257062
0.040735
0.362992
0.376311
0.449325
0.521610
0.806973
0.717899
0.894121
0.607761
0.316582
-0.219695
-0.256250
-0.403047
-0.283258
-0.448434
-0.457528
-0.784530
-0.366262
-0.312358
-0.029863
0.228646
0.132698
-0.325483
-0.431705
-0.374731
-0.523189
-0.235266
0.038633
0.106412
0.264695
0.494262
0.756074
0.677683
0.677233
0.869666
0.656801
0.553602
0.552322
0.381755
0.213635
0.061280
-0.164663
-0.537650
-0.493048
-0.702081
-0.700729
-0.699198
-0.476604
-0.037654
0.189235
0.295043
0.343444
0.151256
-0.044754
-0.225365
-0.139650
-0.133666
0.022525
0.130357
0.113160
0.199194
0.377419
0.369664
0.208056
-0.099193
-0.485732
-0.936819
-1.230555
-1.399871
-1.288725
-1.159293
-0.825801
-0.460843
-0.147121
-0.033229
-0.048598
0.044968
0.707000
0.660774
0.822184
1.107468
1.033459
0.510339
0.505404
0.400041
0.192249
-0.037180
0.030096
-0.085527
-0.166694
-0.163133
-0.076777
-0.140529
-0.197089
-0.326058
-0.173253
-0.173904
-0.393817
-0.288916
0.193710
0.310670
0.701183
0.906700
1.074724
1.083330
0.638439
0.775622
0.407928
0.157575
-0.141310
-0.156918
-0.672952
-0.723313
-0.771656
-0.802719
-0.519421
-0.531083
-0.269963
-0.146820
-0.021958
0.709769
1.456555
1.141115
1.066849
0.924306
0.119808
-0.567464
-0.311582
-0.932511
-1.578785
-1.487399
-1.921243
-1.996684
-1.284554
-0.616494
-0.552973
-0.582013
-0.333378
-0.470922
-0.655204
-0.663030
-0.554635
-0.283415
0.546864
0.718560
0.560954
1.000460
0.500970
-0.405946
0.159412
0.297779
0.340372
0.393867
0.262422
-0.247471
-0.484154
-0.806354
-0.959822
-0.494008
-0.489566
-0.486425
0.182528
0.409458
0.276153
0.487806
0.725704
0.178829
-0.146187
-0.078737
-0.231554
-0.434395
-0.409693
-0.261890
-0.170688
-0.199623
-0.063163
0.473859
0.713725
0.712655
0.613074
0.481102
-0.154302
-0.441796
-0.711132
-0.316439
0.340448
0.451206
0.725187
0.867006
0.501029
0.057326
-0.073361
-0.079292
-0.003512
-0.074320
-0.459514
-0.400792
-1.199324
-1.325825
-1.178223
-0.881170
-0.547815
0.307271
0.338711
0.359845
0.466432
0.316146
0.443649
0.645486
0.774846
0.707834
0.677379
0.215120
-0.324630
-0.661823
-0.664811
-0.527067
-0.216879
0.067081
0.407679
0.420919
0.526620
0.167665
-0.036640
-0.332613
-0.631471
-0.745677
-0.412504
-0.308252
-0.337797
-0.133439
-0.236910
-0.438141
-0.415806
-0.410406
-0.494163
-0.123752
0.171353
0.350530
0.656930
0.966494
0.839112
0.845096
0.895715
0.736505
0.668113
0.294587
0.035714
-0.160204
-0.121134
-0.044884
0.126279
0.021526
-0.135525
-0.325272
-0.458304
-0.626744
-0.365804
-0.289341
-0.242172
-0.357252
-0.482089
-0.322226
-0.138025
0.206744
0.587279
0.756181
0.638455
0.567264
0.270124
-0.115096
-0.080717
-0.280892
-0.184113
0.231234
0.383028
0.511701
0.645775
0.556900
0.298556
0.019552
-0.318988
-0.483576
-0.612671
-0.859014
-0.812529
-0.813854
-1.014890
-1.159781
-1.273974
-1.327241
-0.884101
-0.430912
1.395338
1.761926
2.116682
1.903401
1.679074
0.005246
-0.150423
-0.222639
-0.068427
-0.013711
0.068859
-0.001750
-0.184427
-0.309773
-0.234446
0.102281
0.128942
0.236528
0.237566
0.365105
0.278818
0.437671
0.410361
0.377980
0.040999
-0.413259
-0.761080
-0.635504
-0.504079
0.143301
0.120838
0.170553
-0.108428
-0.271753
-1.050020
-1.074052
-0.938544
-0.887074
-0.969938
-0.810571
-0.544217
-0.462171
-0.421440
0.150221
0.761237
0.771860
0.910671
0.917707
0.490946
-0.046646
-0.126103
-0.140829
-0.012671
0.082335
0.216560
0.523323
0.658528
0.406929
0.502177
0.523188
0.218111
-0.424381
-0.609337
-0.769210
-1.122098
-1.048657
-0.882328
-0.365535
-0.357044
-0.308002
-0.290230
-0.346862
0.045504
0.124340
0.438649
0.390231
0.680790
0.215759
0.100298
0.173326
0.407335
0.465304
0.536498
0.527649
0.382901
0.048301
-0.200146
-0.289200
-0.247910
-0.161415
0.195116
0.234959
0.042948
-0.089324
0.071751
-0.304775
-0.350721
-0.357659
-0.390789
-0.490686
-0.556715
-0.135832
0.093720
0.235222
0.180335
0.568176
0.661485
0.455311
0.339155
0.225373
0.044418
-0.380857
-0.325889
-0.257876
-0.164213
0.096403
0.369323
0.365706
0.307961
0.256529
0.053509
-0.310022
-0.402446
0.085524
0.276346
0.459758
0.625800
0.794340
0.233065
-0.061297
-0.090649
-0.390693
-0.715934
-0.725876
-0.964377
-1.029470
-0.640994
-0.230117
-0.164624
0.033867
-0.166914
-0.351133
-0.537819
-0.552736
-0.030524
0.327878
0.597766
0.771709
1.036118
0.584475
0.464843
0.438581
0.475091
0.164346
0.328232
0.038656
-0.020238
-0.266091
-0.233899
-0.200688
-0.220447
-0.230343
0.016597
0.079745
-0.101740
0.130596
0.019177
-0.088039
0.050871
0.003484
-0.183895
-0.018932
0.048278
0.366990
0.151534
0.091456
-0.166033
-0.461473
-0.979056
-0.635957
-0.501427
-0.390001
-0.209513
0.017829
-0.149078
-0.113147
0.041040
0.513117
0.812967
0.823182
0.689327
0.463660
-0.231453
-0.682005
-0.516125
-0.081129
-0.140456
-0.084590
-0.191127
0.040095
-0.026780
0.051079
0.738888
0.460052
0.206678
-0.072500
-0.038716
-0.319572
0.075230
0.152619
0.058982
0.010632
-0.250995
-0.331743
-0.034903
0.051955
0.404087
0.366428
0.205128
-0.455597
-0.532779
-0.873125
-0.815342
-0.644423
-0.364029
-0.256866
0.113222
0.166127
0.318146
0.248421
0.363527
0.605456
0.824721
1.012226
0.838936
1.061934
0.874317
0.696470
0.397268
0.652557
0.383748
-0.047643
-0.213166
-0.300022
-0.613868
-0.194287
-0.441162
-0.521432
-0.456592
-0.438361
-0.976720
-0.601925
-0.592946
-0.671385
-0.515235
-0.337453
-0.465179
-0.358660
-0.466932
-0.058197
0.067361
0.284488
0.448686
0.639558
0.360609
0.017504
-0.290522
-0.559071
-0.336986
-0.225545
0.076034
0.309121
0.509740
0.568354
0.733674
0.496826
0.342902
0.322857
0.129409
-0.145951
-0.245978
-0.144675
-0.131356
-0.212905
-0.321837
-0.326076
-0.315876
-0.758363
-0.384600
-0.139858
0.236198
0.421204
0.682430
0.384360
-0.015651
-0.370538
-0.678234
-0.557289
-0.324703
0.116955
0.673959
0.909358
0.970221
0.887437
0.867985
0.513244
0.370324
0.375844
0.308997
0.093636
0.012090
-0.113893
-0.253215
-0.336743
-0.407063
-0.240815
-0.026396
0.521315
0.607085
0.706500
0.555960
0.116204
-0.315954
-0.751705
-0.974536
-1.277592
-1.114835
-1.120083
-0.980768
-0.912738
-0.948279
-0.608773
-0.469995
0.054733
0.437822
1.006176
1.130830
0.993637
0.752214
0.472250
0.213690
0.053206
0.064055
0.103989
0.294589
0.287447
0.720282
0.762063
0.460093
0.067104
-0.102777
-0.730393
-0.654237
-0.391082
-0.062126
0.212782
0.384309
0.209215
-0.075700
0.011742
0.160399
0.141949
0.203097
0.399986
0.026577
-0.415598
-0.401160
-0.212752
-0.138783
-0.161392
-0.234798
-0.370018
-0.721456
-0.700140
-0.424257
-0.007817
-0.070864
0.213255
0.156150
0.242354
0.292286
0.456709
0.495239
0.469140
0.202315
0.070142
0.058140
0.138157
-0.042507
0.248816
-0.033133
-0.154391
-0.616959
-0.555539
-0.701253
-0.251873
-0.264748
-0.204312
-0.211319
-0.064592
-0.223073
0.164610
0.361130
0.617890
0.588425
0.520811
0.150373
0.191123
0.150144
-0.024450
-0.125135
0.113164
-0.002730
-0.132459
-0.282932
-0.104349
-0.163871
-0.226216
-0.024395
0.148496
-0.109364
-0.281337
-0.286101
-0.387456
-0.612611
-0.047762
-0.039534
-0.088902
-0.213718
0.249168
-0.187750
0.088345
0.631103
0.556641
0.112222
0.175047
-0.162366
-0.040024
0.113005
0.242960
0.162410
0.148618
-0.590871
-0.528583
-0.193929
-0.072933
0.130349
0.476280
0.530484
0.299953
0.372203
0.336234
0.211541
0.011925
-0.055297
-0.520067
-0.859973
-0.735279
-0.587442
-0.728938
-0.665992
-0.048774
-0.250655
-0.001529
0.427117
0.916594
0.828719
1.046079
0.743992
0.566518
0.334185
0.266892
-0.212868
-0.268727
-0.396632
-0.373219
-0.506296
-0.447704
-0.547738
-0.712374
-0.575879
-0.389419
0.128329
0.319398
0.597981
0.503638
0.260564
0.237469
0.254685
0.463698
1.169931
1.297242
1.233048
0.888386
0.446445
-0.363155
-0.611803
-0.903549
-0.815048
-0.541700
-0.398498
-0.285779
-0.113803
-0.040613
-0.009860
-0.258409
-0.339623
-0.278988
-0.273128
-0.168766
-0.024416
0.190911
0.138173
0.388089
0.396074
0.651046
0.796275
0.601616
0.323408
0.386145
0.229597
-0.030133
-0.079419
0.033923
-0.283964
-0.448929
-0.514123
-0.528676
-0.575092
-0.468715
-0.270018
-0.205460
-0.026683
0.388552
0.415132
0.311588
0.382524
0.470083
0.405153
0.188736
0.374530
0.183065
-0.155254
-0.557059
-0.637926
-0.890635
-0.863989
-0.038000
0.646614
0.830517
1.024808
1.027018
0.501756
-0.154057
-0.148273
-0.274262
-0.299085
-0.506379
-0.659427
-0.678874
-0.755939
-0.709558
-0.244752
-0.109665
-0.151528
0.056434
0.211968
0.001161
0.165162
-0.012729
-0.173271
-0.053233
0.026883
-0.301529
-0.353139
-0.405686
-0.208085
-0.289879
-0.022388
0.261241
0.571007
0.422061
0.493194
0.622294
0.830371
0.498372
0.451272
0.277264
0.605445
0.393920
0.451018
0.517276
0.470942
-0.028302
-0.001605
0.071831
-0.179919
-0.351255
-0.568805
-0.849460
-1.018999
-1.222255
-1.170660
-0.697818
-0.323674
0.016249
0.461298
0.599950
0.330234
0.375061
0.345934
0.274593
0.476719
0.436323
0.226328
0.021064
-0.145082
-0.325574
-0.064266
0.368068
0.797357
0.577165
0.544145
0.382242
-0.132474
-0.957691
-1.070829
-0.954633
-0.966471
-0.883342
-0.553941
-0.068207
0.057564
0.139703
0.644505
0.581021
0.375518
0.328414
0.256720
0.043167
0.149253
0.304333
0.016452
0.052477
-0.087740
-0.202509
-0.392027
-0.520729
-0.285240
-0.322444
-0.039437
0.385906
0.796241
0.420049
0.345645
0.476071
0.315479
0.019201
0.010590
-0.079527
-0.419574
-0.751043
-0.701686
0.216112
0.700721
0.841425
1.095509
1.246776
0.374819
-0.108358
-0.075275
-0.182123
-0.451315
-0.597143
-0.747892
-0.807593
-0.886400
-0.544595
-0.261312
-0.089370
-0.297065
-0.419717
-1.054596
-1.283408
-1.207901
-1.095014
-0.914995
-0.041532
0.182047
0.455372
0.721157
0.881623
0.605421
0.454125
0.252934
0.202489
0.653164
0.741331
0.853136
0.865608
0.754581
0.040644
-0.050695
0.275067
0.667790
0.423697
0.796997
0.514052
0.026797
-0.456653
-0.319590
-0.475902
-0.443457
-0.216944
-0.072149
-0.014012
0.108865
0.174283
-0.067418
-0.421960
-0.139276
-0.316832
-0.164097
-0.143315
-0.021974
-0.180246
-0.188041
-0.154091
-0.089012
-0.048715
-0.013723
0.244431
0.545659
0.758489
1.101977
0.871114
0.215131
-0.052888
-0.382993
-0.736188
-0.657157
-0.268712
-0.878123
-0.838660
-0.385824
-0.443214
-0.459683
0.142077
0.337704
0.338093
0.326958
0.489333
0.533727
0.331033
-0.268818
-0.159611
-0.137727
-0.263147
-0.096034
0.261831
0.329079
0.311916
0.276097
0.190838
0.054799
0.073319
-0.236683
-0.378748
-0.538878
-0.692452
-0.953347
-0.618423
-0.557553
-0.272136
-0.051760
0.283896
0.308932
0.585421
0.810635
0.611016
0.267924
0.084818
-0.059486
-0.321175
-0.233846
-0.027645
-0.087780
-0.298847
-0.511147
-0.357779
-0.277483
-0.176272
0.210124
0.404117
0.298037
0.089389
0.007893
-0.012272
0.160887
0.478728
0.794650
1.003248
0.827550
0.659339
0.677561
0.404771
0.212604
0.208331
0.189198
-0.494842
-0.421306
-0.125864
0.111902
-0.134743
-0.220676
-0.453210
-0.846401
-1.118070
-0.860047
-0.340079
-0.035239
0.042445
0.024402
-0.163891
-0.496005
-0.692821
-0.590395
-0.517943
-0.252760
0.126504
0.432579
0.395632
0.433409
0.636070
0.641917
0.687858
0.894636
0.988587
0.578556
0.510659
0.088800
-0.248059
-0.460708
-0.242626
-0.244795
-0.261960
-0.275043
-0.367011
-0.622904
-0.786379
-0.725692
-0.759063
-0.734088
-0.570007
-0.463475
-0.419572
-0.223452
0.034177
0.209139
0.397236
0.626417
0.761960
0.990301
1.034476
0.925177
0.902713
0.840900
0.729679
0.249140
0.262059
0.179189
-0.097322
-0.516436
-0.358102
-0.445352
-0.544694
-0.461099
-0.606010
-0.794876
-1.086371
-1.107608
-0.915850
-0.469501
-0.119678
0.249127
0.430241
0.562148
0.349397
0.149166
0.065569
-0.055350
-0.184533
-0.067370
0.411997
0.838444
0.745783
0.462643
0.431960
0.113856
-0.177360
-0.182550
-0.318931
-0.470729
-0.429518
-0.721575
-1.097283
-0.802494
-0.456743
-0.310579
-0.188318
0.215286
0.267318
0.140570
0.022377
0.200499
0.314367
0.276915
0.393461
0.192965
0.056354
0.041788
0.124426
0.419071
0.687846
0.490474
0.559654
0.559982
0.246162
0.159920
0.126592
-0.040397
-0.242613
-0.579538
-0.473231
-0.435166
-0.269973
0.075127
0.515694
0.631301
0.810927
0.798325
0.709265
0.317240
0.008432
-0.095029
-0.168631
-0.519510
-0.270541
-0.292277
-0.396732
-0.604294
-0.530619
-0.624228
-0.767012
-0.833828
-0.798865
-0.793591
-0.907396
-0.598941
-0.292370
0.083501
0.310621
0.406394
0.467547
0.563490
0.698399
0.657530
0.652097
0.371611
0.078578
-0.168978
0.060402
-0.023811
0.173729
0.472903
0.484183
0.260586
0.374468
0.238673
0.233796
0.305975
0.119419
-0.034511
-0.153240
-0.440569
-0.774325
-0.786345
-0.719409
-0.649255
-0.678240
-0.386649
-0.139282
0.115199
0.333010
0.791896
0.938085
0.818690
0.698146
0.563332
0.200712
-0.235262
-0.461600
-0.713142
-0.716111
-0.666799
-0.588484
-0.526940
-0.669998
-0.575136
-0.302664
0.008267
0.109567
0.606577
0.597246
0.440460
0.538082
0.876161
0.936605
0.988319
0.899590
0.540016
0.241537
0.043046
0.044546
-0.314422
-0.657081
-0.613194
-0.860927
-1.201489
-0.854114
-0.769985
-0.726867
-0.590145
-0.354673
-0.287325
0.125317
0.375699
0.696267
1.024080
0.980738
0.950074
0.766991
0.381740
0.174114
-0.111117
-0.168832
-0.287586
-0.534190
-0.605495
-0.295295
-0.150155
-0.233897
0.182756
0.411064
0.136496
0.329840
0.624344
0.598516
0.268983
0.092122
-0.283138
-0.447896
-0.645534
-0.454243
0.000902
0.158191
0.329929
0.806933
0.681473
0.548835
0.331129
-0.224529
-0.661819
-0.986163
-0.870360
-0.809580
-0.597499
-0.451811
0.256503
0.370234
0.376901
0.495158
0.519769
0.062022
0.043818
-0.236188
-0.064537
-0.181614
-0.218990
-0.425708
-0.417883
-0.471406
-0.571396
-0.553867
-0.619001
0.080328
0.266752
0.512641
0.559441
0.764740
0.303010
0.160120
-0.348011
-0.147747
-0.408280
-0.150221
-0.045139
0.475330
0.287113
0.718818
0.747553
0.525487
0.469464
0.714103
0.531897
0.489433
0.258133
0.263088
0.075595
-0.145447
-0.304197
-0.290421
-0.192383
-0.290506
-0.176630
-0.324632
-0.517219
-1.001801
-1.159676
-1.179944
-1.127646
-0.668284
-0.243646
0.054584
0.211407
0.113728
-0.111428
0.069063
0.163909
0.454522
0.644276
0.880884
0.785710
0.457245
0.226779
0.134223
-0.106642
-0.294596
-0.185140
-0.501410
-0.591189
-0.622936
-0.323840
0.103118
0.682588
0.910565
1.137626
0.769317
0.321256
-0.254069
-0.514039
-0.749028
-0.889391
-1.068312
-0.799685
-0.621997
-0.478364
-0.146609
0.345240
0.340604
1.037109
0.978610
0.944495
0.625361
0.416355
-0.091302
-0.038595
-0.086125
-0.039566
0.387505
0.294077
0.213709
0.147478
0.051767
-0.146854
-0.224682
-0.986078
-0.951941
-0.840958
-1.027926
-1.240489
-0.325803
-0.413379
-0.652218
-1.145309
-0.375247
0.264809
0.584791
1.150524
2.268925
1.790682
1.454700
1.641876
1.381246
1.061423
0.904333
0.452945
0.170247
0.192011
-0.249703
-0.478295
-0.756614
-1.255956
-1.296313
-1.029571
-0.775781
-0.684815
-0.145677
-0.223506
-0.206910
-0.114649
0.567112
0.579912
0.699301
0.952936
0.917526
0.510158
0.152522
-0.164707
-0.364294
-0.399002
-0.465931
-0.413541
-0.153955
-0.444432
-0.952398
-0.371092
-0.210030
-0.312183
-0.138360
0.246554
-0.446223
-0.634065
-0.638374
-0.594236
-0.319755
0.081688
0.528014
0.640446
0.760227
0.813667
0.539044
0.322336
0.429444
0.501692
0.210353
0.163920
0.088694
-0.176484
-0.673153
-0.487222
-0.549167
-0.660577
-0.435230
-0.181963
-0.271876
-0.156685
0.248446
0.382324
0.397695
0.399268
0.306558
-0.011244
-0.109972
0.055252
0.127557
0.225118
0.389574
0.191954
0.243575
0.391128
0.495657
0.673091
0.394580
0.146897
-0.613938
-1.284277
-1.710883
-1.555695
-1.399731
-0.706530
-0.093586
0.054010
0.184945
0.115104
0.236354
0.844760
0.809092
0.743139
0.675185
0.284154
-0.543048
-0.782345
-0.729111
-0.794167
-0.509137
-0.209438
0.282529
0.795729
0.640841
0.170415
0.224028
0.072910
-0.245503
-0.069574
0.320697
0.187204
0.561043
0.343944
0.291301
0.399430
0.442402
-0.025011
-0.004281
0.169251
0.174849
0.344943
0.091980
-0.113882
-0.185821
-0.248304
-0.524236
-0.344661
-0.073475
-0.099976
-0.252349
-0.467249
-0.667039
-0.797456
-0.577489
-0.406908
-0.012395
0.430301
0.747148
0.353952
0.237176
0.166854
0.021515
-0.098743
-0.016477
0.174260
0.126128
0.151700
-0.085675
0.174728
0.100365
0.062061
0.144252
0.483697
0.565621
0.361413
0.410269
0.225633
0.004622
-0.238651
-0.107347
0.200946
0.439973
0.675726
0.602430
0.385481
-0.197657
-0.528607
-0.912746
-0.853173
-0.857061
-0.710375
-0.489813
-0.358996
-0.330225
-0.104316
-0.185942
-0.405688
-0.187766
-0.046815
-0.031615
0.317682
0.612508
0.573889
0.552730
0.323296
0.121569
0.046013
-0.264203
-0.659285
-0.573816
-0.411528
-0.164682
0.165824
0.305407
0.132978
0.097393
-0.277981
-0.217650
-0.142531
0.228195
0.263133
0.455590
0.434742
0.485065
0.551093
0.636452
0.756290
0.577140
0.581090
0.383443
0.188331
-0.246169
-0.539494
-0.625557
-0.859800
-0.448266
-0.346390
-0.036800
0.190524
0.287258
-0.069788
0.140089
-0.194300
-0.452269
-0.477267
-0.750634
-0.948143
-0.726032
-0.516785
-0.215924
0.064705
0.119753
0.209347
0.140386
0.383448
0.548509
0.846073
1.195431
1.327972
1.070950
0.712134
0.214267
-0.407861
-0.547652
-0.756447
-0.735400
-0.672662
-0.321409
-0.362898
-0.270451
-0.125460
-0.129723
-0.003830
0.021217
0.051328
0.261461
0.676852
0.483544
0.400813
0.381081
0.244339
0.288611
0.334564
0.361650
0.254723
-0.181540
-0.866314
-1.151719
-1.377006
-1.288965
-0.634331
-0.073217
0.233893
0.591603
0.390243
0.013597
-0.155485
-0.297649
-0.339844
-0.024173
0.221413
0.414539
0.394315
0.421636
0.350269
0.427017
0.289092
0.332428
0.443331
0.571531
0.542408
0.539119
0.721403
0.393207
-0.169482
-0.571893
-0.721577
-1.005650
-0.861990
-0.741847
-0.681168
-0.472830
-0.243611
-0.227200
0.171840
0.302120
0.209144
0.371486
0.696200
0.508578
0.627621
0.493698
0.329499
-0.097159
-0.216664
-0.501008
-0.469240
-0.571630
-0.395967
-0.366983
-0.282068
0.055712
0.161047
-0.063942
-0.007386
0.109863
-0.106172
-0.169673
0.303045
0.429966
0.299663
0.017333
-0.255653
-0.806776
-0.733168
-0.344081
-0.171660
0.092256
0.355659
0.284498
-0.050308
0.197530
0.253041
0.447964
0.515332
0.481996
0.370875
0.422158
0.147568
0.327235
0.691064
0.487122
0.210259
0.328398
-0.096041
-0.531452
-0.512532
-0.590706
-0.816838
-0.762354
-0.737250
-0.620630
-0.499981
-0.157606
0.169379
0.368467
0.211041
0.249932
-0.019524
-0.512621
-0.552027
-0.572455
-0.578151
-0.205864
0.300766
0.148327
0.442747
0.564951
0.582169
0.229082
0.206713
-0.090396
0.034846
-0.288475
-0.158189
0.141833
0.468351
0.393360
0.757352
0.788000
0.590080
0.513616
0.400138
0.423648
0.006129
-0.110774
-0.273693
-0.209698
-0.506477
-0.089634
-0.268657
-0.353960
-0.658588
-0.885715
-1.225460
-0.954664
-0.750995
-0.392431
-0.034297
0.123573
0.108104
0.230371
0.154601
0.091794
0.303906
0.502211
0.452504
0.583253
0.231029
0.377525
0.417981
0.418919
0.353159
0.562952
0.307015
-0.016926
-0.161466
-0.415101
-0.639954
-0.803034
-0.722446
-0.949180
-0.898829
-0.731167
-0.719130
-0.770893
-0.072036
0.410151
0.507735
0.917943
1.266212
1.298465
1.198554
0.826159
0.537553
0.100629
-0.579653
-0.756402
-0.451468
-0.492341
-0.268849
-0.120186
-0.278118
-0.336922
-0.305504
-0.229226
-0.405870
-0.313774
-0.189129
-0.328523
-0.428104
0.016562
0.232337
0.154128
0.164504
0.612473
0.441591
0.123791
0.309474
0.737886
0.574037
0.806972
1.028219
0.928932
0.651841
0.446292
0.213650
0.075385
0.079605
0.303002
0.244389
0.134025
-0.072136
-0.233280
-0.564617
-0.823095
-0.853578
-0.828090
-0.836267
-0.947010
-0.878472
-0.733112
-0.546901
-0.146028
0.365942
0.406299
0.373638
0.292842
0.037219
-0.257496
-0.183419
0.048144
0.267614
0.254561
0.225944
0.481906
0.514575
0.277565
0.495119
0.516355
0.190759
-0.106075
-0.078619
-0.489663
-0.676389
-0.757978
-0.967493
-0.807397
-0.511696
-0.301723
-0.080229
0.338113
0.556419
0.661030
0.792540
0.735199
0.831088
0.662336
0.584613
0.519324
0.554645
0.239483
-0.142407
-0.399046
-0.308464
-0.164279
0.024089
0.371214
0.390524
-0.136771
-0.269614
-0.403124
-0.617645
-0.735274
-0.492861
-0.625713
-0.543061
-0.482166
-0.315376
-0.083499
-0.177097
-0.077731
-0.044183
-0.093544
-0.333668
-0.107597
-0.370739
-0.321720
-0.071391
0.303318
0.403651
0.423027
0.574086
0.499233
0.068917
0.151625
0.474299
0.225949
-0.256700
-0.169782
-0.115474
-0.370649
-0.326144
0.289902
0.550600
0.416544
0.477503
0.540427
0.472174
0.300253
0.794885
0.590698
0.357409
0.122088
0.056461
-0.756804
-0.916495
-1.044075
-1.023928
-0.980672
-0.801098
-0.333613
0.114481
-0.014340
0.411700
0.506806
0.351202
0.308107
0.495450
-0.001494
-0.182512
-0.273198
-0.420922
-0.571826
-0.790366
-0.773954
-0.736480
-0.696166
-0.619815
-0.222829
0.083327
0.782154
1.234485
1.320153
1.101554
1.039816
0.577239
0.108877
0.008432
0.174981
0.038635
-0.325290
-0.547869
-0.040006
0.327591
0.066551
0.049658
0.194522
-0.098770
-0.273047
-0.052979
0.167284
0.299995
0.124257
0.008552
-0.361204
-0.650644
-0.717270
-0.735591
-1.063535
-0.570844
-0.508907
-0.360393
-0.134924
0.254390
0.400246
0.714853
0.524399
0.391868
0.362786
0.289462
0.246811
0.975257
1.026223
0.796218
0.591714
0.396129
-0.151412
-0.508589
-0.292424
-0.172513
0.013775
0.045258
0.409846
0.686202
0.415134
0.615970
0.235071
0.060542
-0.310104
-0.151213
-0.620799
-0.806731
-0.892820
-1.052272
-1.069255
-0.868333
-0.473231
-0.388890
-0.346741
-0.392861
0.266779
0.490342
0.661553
0.843382
1.083977
0.595402
0.477548
0.358146
0.362257
0.438848
0.149186
-0.068129
0.298982
0.287168
0.348477
0.110217
-0.054430
-0.725839
-1.220595
-1.496047
-1.149876
-1.096946
-0.756091
-0.293569
-0.111893
-0.201592
0.150027
0.086343
0.236899
0.313461
0.423644
0.287238
0.569414
0.405877
0.195165
0.250799
0.330750
-0.085063
-0.198409
-0.374934
-0.279962
-0.060665
0.256549
0.547057
0.725006
0.627353
0.030829
-0.425274
-0.759459
-1.175843
-1.142868
-0.825060
-0.206487
0.038146
0.411475
0.828353
0.888101
0.862907
0.637250
0.701090
0.119806
0.201368
-0.085991
0.084459
-0.198099
-0.302463
-0.636922
-0.382672
-0.332398
0.080086
0.211789
0.339135
0.208457
-0.128911
-0.441809
-0.355346
-0.214044
-0.229344
0.302113
0.535876
0.651182
0.818282
0.617597
0.056641
-0.035388
-0.326613
-0.522997
-0.711213
-0.696187
-0.912045
-0.790250
-0.825983
-0.552117
-0.250400
-0.029245
0.116804
0.258138
0.520443
0.812231
0.977225
1.239960
1.499261
1.301233
0.849059
0.567188
0.052159
-0.449277
-0.440226
-0.261222
-0.100249
0.020739
0.199798
-0.080304
-0.436892
-0.798613
-0.614940
-0.767900
-0.569222
-0.717110
-0.904433
-0.985069
-0.911512
-0.908431
-0.455379
0.249338
0.314952
0.490457
0.721709
0.929587
1.327508
1.156788
1.063202
0.913103
0.597039
-0.314908
-0.281383
-0.173638
-0.023294
-0.022027
-0.216823
-0.325255
-0.122420
-0.190464
-0.026127
0.731061
0.719633
0.341870
0.133437
-0.039271
-0.495997
-0.200717
-0.308327
-0.095614
-0.054636
0.041733
-0.287359
-0.006752
-0.294642
-0.149669
0.041905
0.071189
-0.103709
-0.029906
-0.013281
0.174033
0.334709
0.362844
0.537330
0.262422
-0.108664
0.092694
-0.326679
-0.644433
-0.798357
-1.054597
-1.498719
-1.524306
-1.237214
-0.751056
-0.295858
-0.031428
0.506279
0.336627
0.125617
0.071052
0.023409
-0.155761
-0.008082
0.170769
0.147998
0.593563
1.084595
1.219328
1.064226
1.090486
0.789934
0.102336
-0.355661
-0.473071
-0.332981
-0.490333
-0.019839
0.337047
0.447894
0.197292
0.332754
0.228410
-0.080656
-0.223794
-0.375692
-0.546941
-0.495289
-0.171010
0.071940
0.250536
0.150773
0.435541
0.506854
0.216514
0.181500
0.005093
-0.793811
-0.669190
-0.552214
-0.316359
0.307198
0.655799
0.361829
0.433074
0.253847
0.188955
0.229496
-0.106586
-0.553866
-0.552291
-0.897715
-0.686569
-0.235264
0.216339
0.248418
0.498802
0.326085
0.252658
0.231951
0.825200
1.188250
1.194239
1.173167
0.650381
-0.606351
-1.335103
-1.564051
-1.526034
-0.888432
-0.612183
-0.422161
-0.259604
-0.264397
-0.693615
-0.237740
-0.262602
-0.426684
-0.581317
-0.491846
-0.787975
-0.740141
-0.664441
-0.698366
-0.527125
-0.377670
-0.228088
0.019520
0.488560
0.823843
1.168095
1.264158
1.113002
0.997505
0.749288
0.307143
0.077263
0.020718
-0.240156
-0.595371
-0.369704
-0.198604
0.272367
0.745780
1.059835
0.925484
0.604109
0.089019
-0.301220
-0.179100
-0.087613
0.192966
0.330763
0.006753
-0.160962
-0.257332
0.089725
0.328045
0.951862
0.982678
0.792200
0.002524
-0.000385
-0.386187
-0.778738
-0.665447
-0.529847
-0.886923
-0.784395
-0.293834
-0.212543
-0.062263
-0.044221
-0.032266
0.046966
0.057865
0.333222
0.626723
0.690898
0.598089
0.413634
-0.002002
-0.413682
-0.504480
-0.303555
0.000917
-0.137165
0.296087
0.701391
0.291942
-0.005858
0.112849
-0.412927
-1.188700
-0.944469
-0.764683
-0.401212
-0.065762
0.407547
0.348386
0.305326
0.419150
0.318480
0.143692
-0.059404
0.056490
-0.376162
-0.526754
-0.236985
0.065579
0.083418
0.123304
0.330585
0.282555
0.310109
0.360286
0.511144
0.311083
-0.170683
-0.288463
-0.275713
-0.259398
0.112647
0.473672
0.172596
-0.177802
-0.519279
-0.960573
-1.140961
-1.046963
-0.444950
-0.183666
0.155718
0.399837
0.491596
0.102739
0.072862
0.207805
0.213543
0.401743
0.542130
0.550913
0.404756
0.128719
0.091995
-0.101577
-0.186585
-0.457610
-0.428857
-0.605565
-0.621478
-0.512084
-0.133387
0.092005
-0.046065
0.147803
0.353741
0.373838
0.575287
1.262214
1.236826
1.029670
0.909915
0.751515
0.089686
-0.047504
-0.186094
-0.466901
-0.846359
-0.853843
-0.871144
-0.870756
-0.693111
-0.438581
-0.311023
-0.381840
-0.151693
-0.006432
0.074500
0.219538
0.575100
0.734026
0.679577
0.697368
0.668813
0.743213
0.881794
1.203817
1.181483
1.273982
0.434803
-0.358314
-0.888689
-1.080596
-1.224767
-0.559207
-0.580295
-0.944866
-1.011715
-1.080780
-1.086428
-0.674727
-0.065439
0.133542
0.146496
-0.087724
-0.199645
-0.434966
-0.232327
-0.070449
0.032947
0.194800
0.641041
0.443961
0.484821
0.559076
0.746229
0.594199
0.566119
0.278821
0.204098
-0.095114
-0.120336
0.019824
0.308588
0.514940
0.253910
0.274322
0.003394
-0.238641
-0.711309
-0.004797
-0.270236
-0.248986
0.008387
0.395150
-0.290278
-0.453874
-0.364069
-0.520669
-0.702727
-0.508080
0.009138
0.104126
0.217823
0.361689
0.526001
0.366729
-0.089469
-0.218438
-0.020379
-0.161661
-0.468956
-0.290533
-0.301908
-0.566310
-0.317684
0.064513
0.300174
0.401569
0.479864
0.324753
0.266862
0.350906
0.164163
-0.084197
-0.307509
-0.419908
-0.296419
-0.032431
0.311120
0.672185
0.847166
0.761144
0.869952
0.894239
0.622535
0.355440
0.058094
-0.201208
-0.509583
-0.587117
-0.749375
-0.840747
-0.832602
-0.862731
-0.708063
-0.494888
-0.140817
0.092044
0.291663
0.239593
0.021875
-0.322488
-0.551652
-0.562080
-0.351638
-0.089483
-0.149856
-0.136285
-0.107368
-0.106129
-0.312231
0.074813
0.369480
0.201874
-0.044773
0.107625
-0.231484
-0.560621
-0.769328
-0.686350
-0.577847
-0.270398
-0.333185
-0.259726
-0.259051
0.067693
0.562418
1.187570
1.329081
1.437045
1.294673
0.915315
0.623030
0.937799
0.967003
0.628479
0.526508
-0.120133
-0.190035
-0.197727
-0.110586
-0.361500
0.034405
-0.232782
-0.495205
-0.603133
-0.496450
-0.440725
-0.467891
-0.040495
0.129703
0.263018
0.133495
0.494337
0.489316
0.420286
-0.247356
-0.767483
-1.322270
-1.514459
-1.488008
-0.873281
-0.490260
-0.282808
-0.205310
-0.142514
-0.124044
-0.015959
0.172229
0.227378
0.513017
0.577470
0.757090
0.761416
0.869351
0.810021
0.628773
0.590485
0.727812
0.495486
0.496429
0.963831
0.752494
0.712177
0.692596
-0.005962
-0.487196
-0.363589
-0.681294
-0.830282
-0.397508
-0.514110
-0.361635
-0.098134
0.079802
-0.007445
0.206916
0.397115
0.081957
-0.187902
-0.408114
-0.462252
-0.844115
-0.877590
-0.879433
-0.706016
-0.787720
-0.386330
-0.125930
0.065443
0.176692
0.268708
-0.178125
-0.502109
-0.617850
-0.722359
-0.818737
-0.754624
-0.285015
-0.066749
0.256685
0.322403
0.545331
0.426483
0.466568
0.303860
0.554340
0.610959
0.671260
0.718427
0.613423
0.480212
0.421821
0.155477
-0.051075
-0.138564
-0.018668
-0.082739
0.143906
0.286476
0.693081
0.707904
0.823009
0.505810
0.231135
-0.105461
-0.159509
-0.138944
0.000350
0.143959
0.239984
-0.069073
-0.373878
-0.356463
-0.338179
-0.209721
0.035709
0.151356
0.119973
0.019979
-0.499156
-0.747060
-1.013602
-0.881803
-0.590352
-0.074914
-0.114506
-0.015063
0.056534
0.333782
0.323744
0.691949
1.036398
1.070723
0.507759
0.450107
0.358559
0.215918
0.156055
-0.012952
-0.129752
-0.278800
-0.424706
-0.576415
0.126897
0.173635
0.245002
0.328095
0.131946
-0.601021
-0.674856
-0.749864
-0.788548
-0.765626
-0.373675
-0.243025
0.266330
0.510253
1.196009
1.266472
1.052385
0.535472
0.257865
-0.364259
-0.512297
-0.578291
-0.358179
-0.227268
-0.063037
-0.159080
0.062658
-0.249395
-0.039295
0.226905
0.478751
0.458901
0.608315
0.260925
-0.084771
-0.356693
-0.495656
-0.188963
0.226852
0.295246
0.482933
0.768193
0.259455
-0.107530
-0.215280
-0.622507
-0.964974
-0.793395
-0.905950
-0.901923
-0.715662
-0.573663
-0.366171
-0.076260
-0.039234
0.115447
0.257205
0.324059
0.358476
0.604547
0.481984
0.283525
0.027928
-0.248663
-0.514817
-0.578184
-0.511415
-0.546797
-0.463097
-0.196823
0.257081
0.558973
1.013453
1.146367
0.904860
0.586848
0.064297
-0.477831
-0.568681
-0.542851
-0.560396
-0.512125
-0.291142
-0.337927
0.177324
0.219470
0.787310
0.720681
0.810671
0.387106
0.246817
-0.209871
-0.396194
-0.364909
-0.508273
-0.366612
-0.140709
-0.340397
-0.446445
-0.374872
-0.068000
0.226756
0.664650
0.762375
0.759432
0.665974
0.365491
0.513925
0.252148
0.293758
0.075421
0.065403
0.129809
0.572931
0.418945
0.395508
0.108487
-0.336576
-0.596851
-0.437520
-0.735422
-0.500079
-0.474454
-0.467475
-0.599658
-0.449000
-0.446555
-0.152680
-0.092003
0.338838
0.514131
0.423562
0.268382
0.139045
-0.093424
-0.280201
-0.436370
-0.481800
-0.737875
-0.801857
-0.544451
-0.389255
-0.148452
0.340201
0.478345
0.536666
0.498888
0.543417
0.651202
0.768743
0.644135
0.693918
0.307689
-0.135437
-0.608485
-0.875185
-0.742044
-0.664422
-0.264264
-0.092537
0.156600
-0.051605
0.157157
0.050616
-0.003788
-0.008153
0.063060
-0.078772
-0.024943
0.207867
0.414707
0.473352
0.872247
1.032515
0.974296
0.804519
0.796364
0.527320
0.447323
0.573392
0.339953
0.005366
-0.291356
-0.773629
-0.983333
-0.785245
-0.521587
-0.558056
-0.445203
-0.691500
-0.643779
-0.632897
-0.472172
-0.595197
-0.594749
-0.821474
-0.779231
-0.759097
-0.488516
-0.255507
-0.091532
0.189484
0.535504
0.724741
0.746939
0.685508
0.754146
0.595046
0.614919
0.747749
0.610610
-0.092587
-0.134413
-0.387841
-0.550533
-0.411211
0.555410
0.709027
0.924477
1.006562
1.034076
0.272710
0.188734
0.017263
0.025955
-0.078583
-0.119886
-0.399624
-0.456729
-0.435165
-0.253321
0.105264
0.281669
0.313197
0.124587
-0.052650
-0.458352
-0.759221
-0.953887
-0.946718
-0.485560
-0.112201
0.476232
0.755910
0.877575
0.661860
0.218065
-0.416501
-0.440436
-0.665264
-0.739359
-0.468968
-0.430555
-0.476047
-0.281344
-0.421283
-0.491442
-0.318966
-0.181240
-0.196595
-0.007619
0.131106
0.426710
0.519111
0.455547
0.317223
0.454479
0.613412
0.335146
0.318994
0.598448
0.587111
0.235032
0.282875
0.558815
0.493029
0.069680
0.064716
-0.084840
-0.267322
-0.699057
-0.745951
-0.881941
-0.934598
-0.892345
-0.678820
-0.548471
-0.535043
-0.266409
-0.117594
-0.129812
0.113851
0.209105
-0.002444
-0.016793
0.142071
0.213548
0.356808
0.502023
0.375811
0.612030
0.405015
0.241220
0.421187
0.566520
0.426227
0.734768
0.845406
0.768685
0.338576
0.198833
0.010720
-0.248849
-0.478036
-0.098509
-0.137754
-0.182837
0.052629
0.333091
-0.413845
-0.283895
-0.415846
-0.332907
-0.435773
0.022155
-0.027545
0.139926
-0.122836
-0.141224
0.036728
0.116085
0.392109
0.735777
0.488954
0.475229
0.276607
-0.172520
-0.530203
-0.438234
-0.297311
-0.287168
-0.208199
0.051822
0.341466
0.267506
0.351895
0.583014
0.717760
0.464795
0.312678
0.101652
-0.215264
-0.728315
-0.937088
-0.958859
-0.905421
-1.009391
-0.606168
-0.143043
0.141085
0.493064
0.831953
0.823791
0.788227
0.854154
0.821163
0.748168
0.537925
0.305892
-0.223907
-0.618045
-0.849602
-0.876137
-0.890603
-0.631933
-0.440532
-0.447788
-0.508227
-0.514107
-0.643357
-0.633902
-0.656244
-0.431662
-0.284736
-0.149520
-0.147694
0.088671
0.191076
0.374157
0.610944
0.743675
0.800008
0.865940
0.676836
0.431542
0.292057
0.285521
0.174318
0.068455
0.260171
0.255765
0.346557
0.475888
0.360729
-0.097075
-0.466374
-0.734239
-1.090404
-1.050635
-0.675880
-0.461555
-0.253691
-0.108325
0.051745
0.068396
0.344495
0.519652
0.737926
1.118161
1.389802
1.277226
0.873791
0.549552
0.301835
-0.223694
-0.448234
-0.397273
-0.301873
-0.465847
-0.427641
-0.449842
-0.622376
-0.683129
-0.446553
-0.516417
-0.316479
0.021056
0.176204
0.115951
0.274786
0.476549
0.280575
0.132794
-0.123470
-0.209888
-0.212509
0.162515
-0.046219
0.086940
0.269188
0.135241
-0.228861
-0.063705
-0.208160
-0.213925
-0.146978
-0.019392
0.227634
0.321579
0.389143
0.600260
0.965833
0.687986
0.456586
0.140339
-0.506341
-1.082879
-1.274883
-1.027072
-1.212293
-1.040722
-0.985952
-0.595262
-0.570699
0.022554
0.520869
0.748194
0.559037
0.703192
0.603079
0.270181
0.082656
0.195796
0.010482
-0.004874
0.112258
0.421110
0.332297
0.467751
0.319118
0.386884
0.423033
0.307527
-0.036937
-0.129223
-0.337851
-0.596509
-0.451905
-0.386772
-0.191065
-0.062181
-0.065077
0.071235
0.298134
0.367369
0.159650
-0.062721
-0.414351
-0.789543
-1.210242
-1.266554
-1.050983
-0.743996
-0.454482
0.012259
0.427751
0.575679
0.756088
1.016686
0.939641
0.953434
1.034930
1.138428
0.998505
1.024857
0.553148
0.284204
-0.085668
-0.311802
-0.710355
-0.856663
-1.002274
-0.887038
-0.715467
-0.555204
-0.400267
-0.122034
-0.130690
-0.209356
-0.061617
-0.000431
-0.076885
0.040536
0.215547
0.242762
0.409556
0.445985
0.654266
0.809513
0.789311
0.919965
0.779361
0.517799
0.113814
-0.129570
-0.306381
-0.495190
-0.923644
-0.899193
-0.896721
-0.817828
-0.575031
-0.423971
-0.519925
-0.427269
-0.402506
-0.303033
0.149525
0.607165
0.949038
1.099414
0.896819
0.541668
0.181468
0.049612
-0.088762
0.052652
0.315283
0.407852
0.302909
0.204933
0.278178
0.278882
0.120140
0.210289
0.040867
-0.050733
-0.243647
-0.000863
-0.209379
0.059295
0.046576
-0.282712
-0.676943
-0.871701
-1.089470
-0.925967
-0.734508
-0.473128
-0.163815
0.116132
-0.078422
-0.163379
-0.046488
0.223883
0.372747
0.677340
0.709293
0.498365
0.345257
0.033357
-0.221353
-0.113147
-0.273933
-0.586342
-0.732034
-0.589694
-0.363338
-0.148752
0.205782
0.270299
-0.036294
-0.289489
-0.301765
-0.458551
-0.191760
0.083100
0.144832
0.524025
0.755639
0.676148
0.707881
0.945752
0.914315
0.684471
0.626287
0.699587
0.490202
0.316365
0.329657
0.117588
-0.370897
-0.545932
-0.679494
-0.849338
-0.612813
-0.197628
0.004569
-0.132426
-0.018997
-0.187593
-0.760163
-0.446770
0.072188
0.122198
0.024927
0.522713
0.137082
-0.094372
0.073388
0.483237
0.419494
0.616696
0.470420
0.231116
-0.079899
-0.289105
-0.493362
-0.482709
-0.445189
-0.393151
-0.193355
-0.016467
-0.188454
0.076505
0.134833
0.392848
0.531643
0.460676
0.047877
-0.131099
-0.382847
-0.762207
-0.606222
-0.261022
0.027758
0.119995
0.079355
0.272653
0.170468
-0.495820
-0.626676
-0.657521
-0.816440
-0.894592
-0.470750
-0.418634
0.041860
0.519935
0.919014
1.141636
1.245014
0.813830
0.303470
-0.262070
-0.246004
-0.326164
-0.172436
0.015565
0.239422
0.104328
0.115945
0.280831
0.388219
0.601812
0.743484
0.901851
0.803538
0.713689
0.527362
0.437407
0.107679
-0.140431
-0.425075
-0.689561
-0.875023
-0.936541
-0.881051
-0.812024
-0.652743
-0.379836
-0.032299
0.363303
0.629615
0.845788
0.812548
0.596223
0.220358
-0.035543
-0.138639
-0.255221
-0.160638
-0.177683
-0.229359
-0.531681
-0.776599
-1.026140
-1.147299
-0.863315
-0.502260
-0.173573
0.090913
0.285896
0.087721
-0.036370
-0.069954
0.051378
0.359683
0.561296
0.737690
0.805716
0.797247
0.238151
0.328563
-0.014171
-0.291604
-0.389952
-0.007559
-0.222384
-0.147454
0.105570
0.091317
0.078793
0.092200
0.044642
-0.251164
-0.319529
0.038279
-0.002299
0.122633
0.535399
0.623014
0.388934
0.440841
0.511943
0.349119
0.080898
-0.472559
-0.640715
-0.693543
-1.071428
-1.231291
-0.905433
-0.905241
-0.910692
-0.501074
0.140405
0.366256
0.584824
0.827633
0.932334
0.899585
0.837937
0.932401
1.027515
1.028299
0.912756
0.727209
0.502873
0.164591
-0.135446
-0.481918
-0.670043
-0.671612
-0.725738
-0.604077
-0.369427
-0.194096
-0.239082
-0.358793
-0.207477
-0.109252
-0.095680
-0.077315
-0.015158
-0.377309
-0.657244
-0.805978
-0.788087
-0.943944
-0.767054
-0.720566
-0.248155
0.061537
0.395882
0.521415
0.464163
0.113628
-0.272758
-0.464217
-0.693648
-0.525687
-0.376944
-0.123356
0.107410
0.377780
0.410590
0.662620
0.763512
0.940671
1.043992
1.261559
1.070621
0.878879
0.542653
0.199551
-0.188497
-0.473729
-0.744465
-0.847776
-0.929604
-0.744721
-0.656136
-0.530960
-0.298771
-0.134887
-0.249296
-0.247993
-0.061655
-0.070496
0.134074
0.462839
0.570009
0.514140
0.274493
-0.039815
0.050607
0.103721
0.456052
0.748597
1.040359
0.830817
0.614707
0.079129
-0.290481
-0.579771
-0.776088
-0.750308
-0.494652
-0.377426
-0.141991
-0.145530
0.124447
0.180912
0.159922
-0.004888
-0.055663
-0.320542
-0.460260
-0.338544
0.033288
0.197901
0.431721
0.530740
0.727507
0.598357
0.429950
0.527019
0.436677
0.195552
0.083246
0.219589
0.164135
0.139586
-0.022088
-0.387813
-0.435816
-0.681865
-0.791917
-0.467926
-0.072989
0.363103
0.319613
0.386581
-0.086444
-0.502691
-0.850522
-0.544859
-0.398170
0.095637
0.314423
0.422993
0.248612
0.496945
0.446251
0.608699
1.241832
1.175549
0.556644
0.448779
0.249248
-0.732840
-0.710871
-0.191398
0.097205
0.092555
0.140877
0.086899
-0.155508
-0.477123
-0.260421
-0.369117
-0.453834
-0.512582
-0.378272
-0.444527
-0.253432
-0.300959
-0.366493
-0.570903
-0.535709
-0.450466
-0.419856
-0.477403
-0.141319
-0.012418
-0.172909
0.184005
0.463947
0.512600
0.475112
0.713380
0.776812
0.808606
0.716142
0.558795
0.735758
0.813336
0.694304
0.768690
0.806050
0.542752
0.218855
0.246025
0.334611
0.425923
0.347653
0.394751
0.423197
0.078745
-0.248929
-0.470651
-0.834119
-0.955575
-1.178665
-1.155118
-1.239127
-0.961069
-0.741389
-0.328128
-0.318294
-0.091076
-0.030531
-0.027825
-0.161503
0.269874
0.301467
0.256833
0.075831
0.039546
-0.021001
0.161780
0.059724
-0.058860
-0.182109
-0.355503
-0.715852
-0.659934
-0.610151
-0.557399
-0.491260
-0.301359
-0.178519
-0.030440
0.083630
0.025352
0.143392
0.219028
0.001251
-0.179651
-0.569677
-0.996214
-1.310789
-1.328141
-1.317726
-0.734986
-0.609020
-0.701357
-0.417926
-0.472245
-0.590345
-0.611170
-0.203392
-0.200639
-0.131202
0.037031
0.364038
0.556820
0.508718
0.663195
0.650474
0.705089
0.434450
0.415548
0.597307
0.567191
0.695755
0.715930
0.497194
0.416765
0.161034
-0.103448
0.039552
0.411578
0.471505
0.432118
0.681871
0.676176
0.672902
0.631412
0.592713
0.579077
0.169661
-0.248036
-0.552547
-0.564273
-1.037759
-0.941046
-0.751036
-0.585478
-0.467641
0.250207
0.258056
0.094521
-0.113546
-0.268439
-0.820263
-0.650179
-0.498868
-0.344543
-0.161448
-0.036986
-0.159303
-0.132566
0.160464
0.106063
-0.163362
-0.355483
-0.195390
-0.492498
-0.585711
-0.136736
0.243221
0.221561
0.323008
0.280390
0.135302
-0.127543
-0.103279
-0.066639
-0.327086
-0.615657
-0.882251
-1.300193
-1.584370
-1.424398
-1.220010
-0.711826
-0.379074
-0.152419
0.130457
0.221301
0.502981
0.805955
0.813974
0.717956
0.706345
0.398772
0.056779
0.025066
0.735867
0.780383
0.580972
0.510422
0.396814
-0.199044
-0.559615
-0.461562
-0.680891
-0.826725
-0.553077
-0.450880
-0.211401
0.044630
0.514894
0.397114
0.592639
0.360096
0.457648
0.419611
0.361072
0.404088
0.625109
0.351639
-0.059439
-0.422778
-0.639399
-1.023860
-0.853774
-0.704519
-0.511496
-0.449188
-0.378962
-0.496349
-0.421442
-0.094253
0.377522
0.835061
1.051240
1.118344
0.970214
0.482838
0.163146
0.011343
-0.185480
-0.466972
-0.467910
-0.741972
-0.532396
-0.567277
-0.268008
-0.069318
0.179627
-0.051560
0.053740
0.025434
-0.046981
0.059292
0.091463
0.098652
0.243355
0.291951
0.349161
0.619180
0.671295
0.662087
0.396204
0.128051
0.112705
0.310949
0.190712
0.585918
0.831914
0.585127
0.332069
0.124239
-0.049728
-0.002421
0.001340
0.098633
0.065906
-0.060527
-0.382596
-0.676656
-0.833925
-0.633843
-0.484005
-0.557213
-0.281413
-0.325577
-0.404649
-0.291942
-0.286411
-0.497236
-0.084296
-0.076271
-0.222958
-0.119199
0.067995
-0.217949
-0.401263
-0.693006
-0.745877
-0.714710
-0.638196
-0.436752
-0.104468
0.131732
0.585393
0.839055
0.863021
0.837807
0.937131
0.461058
0.053374
0.124501
-0.095234
-0.556147
-0.747898
-0.904741
-1.220602
-1.229463
-0.850245
-0.436508
-0.120202
0.090951
0.270193
-0.050030
-0.203505
-0.183528
0.115413
0.146235
0.291029
0.639976
0.817385
0.707700
0.755752
0.949598
0.955039
0.739191
0.702907
0.708632
0.431178
0.186304
-0.125694
-0.223886
-0.266465
-0.090300
-0.439225
-0.138991
-0.353839
-0.241888
-0.247410
0.028840
-0.073290
0.133938
0.181698
0.088675
-0.015809
-0.066821
-0.171162
-0.645251
-0.649422
-0.599645
-0.299284
-0.143825
0.693210
1.042327
1.085163
0.721829
0.372961
-0.403227
-0.873346
-0.998865
-0.708584
-0.540340
-0.453416
-0.514831
-0.325108
-0.293188
-0.342786
0.077436
0.427850
0.501109
0.285521
0.373252
0.049711
-0.065123
-0.382330
-0.534722
-0.354362
-0.100336
0.078141
0.044078
0.387790
0.361702
0.272837
0.305420
0.649109
0.763271
0.476941
0.273999
0.185899
0.073680
-0.038382
0.001546
0.010260
-0.193335
-0.147622
-0.070085
-0.081899
-0.049046
-0.180004
-0.493201
-0.505511
-0.680690
-0.533756
-0.471211
-0.191180
-0.241444
-0.049153
-0.110363
0.094495
-0.091593
-0.339145
-0.382544
-0.321271
-0.432392
-0.042647
-0.021928
0.605572
0.984350
1.102897
0.826371
0.655393
0.179486
-0.285624
-0.357134
-0.298632
-0.176176
0.149826
0.284195
0.420097
0.486023
0.487696
0.240043
-0.082213
0.020772
-0.233901
-0.214013
-0.343840
-0.154296
-0.285595
-0.207255
-0.036782
0.020805
-0.125771
-0.237942
-0.141541
-0.171332
-0.468001
-0.584593
-0.464037
-0.646330
-0.462408
0.061536
0.445548
0.548992
0.580419
0.540884
0.494243
0.457466
0.132546
0.117538
0.072749
-0.248975
-0.405837
-0.379206
-0.157909
-0.157788
-0.270119
-0.097241
0.167464
0.003180
-0.262619
-0.155906
-0.082083
-0.154631
-0.086077
0.048560
0.286200
0.112077
-0.217918
-0.161835
-0.289761
-0.045478
0.182467
0.584158
0.477618
0.728286
0.523624
0.183337
0.138148
0.346710
0.044369
-0.020293
-0.234098
0.016502
-0.391622
-0.543061
-0.494767
-0.295172
-0.632312
-0.394155
0.054471
0.166262
0.010943
-0.011764
0.126229
0.111242
-0.212521
0.165565
0.198792
0.094353
0.234069
0.434752
0.245743
0.069773
-0.315290
-0.619454
-0.729990
-0.430456
0.146957
0.850336
0.962973
0.715756
0.535591
-0.260064
-0.262189
-0.014010
0.465317
0.387316
0.721600
0.258476
-0.107523
-0.414480
-0.401280
-0.545688
-0.469188
-0.676484
-0.618338
-0.577351
-0.622929
-0.156347
0.256956
0.238163
0.471003
0.877168
0.854861
0.849135
0.698489
0.550755
0.561362
0.358240
0.064943
0.184855
-0.022349
0.073776
-0.181924
-0.034960
-0.039346
-0.028281
-0.512894
-0.707971
-0.628514
-0.620415
-0.532664
-0.321901
-0.328657
0.025591
0.059107
-0.029245
0.203481
0.656978
-0.070872
-0.017077
0.299819
0.170187
-0.132374
0.296692
0.367600
0.359083
0.329957
0.266548
-0.014968
-0.336183
0.049407
-0.157365
-0.258202
-0.366489
-0.134416
-0.823930
-0.668909
-0.368490
-0.146030
-0.203578
-0.048109
-0.213285
-0.064826
0.024946
0.509937
0.834052
0.972583
0.765426
0.599412
0.158371
-0.281715
-0.373886
-0.333477
-0.106745
0.111976
0.162324
0.366506
0.512515
0.383363
0.375046
0.273461
-0.104966
-0.376546
-0.443687
-0.747181
-0.846006
-0.714793
-0.662886
-0.684353
-0.702219
-0.635902
-0.355420
-0.230072
0.099517
0.410216
0.752168
0.735124
0.834299
0.804022
0.654399
0.509642
0.360294
0.385570
0.430691
0.528321
0.576875
0.490204
0.195133
-0.022354
-0.155246
-0.321235
-0.137210
-0.107530
-0.171309
-0.183289
-0.215695
-0.461054
-0.370352
-0.384086
-0.500237
-0.266615
-0.045689
0.158998
0.338704
0.367866
0.089019
-0.174020
-0.562307
-0.753732
-0.783764
-0.941693
-1.016703
-0.972987
-0.846970
-0.978592
-0.833858
-0.436420
-0.151917
0.510703
1.538378
1.732917
2.449704
2.343628
1.668709
0.866973
0.788144
-0.022556
-0.092589
-0.022963
0.117025
-0.020040
0.054170
-0.104581
-0.404861
-0.729606
-0.728034
-0.894441
-0.953358
-0.620299
-0.521339
-0.443273
-0.503154
-0.276401
-0.074272
0.289304
0.610225
0.783970
0.871263
0.594783
0.089066
-0.339758
-0.592060
-0.646131
-0.791596
-0.676957
-0.528408
-0.544723
-0.653831
-0.466951
-0.318159
0.229007
0.586057
0.721843
0.532645
0.446621
-0.157634
-0.567753
-0.445721
-0.341202
-0.276624
-0.115333
0.184720
0.148638
0.316801
0.421540
0.374378
0.190564
-0.054524
-0.221047
-0.165474
-0.017255
0.121605
0.120369
-0.057074
0.002552
-0.036447
-0.107593
0.152204
0.831514
1.133083
0.943172
1.103193
0.896566
0.227820
-0.646615
-0.932993
-1.046423
-0.956656
-0.945218
-0.872302
-0.286436
-0.007198
-0.200617
0.261214
0.625137
0.421627
0.208334
0.421419
0.129604
0.079949
0.063576
0.136869
0.007570
-0.121169
-0.481189
-0.338041
-0.569555
-0.123862
-0.057523
0.057746
-0.129942
-0.186561
-0.320612
-0.329129
-0.213208
-0.291071
0.026109
-0.067341
-0.215293
-0.039846
0.058179
-0.154393
-0.409544
-0.452077
-0.443027
-0.445721
-0.405383
-0.381452
-0.246700
-0.153671
-0.237773
-0.350819
-0.322240
-0.242236
-0.281230
-0.176484
0.106839
0.317776
0.569592
0.705637
0.941548
0.949345
1.063188
0.949061
0.790729
0.616023
0.563922
0.381552
0.386243
0.093984
0.256726
0.354453
0.114453
-0.237428
-0.167076
-0.542817
-0.893540
-0.865202
-0.599423
-0.613297
-0.387489
-0.350837
-0.087256
0.016292
0.189277
0.346247
0.411351
0.200346
-0.013217
-0.221661
-0.134636
-0.050926
0.199302
0.231771
0.366124
0.025658
-0.013382
-0.173847
-0.145325
0.103480
-0.021999
-0.300768
-0.287010
-0.449665
-0.490549
-0.436115
-0.010605
0.132226
0.153167
0.204824
0.327628
0.303164
0.046602
0.082804
0.073700
-0.069699
-0.243065
-0.274725
-0.277965
-0.582676
-0.670584
-0.580552
-0.448462
-0.291170
-0.150821
0.073606
-0.064064
-0.055370
-0.141742
-0.657748
-0.778190
-0.851064
-1.222082
-1.255157
-0.845136
-0.732370
-0.568485
-0.213419
-0.050392
0.035616
0.245801
0.574797
1.037086
1.417479
1.588494
1.780163
1.741730
1.657896
1.411680
1.424361
1.281474
1.112095
0.664054
0.272463
-0.101609
-0.521612
-0.898487
-0.939654
-0.928123
-0.937777
-1.032509
-0.979083
-0.923002
-0.739424
-0.618230
-0.461360
-0.336767
-0.325286
-0.386078
-0.212956
-0.138389
0.125470
0.038592
-0.107699
-0.188906
-0.180308
-0.259098
-0.165686
-0.013805
-0.090928
-0.198005
-0.108602
-0.279345
-0.106156
-0.132889
-0.027130
0.199656
0.272420
0.192593
0.043225
0.151686
-0.129475
0.085037
0.315438
0.469621
0.594080
0.216305
-0.155251
-0.239617
-0.232540
-0.323927
0.039554
0.412527
0.242219
0.370324
0.156852
0.005867
0.025312
-0.179867
-0.431761
-0.264527
-0.311261
-0.535984
-0.468776
-0.160813
-0.074619
-0.217434
-0.149039
-0.066187
-0.085873
-0.253234
-0.049936
0.238314
0.386411
0.584728
0.695590
0.883532
0.825136
0.713642
0.742026
0.643707
0.373443
0.120445
-0.039348
-0.541198
-0.880689
-0.790891
-0.658431
-0.604186
-0.631552
-0.647525
-0.397081
-0.413401
-0.059991
0.186465
0.559432
0.375786
0.359977
0.077025
-0.177438
-0.024281
0.118876
-0.036785
-0.079079
-0.086837
-0.079723
-0.366062
-0.330101
-0.050902
-0.085310
-0.305753
-0.455514
-0.228468
-0.214240
-0.010071
-0.187103
-0.085170
-0.001191
0.223124
0.648240
1.091927
1.361662
2.908612
1.897158
1.877318
2.105165
