-1.901040
-2.697598
-3.175533
-3.757961
-1.846221
0.065519
1.964189
3.875929
4.458357
3.921739
3.267984
2.604244
1.885920
1.280790
1.103237
1.186554
1.184365
1.073993
0.664119
0.245453
-0.245764
-0.592608
-0.806734
-0.756837
-0.548342
-0.302209
-0.139942
0.014642
0.113791
0.023325
-0.186995
-0.317340
-0.453757
-0.449180
-0.177918
0.029555
0.275199
0.510115
0.511955
0.480940
0.635628
0.201261
-0.149355
-0.344057
-0.608342
-0.877676
-0.181102
0.259816
0.507832
0.949514
0.939849
0.326858
-0.145993
-0.241708
-0.488712
-0.328538
0.072332
0.435618
0.584342
0.452619
0.228216
0.060377
-0.160281
-0.186877
0.007011
0.122577
0.091352
0.300322
-0.007369
-0.015214
0.172524
-0.193373
-0.608156
-0.741882
-0.957282
-1.031939
-0.470470
0.128516
0.621483
0.616300
0.525249
0.237814
-0.250197
-0.312658
-0.023445
0.140393
0.291215
0.771053
0.764886
0.184609
-0.368290
-0.452044
-0.579200
-0.555304
-0.119469
0.131399
0.038051
-0.065142
-0.295006
-0.388478
-0.583845
-0.570023
-0.720854
-0.480724
-0.250963
-0.073051
0.201609
0.667798
0.916083
0.937453
1.355925
1.415537
1.201269
0.965580
0.878205
0.032013
-0.732068
-1.483658
-2.239313
-2.351916
-1.949378
-1.608870
-1.001432
-0.380085
-0.258094
0.123514
0.395719
0.496484
0.809466
0.519757
0.168663
0.170188
0.088675
-0.154486
0.261871
0.667531
0.719284
0.564849
0.212358
-0.178212
-0.492915
-0.428243
-0.145731
0.021459
0.067752
0.020796
-0.201356
-0.055026
0.345983
0.587043
0.817806
0.820185
0.559216
0.138928
0.196702
-0.160331
-0.359609
-0.376922
-0.329811
-0.510089
-0.182099
0.109481
0.138150
0.464866
0.544691
0.280724
0.317495
0.582687
0.507229
1.059109
1.421801
1.395200
0.969285
0.467178
-0.436759
-0.985043
-1.368668
-1.514543
-1.232940
-1.101490
-0.764490
-0.511719
-0.343622
-0.420995
-0.343636
-0.274337
-0.120257
0.043100
0.397043
0.659446
0.713887
0.832737
0.888438
0.496181
0.094423
-0.232087
-0.530492
-0.453679
-0.045046
0.295863
0.673149
0.806005
0.428436
0.121385
-0.090460
-0.299261
-0.180079
0.114787
0.109912
0.222640
0.235166
-0.144492
-0.444781
-0.580144
-0.772969
-0.881942
-0.760652
-0.558772
-0.405110
-0.003267
0.266919
0.542608
0.726757
1.020059
1.006812
1.077722
1.152861
1.137339
1.000719
0.766902
0.294678
-0.351848
-0.842442
-1.292834
-1.613023
-1.499789
-1.355617
-1.161719
-0.818731
-0.576207
-0.472351
-0.072758
0.144363
0.203109
0.254314
0.410720
0.298399
0.253764
0.234502
0.132991
0.049952
-0.057081
-0.087513
0.022157
0.318218
0.514294
0.807745
0.666859
0.359844
0.355938
0.491893
0.706261
1.142750
1.588968
1.678077
1.546824
1.128407
0.942195
0.522384
0.223389
-0.017015
-0.056887
-0.155915
-0.257819
-0.490796
-0.943575
-1.269879
-1.595897
-1.292653
-0.995247
-0.393058
-0.130105
0.062670
-0.008052
0.116802
0.038755
0.185136
-0.002409
-0.135861
-0.291158
-0.322344
-0.593206
-0.646079
-0.565797
-0.694661
-0.906018
-0.682577
-0.443120
-0.249547
-0.138432
0.053839
-0.240645
-0.142405
-0.060432
0.282571
0.465508
0.864583
1.030710
0.857572
0.572309
0.052585
-0.032446
-0.210386
-0.170328
0.162001
0.640760
0.452504
0.232025
0.031670
-0.678051
-0.916427
-0.629554
-0.526097
-0.499543
-0.174517
0.025090
-0.083147
-0.078538
-0.094310
0.158504
0.399789
0.354001
0.434860
0.669359
0.188752
-0.305173
-0.342841
0.022898
0.221352
0.596261
1.045605
1.101580
0.812526
0.494238
0.089976
-0.384913
-0.877661
-0.851759
-0.790733
-0.617181
-0.186172
0.113245
-0.062432
-0.139192
0.017711
-0.257478
0.036580
0.304820
0.611073
0.877025
1.185673
1.071223
1.112222
0.554298
0.149628
-0.134147
-0.170352
-0.246379
-0.186245
-0.313649
-0.741272
-0.910075
-1.187307
-0.810112
-0.503158
0.067356
0.256629
0.344238
0.084556
-0.027172
-0.368690
-0.530299
-0.565070
-0.418629
-0.384129
-0.119287
-0.037216
0.034141
-0.124998
-0.332796
-0.511329
-0.263279
-0.059728
0.302040
0.718285
1.048165
1.160043
1.240776
1.172366
0.985197
0.657573
0.420419
0.204988
-0.384201
-0.816595
-0.925068
-1.017252
-0.836996
-0.233950
0.110051
0.129511
0.150733
0.025861
-0.062554
-0.110833
0.416290
0.636063
0.442281
0.489125
0.309288
-0.439173
-0.964462
-0.974899
-1.415303
-1.018041
-0.566236
-0.177925
-0.033271
0.016739
-0.066438
-0.027702
-0.098836
-0.143404
0.104590
0.119020
0.125500
0.293782
0.549761
0.645431
0.795266
0.669277
0.404158
0.223726
-0.107274
-0.507640
-0.649370
-0.658662
-0.890907
-0.666365
-0.326084
-0.020818
0.282555
0.444808
0.616668
0.489964
0.540065
0.489111
0.530622
0.381219
0.543676
0.110897
0.006650
0.122419
-0.026590
-0.401920
-0.318526
-0.169573
-0.537487
-0.692008
-0.410518
-0.412533
-0.612298
-0.362338
-0.018753
-0.145295
-0.202863
-0.774687
-0.919848
-1.093155
-0.965447
-0.765286
-0.211316
-0.016270
-0.063624
-0.106076
0.206722
0.538572
0.656819
0.679017
0.555621
0.036555
0.124207
0.361345
0.859466
1.111047
1.225742
1.002119
0.584059
0.237172
-0.017902
0.255672
-0.055232
-0.207082
-0.304099
-0.342357
-0.640234
-0.595323
-0.391252
-0.192127
-0.185400
-0.282538
-0.145685
-0.197009
-0.227966
-0.016303
0.266687
0.261007
-0.035963
-0.162360
-0.441638
-0.531633
-0.380123
0.049373
0.370597
0.716420
1.091608
1.089645
0.979448
0.839458
0.568637
0.358379
0.213127
0.298344
0.082709
0.015705
-0.265525
-0.707842
-1.273209
-1.355337
-1.520535
-1.593275
-1.429117
-1.125981
-1.025218
-0.682171
-0.298452
0.052252
0.307975
0.605364
1.088681
1.259991
1.389719
1.475999
1.374294
0.976918
0.598667
0.263490
0.180642
0.128990
0.185508
0.121298
0.145517
0.121102
-0.263776
-0.653755
-0.636537
-0.283004
-0.402171
0.072799
0.096317
0.170899
-0.137738
-0.036219
-0.136459
0.052363
-0.020301
0.070918
-0.376996
-0.824040
-0.944822
-0.987203
-0.796739
-0.191736
0.014442
0.332320
0.647487
0.428421
0.186873
0.232880
0.070586
-0.549487
-0.422350
-0.517503
-0.543041
-0.655444
-0.221768
-0.149540
-0.040023
0.099375
0.316365
0.358154
0.143036
0.037958
0.344821
0.391881
0.386639
0.512946
0.688859
0.864239
0.855738
0.706869
0.342697
0.146281
-0.501690
-0.676720
-0.261997
0.097268
0.421431
0.690056
0.566489
0.266402
-0.036933
-0.387476
-0.677194
-0.783658
-0.928218
-0.858004
-0.589692
-0.227085
0.236688
0.689272
0.797608
0.485956
0.268172
-0.063407
-0.534198
-0.697842
-0.820265
-0.932083
-1.098747
-0.794811
-0.625462
-0.271768
-0.169558
-0.073214
0.082660
0.444112
0.486624
0.646540
0.840407
0.487389
0.176816
0.143468
0.035862
-0.029196
0.052218
-0.012094
-0.115492
-0.293005
-0.369044
-0.535136
-0.295397
0.027690
-0.228567
0.469906
0.848050
0.730530
0.698459
1.129997
0.895753
0.728431
0.348584
-0.147468
-0.076429
-0.711786
-0.539578
-0.382782
-0.215883
-0.356575
-0.207383
-0.633537
-0.555102
-0.400254
-0.287359
0.029966
0.177551
0.491103
0.380282
0.323935
0.759714
1.311299
1.055173
1.282577
1.279125
0.611752
0.058704
-0.098952
-1.080824
-1.389198
-1.363357
-1.374118
-1.250905
-0.495547
-0.300691
-0.347983
-0.728093
-1.102007
-1.015332
-0.971219
-0.724364
-0.279331
0.547108
1.090591
1.387131
1.478604
1.603187
1.085649
0.240150
-0.012460
-0.201811
-0.188434
-0.443897
-0.307838
-0.379831
-0.277450
-0.673777
-0.512534
-0.254619
-0.299188
-0.441855
0.169668
0.404662
0.570251
0.729363
0.794723
0.533292
0.328259
-0.088054
-0.291788
-0.087984
-0.055388
0.082464
0.212409
0.539675
0.401279
0.618816
0.681025
0.501740
0.359591
0.211371
-0.278149
-0.541263
-0.673152
-0.487869
-0.351758
-0.291086
0.000872
0.275602
0.175118
0.312550
0.527302
0.149952
-0.126776
-0.442878
-0.913635
-0.905317
-1.078041
-0.770236
-0.622993
-0.394264
-0.405684
0.200641
0.278494
0.217118
0.109895
-0.121657
-0.221186
-0.339434
-0.270593
-0.093561
-0.013583
-0.417288
-0.536080
-0.505588
-0.222186
-0.088880
0.351237
0.665578
0.632695
0.530984
0.335792
-0.327535
-1.027576
-1.401399
-1.901454
-1.402869
-0.266165
0.410743
0.944569
1.337726
1.062363
0.323943
0.137793
-0.012710
-0.355774
-0.566097
-0.395884
-0.158717
0.165009
0.590543
0.975849
1.105707
1.094221
0.798904
0.616522
0.224678
0.030010
-0.306627
-0.309560
-0.383503
-0.262739
-0.344754
-0.542674
-0.759044
-0.720506
-0.757060
-0.681837
-0.024504
0.509037
0.565691
0.522162
0.985374
1.244395
1.475252
1.769274
1.687173
1.364008
0.694952
-0.102632
-0.647388
-0.661984
-0.953634
-0.782002
-0.150718
-0.036631
0.012645
0.054266
-0.011205
-0.534522
-0.299197
-0.178283
0.050402
0.122139
0.237054
0.066181
-0.298692
-0.603407
-0.863455
-0.990698
-1.131695
-0.881869
-0.687667
-0.426426
-0.094329
0.241392
0.475569
0.581395
0.503379
0.521144
0.368095
0.422317
0.313529
0.191893
-0.039453
-0.078079
-0.118313
0.151498
0.616327
0.817659
0.779231
0.818882
0.766300
0.641989
0.667831
0.605239
0.294831
-0.137763
-0.624709
-1.183111
-1.000685
-0.907906
-0.733649
-0.906552
-0.794254
-1.109924
-1.166925
-1.063589
-0.844269
-0.423981
0.090602
0.497518
0.291671
0.705336
0.546024
0.162458
-0.151227
0.216715
0.161698
0.596757
0.695939
0.702032
0.531315
0.441900
0.168389
0.121107
0.137989
0.319106
0.408882
0.471600
0.500229
0.509699
0.325776
0.101829
-0.399345
-0.740507
-1.220691
-1.327523
-1.188632
-1.054376
-0.827705
-0.654587
-0.716550
-0.903389
-1.052227
-0.716351
-0.191843
0.222702
0.461935
0.961689
0.802303
0.651190
0.663243
0.718192
0.794238
0.731115
0.846685
0.788801
0.678877
0.455871
0.373202
0.185332
0.097889
0.196867
0.120118
0.071498
-0.228361
-0.167313
-0.722403
-0.902814
-0.915006
-0.778750
-0.897601
-1.032438
-0.581193
-0.259403
-0.018745
-0.027229
0.881203
1.175000
1.091010
0.862589
0.779634
0.452428
0.019146
-0.194267
-0.197345
-0.041655
-0.139233
-0.290994
-0.076570
-0.205576
-0.050135
0.282989
0.302657
0.268318
1.144568
1.219819
1.025398
1.207877
0.976096
0.037076
-0.164882
-0.072720
-0.737451
-0.821701
-0.740039
-1.083206
-0.992185
-0.387480
-0.158183
-0.080370
0.123367
-0.161300
-0.417808
-0.549152
-0.523547
-0.552531
-0.282801
0.089581
0.285111
0.406988
0.318247
0.203767
0.189485
0.328000
0.131198
0.439468
0.303151
0.181786
-0.044091
0.109995
-0.299954
-0.536908
-0.583805
-0.297225
-0.285807
-0.014923
0.410185
0.489727
0.373827
0.487880
0.390159
0.068240
-0.091829
-0.066648
-0.103462
-0.297291
-0.369594
-0.505500
-0.956665
-1.253126
-0.869059
-0.670657
-0.308939
0.156040
0.544571
0.287717
0.241063
0.348343
0.431878
0.563615
0.644996
0.602371
0.396189
-0.018019
-0.341107
-0.284192
-0.129593
-0.247115
-0.236416
-0.212341
-0.014726
0.095352
-0.011898
0.225958
-0.184617
-0.265145
-0.572322
-0.635074
-0.325992
0.337942
0.271454
0.394869
0.718536
0.429311
0.008104
0.069157
0.003776
0.131351
-0.147297
-0.145889
-0.379775
-0.268294
-0.546155
-0.293194
0.054460
0.277603
0.108221
0.198824
0.154869
-0.145852
-0.108611
0.340693
0.507785
0.817839
1.140964
0.973893
0.879708
0.773952
0.630818
0.484504
0.662422
0.387176
0.201540
-0.101115
-0.168658
-0.368646
0.058112
-0.121564
-0.215766
-0.322836
-0.518199
-1.153286
-0.998164
-1.107114
-1.370875
-1.487601
-1.226648
-1.002631
-0.815909
-0.616761
-0.088902
-0.062203
0.031544
0.429953
0.750912
0.644031
0.671336
0.370996
0.057412
0.354525
0.552458
0.708055
0.932426
1.082412
0.756820
0.665430
0.324774
0.072566
-0.163115
-0.421888
-0.955801
-0.919030
-0.704383
-0.543545
-0.353957
0.142939
0.180414
-0.245895
-0.725304
-0.776371
-0.815917
-0.523908
0.022671
0.326835
0.339414
0.149113
-0.265734
-0.754782
-0.657622
-0.500353
-0.130470
0.429194
0.928686
1.104793
1.026279
0.876148
0.564103
0.424015
0.207887
0.095004
-0.140188
-0.047608
-0.349341
-0.207469
0.038612
0.162500
0.229630
0.667972
0.719523
0.423772
0.199717
-0.187072
-0.626587
-0.636774
-0.781258
-0.776529
-0.908814
-0.870118
-1.079701
-0.883468
-0.870341
-0.812850
-0.556908
-0.403053
-0.016661
0.444815
0.942674
0.909702
0.937202
0.730434
0.570203
0.353220
0.301161
0.138250
0.184705
0.326698
0.072000
0.295143
0.360055
-0.049976
-0.472767
-0.447111
-1.018250
-0.712960
-0.242874
0.051965
0.407401
0.892722
0.712691
0.324368
0.393525
0.379559
0.278239
0.188486
0.399619
0.135475
-0.401271
-0.411575
-0.281791
-0.488062
-0.689947
-0.562404
-0.387971
-0.667124
-0.412543
-0.007359
0.353404
0.067295
0.519321
0.460130
0.304657
0.232131
0.656705
0.759364
0.707431
0.575384
0.412483
-0.038415
-0.337478
-0.388464
0.051605
0.082917
0.342698
0.124885
-0.190224
-1.110008
-0.705537
-0.998209
-0.827046
-0.395824
0.365309
-0.049721
0.205837
0.222657
-0.112532
-0.508709
-0.377727
-0.580873
-0.701240
-0.005198
0.441174
0.506264
0.646422
0.545903
0.025712
-0.437463
-0.409999
-0.387719
-0.624304
-1.037405
-0.648691
-1.380977
-1.552868
-1.477837
-0.863132
-1.012605
0.110096
0.213075
0.465457
0.460094
0.848192
-0.091491
0.739984
0.899420
0.684600
0.492776
1.150153
0.267319
0.115084
0.240895
-0.035695
-0.376484
-0.136117
-0.026772
0.144883
0.317905
0.327049
0.027068
-0.080103
-0.058175
-0.060555
0.178964
0.356124
0.448938
0.357554
0.138628
-0.115184
-0.409571
-0.257757
-0.188673
-0.105108
-0.180120
-0.272692
-0.649546
-0.697746
-0.579048
-0.085276
0.428763
0.824955
0.598524
0.833716
0.659920
0.406115
-0.131868
-0.193061
-0.398275
-0.543188
-0.440157
-0.294071
-0.226129
-0.384689
-0.317449
-0.129379
0.339635
0.446189
0.665336
0.598757
0.313455
0.154271
0.144093
0.275320
0.524619
0.547012
0.341519
-0.012849
-0.588952
-1.000979
-0.970586
-1.330319
-1.482483
-1.005561
-0.559809
-0.488006
0.078142
1.070016
1.133747
0.754400
0.493902
0.394014
-0.173768
-0.449131
-0.533882
-0.216501
-0.226551
-0.170311
0.247777
0.562483
0.569085
0.717299
0.849136
0.248500
0.269356
0.302218
0.078381
0.232315
0.515435
0.190449
-0.378447
-0.681992
-1.027153
-0.940393
-0.465354
-0.116251
0.443527
0.484289
0.483447
0.179438
0.214257
0.019650
0.228195
0.134671
0.012463
-0.133787
-0.362362
-0.535022
-0.403307
-0.368048
-0.313276
-0.075990
-0.017977
0.064919
0.654285
0.958542
0.788874
0.637567
0.503016
0.075194
-0.264782
-0.363197
-0.552805
-0.749507
-0.963206
-0.821939
-0.799687
-0.528267
-0.388936
-0.025615
0.155487
0.476415
0.571891
0.187403
-0.101867
-0.288872
-0.493809
-0.953099
-1.127116
-0.983601
-0.677135
-0.297219
0.357322
1.012075
1.217803
1.156926
1.095863
0.807001
0.703799
0.447278
0.370311
0.213966
0.581255
0.631716
0.737609
0.555771
0.353423
-0.137303
-0.259744
-0.451417
-0.558587
-0.708566
-0.811477
-1.110434
-1.234620
-1.256402
-1.170490
-0.986602
-0.653828
-0.224660
0.229326
0.437212
0.506329
0.617604
0.558779
0.407966
0.564863
0.576076
0.496898
0.285595
0.306644
0.333192
0.455456
0.539875
0.689987
0.457243
0.195427
0.174026
-0.171942
-0.680418
-0.981537
-1.190500
-1.638536
-1.531105
-1.249588
-0.899703
-0.664478
-0.332692
-0.207791
0.016748
0.217790
0.654272
0.885831
1.210684
1.252790
1.223943
0.736971
0.557303
0.436722
0.446920
0.162037
0.003119
0.070922
0.165554
0.385567
0.742068
1.133065
0.946231
0.737374
0.287470
-0.053267
-0.446352
-0.473529
-0.706824
-0.713816
-0.640024
-0.237251
0.330101
0.516283
0.496678
0.471096
0.270238
-0.446469
-0.617601
-0.419363
-0.168001
-0.187494
-0.102967
-0.039478
-0.518675
-0.857938
-1.100482
-0.927493
-0.885295
-0.598253
-0.675692
-0.497959
-0.378978
-0.273733
-0.032667
0.280099
0.328889
0.279870
0.238533
0.274483
-0.325355
-0.687398
-0.797116
-0.900801
-0.969537
-0.224039
0.521795
0.723459
1.085458
1.183676
0.862922
0.627984
0.629943
0.509789
0.043152
0.282462
0.600232
0.267806
0.091375
0.301023
-0.101018
-0.830966
-0.721381
-0.523243
-0.372459
0.057513
0.537099
0.620818
0.411798
0.218540
0.061813
-0.135750
-0.377744
-0.618609
-0.533466
-0.778812
-0.691417
-0.574394
-0.221135
0.296814
0.840179
1.090192
1.452105
1.819729
0.945507
0.100576
-0.345742
-0.781576
-1.227763
-0.772067
-0.359307
-0.218536
0.063739
0.175874
-0.002477
-0.019507
0.027814
-0.072392
-0.015197
-0.116917
0.210291
0.321504
0.287636
-0.005833
0.372705
0.325473
-0.031156
-0.277484
-0.337240
-0.489284
-0.565386
-0.362996
-0.107197
0.075815
0.198000
0.157191
0.010382
0.019450
-0.321570
-0.712146
-0.678104
-0.648845
-0.442908
-0.032447
0.235919
0.157755
0.465232
0.152286
-0.069505
-0.127670
-0.192925
-0.521069
-0.662553
-0.624256
-0.671645
-0.416581
-0.101551
0.227756
0.430835
0.789966
0.896238
0.920527
0.680083
0.349697
-0.175071
-0.720924
-0.748797
-0.280894
0.013093
0.172993
0.499072
0.402264
0.097973
0.361065
0.563270
0.714893
0.687542
0.994963
0.742665
0.634053
0.458409
0.389051
-0.155545
-0.578494
-0.809599
-0.892042
-1.070393
-1.097864
-1.036882
-0.758176
-0.943107
-0.881720
-0.480859
-0.064217
-0.308199
-0.021958
0.198843
0.326427
0.255940
0.600952
0.400574
0.331912
0.004527
-0.016298
-0.070265
0.237465
0.401322
0.255150
0.257462
0.261840
0.040898
-0.256152
-0.074089
-0.212776
-0.439912
-0.362357
-0.114594
0.018325
0.164861
-0.007514
-0.248459
-0.403506
-0.346401
-0.267163
-0.248643
0.183997
0.647999
0.691110
0.734385
1.084484
1.050068
1.067810
1.176733
0.799022
0.609837
0.431501
0.132874
-0.627943
-0.348575
-0.260538
-0.550242
-0.987130
-0.754052
-0.691667
-0.739937
-0.453419
-0.246454
-0.195968
-0.664423
-0.945718
-0.710477
-0.472322
-0.213042
0.219358
0.403554
0.198445
-0.263914
-0.526692
-0.715416
-0.564290
-0.326351
0.178060
0.589825
0.792791
0.849377
0.705889
0.608315
0.368761
0.406855
0.548333
0.411592
0.277317
0.328940
0.020001
-0.358319
-0.290121
-0.343395
-0.527838
-0.414162
-0.033361
0.050998
0.356920
0.479460
0.756058
0.429280
0.129025
0.256499
0.211302
-0.047330
0.056167
0.331544
0.237492
0.123537
0.029366
0.296085
0.456442
0.375059
0.775420
0.982161
0.676615
0.093062
-0.406921
-0.888678
-1.408741
-1.481460
-1.217901
-0.687506
-0.255044
0.234485
0.475743
0.682034
0.555215
0.352397
0.282112
0.409035
0.397018
0.534034
0.618119
0.725395
0.596477
0.231548
-0.122542
-0.552134
-0.943851
-1.361349
-1.457852
-1.452913
-0.931583
-0.580914
-0.369394
0.025626
0.101713
0.032956
0.078414
0.023034
-0.117363
0.081640
0.035875
-0.035876
0.191147
0.561620
0.378706
0.623896
0.896828
1.121499
1.084703
1.189466
0.906099
0.353891
-0.203752
-0.701793
-0.909776
-1.117033
-1.029602
-0.823297
-0.720927
-0.543733
-0.465587
-0.346737
-0.133935
0.087971
0.186601
0.579169
0.703790
0.912945
0.802024
0.684516
0.333406
0.220580
-0.276278
-0.591207
-0.917734
-0.869644
-0.806058
-0.841876
-0.792198
-0.716495
-0.825230
-0.658084
-0.313829
0.134979
0.496003
0.667775
0.464835
0.611639
0.647976
0.657655
0.799884
0.865689
0.559153
0.230504
0.086973
-0.293614
-0.655912
-0.867885
-0.872850
-0.921060
-0.782681
-0.371841
-0.296845
-0.031431
0.207139
0.054770
-0.223503
0.087571
0.215011
0.192027
0.676246
1.111757
1.250881
1.233184
1.106398
0.829737
0.499692
0.062357
-0.375502
-0.471367
-0.358307
-0.475497
-0.235308
-0.170313
-0.111056
-0.272540
-0.237705
-0.214779
0.031260
-0.022665
0.046762
-0.197992
-0.437633
-0.861159
-0.863606
-0.674856
-0.156299
-0.000419
0.463732
0.690739
0.541707
0.198276
-0.009252
-0.135013
-0.333981
-0.207357
-0.241082
-0.085037
-0.139128
-0.172828
-0.495492
-0.284434
-0.460809
-0.480090
-0.548837
-0.075388
0.025965
0.163649
0.293362
0.650743
0.533711
0.361310
0.099716
0.069688
-0.114537
-0.493462
-0.541118
-0.395323
-0.281062
-0.374333
-0.371484
-0.391954
-0.417413
-0.648363
-0.592924
-0.124924
-0.081878
0.417095
0.764002
1.126660
0.935886
1.073269
0.770325
0.465168
0.149179
0.246834
0.388390
0.442480
0.413779
0.351939
-0.025677
-0.338267
-0.371168
-0.454385
-0.538107
-0.198881
0.101905
-0.161319
-0.243930
-0.430704
-0.527445
-0.946652
-0.811972
-0.535883
-0.286903
0.191467
0.497775
0.256958
-0.077281
0.037383
-0.363488
-0.296404
0.136482
0.517821
0.527579
0.447030
0.343489
0.130308
-0.299817
-0.425689
-0.534750
-0.773652
-0.918172
-0.651886
-0.519174
-0.196922
0.320539
0.788303
0.898963
0.887145
0.602805
0.078285
-0.453454
-0.706620
-1.101505
-1.278917
-0.766762
-0.237281
0.142629
0.355863
0.440849
0.135190
-0.026274
-0.067851
0.244750
0.467478
0.672266
0.834572
0.716793
0.537349
0.386358
0.236453
0.064521
0.062164
0.079815
0.055413
0.084121
0.266760
-0.377710
-0.731720
-1.368174
-1.807440
-2.475811
-1.572855
-1.321999
-0.674212
-0.293740
0.299935
0.260834
0.843340
0.889559
1.008810
0.954426
0.786081
0.487361
0.281075
0.249817
0.323653
0.323743
0.159074
0.367096
0.408113
-0.010452
-0.551339
-0.822084
-0.764453
-0.711201
-0.585411
-0.247767
0.279090
0.257761
0.016743
0.021241
0.571740
0.324211
0.397711
0.183706
-0.079664
-0.805209
-1.032895
-1.221665
-0.721137
-0.332899
0.249526
0.548093
0.823608
0.576754
0.470682
0.344677
0.253818
-0.028822
-0.378817
-0.386078
-0.505938
-0.457922
-0.599125
-0.343470
-0.096388
-0.138501
-0.125789
-0.081161
-0.223493
-0.544388
-0.667624
-0.718658
-0.554130
-0.134518
0.129801
0.335386
0.379394
0.315380
0.131431
0.288236
0.332143
0.380927
0.593566
0.856271
0.899163
1.064610
1.325352
1.490858
1.203869
1.204841
0.759018
0.400517
-0.115784
-0.148408
-0.148485
-0.102767
-0.293340
-0.422940
-0.376282
-0.574613
-0.642676
-0.415406
-0.375459
-0.449851
-0.981222
-1.372386
-1.469750
-1.289571
-1.376090
-0.807078
-0.153734
-0.053220
-0.133991
0.175244
0.140968
0.085716
0.080640
0.320732
0.386840
0.422981
0.068410
-0.178651
-0.144626
-0.210206
0.079847
0.659258
0.757861
0.923879
0.622597
-0.037735
-0.133340
-0.159122
-0.468906
-0.221928
-0.263442
-0.923630
-0.712785
-0.616477
-0.644384
-0.232655
0.666780
0.777706
0.995327
1.167862
1.165589
0.819331
0.399495
-0.064092
-0.284641
-0.312269
-0.478900
-0.306778
0.093663
0.297539
0.254864
0.052815
-0.051024
-0.377485
-0.761653
-1.037632
-0.638450
-0.361090
-0.030357
-0.056614
0.417911
0.474933
0.323366
-0.034780
0.229393
0.371565
0.165467
0.171910
0.259502
0.108460
-0.023815
0.010395
0.031614
0.139350
0.380483
-0.046786
0.133823
0.327240
0.477071
0.580626
0.699900
0.648899
0.479319
0.142632
-0.291805
-0.465367
-0.740838
-0.809156
-1.164802
-0.982858
-0.636054
-0.281425
-0.171813
0.472737
0.462938
0.141080
-0.316460
-0.661138
-0.855738
-0.552583
0.075349
0.504970
0.728578
0.708641
0.730200
0.083564
-0.334458
-0.385878
-0.036943
-0.264422
-0.229597
0.169555
0.417188
0.216696
-0.234869
-0.434967
-0.496287
-0.755008
-0.857700
-0.497031
-0.095350
-0.183476
-0.027168
0.108395
0.248793
0.246417
0.690981
1.079588
0.554096
0.458201
0.832515
0.608032
0.028414
0.313354
0.543707
0.263586
0.380673
0.392389
0.236438
-0.123984
-0.391814
-0.668013
-0.405040
-0.224761
-0.317131
-0.159324
-0.278741
-0.460411
-0.279595
-0.039127
-0.136732
-0.167982
-0.433598
-0.787987
-1.064305
-0.942706
-0.509580
0.279270
0.868116
1.342588
1.226555
0.719373
0.266234
-0.041565
-0.014078
0.209740
0.419250
0.565235
0.676482
0.556427
0.278361
0.074073
-0.337885
-0.596065
-0.793593
-0.646908
-0.416292
-0.042667
0.159500
0.252729
0.378972
0.520322
0.208097
-0.029721
-0.432515
-0.562460
-0.890171
-0.839866
-0.731723
-0.212378
-0.078034
0.337537
0.629164
0.829202
0.863298
0.615694
0.571259
0.698127
0.584886
0.453885
0.591942
0.370464
-0.001314
-0.322435
-0.558890
-0.767153
-0.858828
-0.997028
-0.620499
-0.245563
0.107809
0.334656
0.670248
0.570858
0.270958
-0.037207
-0.248198
-0.434666
-0.565481
-0.462928
-0.396924
-0.521382
-0.321661
-0.048560
-0.117143
-0.090106
0.243109
0.108056
0.264953
0.661373
0.644673
0.655228
0.613136
0.599357
0.571829
0.906559
0.720667
0.457138
-0.025159
-0.263391
-0.738369
-0.837162
-0.562246
-0.532217
-0.738071
-0.743521
-0.628440
-0.693334
-0.489761
-0.235302
0.004190
0.163237
0.225525
0.123609
0.082204
0.206913
0.358652
0.615791
0.605883
0.495122
0.240623
-0.248242
-0.613273
-0.785922
-0.658364
-0.510411
-0.134693
0.334591
0.784632
0.921647
1.003734
1.019793
0.649715
0.383050
0.150983
0.143850
-0.416411
-0.715310
-1.020117
-1.124380
-1.320002
-0.992982
-0.370911
0.161265
0.424687
0.737569
0.677440
0.377911
0.339768
0.273818
-0.219395
-0.172097
-0.454206
-0.742454
-0.641629
-0.251248
-0.245229
0.082464
0.264074
0.183184
-0.109352
-0.214890
-0.233388
-0.190258
-0.450364
-0.390756
-0.099816
0.240604
0.133832
0.573710
1.024819
1.193047
1.086059
1.189411
1.133705
0.550756
-0.041791
-0.427691
-0.560279
-0.917304
-0.675769
-0.460955
-0.356935
-0.336869
-0.206091
-0.327766
-0.370829
-0.229439
0.102758
0.251386
0.476105
0.538947
0.131140
-0.261751
-0.199690
-0.435866
-0.372310
0.093865
0.518144
0.318304
0.801742
0.840486
0.481389
-0.074883
-0.204744
-0.340876
-0.502106
-0.396909
-0.547371
-0.834451
-1.311752
-1.195082
-1.169659
-0.643245
-0.074091
0.272068
0.353869
0.785101
0.741871
0.690098
0.928905
1.136302
0.981648
1.172764
0.948394
0.407336
0.119125
-0.076045
-0.324279
-0.461068
-0.296540
-0.707082
-0.845288
-0.836393
-0.736709
-0.638260
-0.369880
-0.514966
-0.404358
-0.025086
-0.108267
-0.142068
0.104521
0.003983
-0.056278
0.098329
0.443276
0.549078
0.543496
0.520005
0.527065
0.485916
0.723559
0.801999
0.755634
0.688412
0.717812
0.575661
0.135944
-0.067892
0.052694
-0.258834
-0.668386
-0.590082
-0.522684
-0.900899
-0.801280
-0.823680
-0.817150
-0.917361
-0.974080
-0.961236
-0.559009
-0.303884
0.126917
0.606560
0.620838
0.409807
0.274998
0.029693
-0.088653
-0.001059
0.292531
0.572184
0.704918
0.485571
0.376193
0.133377
-0.323907
-0.541069
-0.326246
-0.240831
-0.231134
0.214285
0.110620
-0.165185
-0.494584
-0.633098
-0.669276
-0.500291
-0.127111
0.368189
0.811737
0.745851
1.038541
1.014850
0.750746
0.511721
0.248325
0.010361
0.055273
0.200483
0.395446
0.268717
0.093733
-0.205970
-0.174604
-0.329358
0.118155
0.400698
0.203738
-0.009008
-0.263755
-0.635262
-1.136529
-0.939160
-0.867847
-0.407736
-0.042950
0.425680
0.554393
0.650369
0.473151
0.147364
-0.295138
-0.651821
-0.938854
-1.167610
-0.812826
-0.087779
0.599972
1.066681
1.185701
1.366412
1.037088
0.363494
0.091112
0.072790
-0.354176
-0.984912
-0.758669
-0.837043
-0.914495
-0.818828
-0.126012
0.016457
0.224304
0.323800
0.020558
-0.440626
-0.534077
-0.352740
-0.298001
-0.146608
0.346519
0.731374
0.599631
0.600286
0.961132
0.880466
0.437088
0.180361
0.083255
-0.138784
-0.205571
0.177701
0.413691
0.418573
0.334771
0.015005
-0.559548
-0.823618
-1.154473
-1.265897
-1.283763
-1.008996
-0.965453
-0.351620
0.043079
0.435416
0.540478
0.812405
0.783337
0.833029
1.066208
1.094770
0.981392
0.685986
0.438918
0.147222
-0.031019
-0.223488
-0.656338
-0.825206
-0.649843
-0.577536
-0.490617
-0.009034
-0.007806
-0.310283
-0.217901
0.100345
0.162995
0.428656
0.959505
0.825674
-0.454872
-0.901532
-1.409739
-2.303288
-2.241644
-0.758373
-0.343172
0.604003
1.201216
1.218597
0.839276
0.868002
0.509406
0.673294
0.575559
0.415751
0.806166
1.108796
0.763147
0.639169
0.745459
0.321153
0.011020
-0.053686
-0.022323
0.053455
-0.229515
-0.531052
-0.253237
0.470637
0.296850
0.574950
0.273618
-0.144259
-0.703215
-0.670712
-0.948894
-1.364519
-1.242478
-1.227320
-1.316447
-1.190554
-0.229853
-0.332115
-0.475654
-0.445085
0.045235
-0.049543
0.419050
0.583466
0.783307
0.530543
0.786714
0.411829
0.308441
0.468708
0.430025
0.244023
0.578953
0.736049
0.607458
0.266533
0.018134
-0.466047
-0.975770
-1.324039
-1.086195
-1.020903
-0.723812
-0.227307
-0.007399
0.137092
0.617051
0.840859
0.590661
0.418105
0.015461
-0.672222
-0.789584
-0.539472
-0.370616
0.023902
0.061155
-0.177459
-0.293318
-0.243244
-0.155516
0.305846
0.547820
0.404997
0.329419
0.296408
-0.042885
-0.323108
-0.519217
-0.777006
-0.862694
-0.616089
-0.393429
-0.093291
0.055624
0.241076
0.241116
0.260162
0.155499
0.273206
0.159911
0.364122
0.454414
0.743267
0.814656
0.836870
0.590356
0.398842
0.207059
-0.053468
-0.279924
-0.381419
-0.599322
-0.890799
-0.879878
-0.971100
-1.065196
-1.067050
-0.478399
-0.298858
0.005788
0.276399
0.676990
0.583325
0.709825
0.809138
0.773160
0.470807
0.290565
0.227411
0.142215
0.086826
0.301719
0.328576
0.135578
-0.054085
-0.008564
0.109205
0.166404
0.496182
0.783143
0.960148
0.674651
0.572600
0.112964
-0.158215
-0.520346
-0.461508
-0.339319
0.120678
-0.056840
-0.139891
-0.608158
-1.175860
-1.637744
-1.446828
-1.288472
-0.717847
-0.374677
-0.383118
-0.189920
-0.185346
-0.247690
-0.152550
0.419695
0.561991
0.838964
0.904453
1.277336
1.282810
0.937834
0.652470
0.789908
0.462809
-0.040508
-0.157285
-0.098415
-0.346615
-0.509102
-0.640513
-0.691438
-0.252351
-0.257550
-0.188168
-0.195587
-0.446100
-0.821424
-0.588455
-0.433021
-0.133836
0.325278
0.207018
0.129314
0.083244
-0.074851
-0.226811
0.144799
0.091626
0.360330
0.612626
0.842204
0.699203
0.399097
0.075391
0.341883
0.270689
0.272200
0.416938
0.302614
0.124870
-0.047087
-0.526287
-0.568554
-0.624737
-0.894602
-0.724468
-0.503756
-0.274945
-0.003548
0.165794
0.334516
0.422875
0.105846
-0.380165
-1.063985
-1.843530
-2.195142
-1.968867
-1.491110
-0.602697
0.305009
0.930770
1.164468
1.427047
1.394869
1.258626
0.917526
0.560356
0.299784
0.144581
0.222640
0.387595
0.701331
0.697385
0.539900
0.338194
0.431922
-0.059852
0.006462
0.126598
0.117552
-0.081547
-0.026387
-0.212264
-0.364099
-0.522853
-0.645473
-0.683741
-0.548768
-0.413891
-0.618238
-0.745457
-0.227711
-0.024985
0.215193
0.787106
0.987038
0.724377
0.696401
0.299322
0.188530
0.276441
0.149201
-0.260703
-0.040443
-0.256030
-0.319482
-0.063997
0.225981
0.315037
0.491700
0.461723
0.272548
0.090444
0.216615
0.363232
0.288966
0.523598
0.157104
-0.715079
-1.229077
-1.442625
-1.897042
-1.892485
-1.884113
-1.718360
-1.322945
-1.003277
-0.864235
-0.252594
-0.060283
-0.011262
-0.099084
-0.083702
-0.265404
-0.336592
-0.428995
-0.470959
-0.231042
-0.007857
0.222144
0.014026
0.182605
0.470637
0.756644
0.876038
1.181321
1.480137
1.712669
1.286066
0.942717
0.733724
0.249227
-0.595483
-0.396185
-0.437531
0.277924
1.026335
1.449007
1.369686
1.145109
0.422544
-0.184754
-0.203846
-0.275973
0.301913
0.701311
0.734720
0.521754
0.458726
0.237908
0.240310
0.133807
0.071573
0.134826
0.061231
-0.174011
-0.308407
-0.568815
-0.468368
-0.671179
-0.855879
-0.790087
-0.382793
-0.628139
-0.325208
-0.419780
-0.438157
-0.406146
-0.097365
-0.028342
0.400793
0.658356
0.795252
0.428401
-0.008120
-0.437879
-0.896219
-1.005742
-0.851048
-0.603091
-0.235642
0.200759
0.196873
0.244419
0.168964
0.016703
0.048848
0.391729
0.735642
1.022764
1.205674
1.258916
0.883047
0.766588
0.708344
0.460314
0.157287
0.065590
-0.334651
-0.464213
-0.544004
-0.607884
-0.665816
-0.735827
-0.914356
-0.705779
-0.641506
-0.419287
-0.197119
0.018487
-0.204668
-0.040680
0.096522
0.180200
0.060678
0.369138
0.350357
-0.116167
-0.345746
-0.501007
-0.797586
-0.819762
-0.452776
0.032286
0.305327
0.699545
0.913238
1.099330
0.899091
1.102708
1.018432
0.823731
0.584774
0.545752
0.150399
-0.267620
-0.559583
-0.552515
-0.764062
-1.055458
-0.910062
-0.674551
-0.750254
-0.754023
-0.450570
-0.289429
-0.232087
-0.187964
0.066635
0.359960
0.547022
0.861046
1.197694
1.134913
0.810293
0.821511
0.699378
0.190053
-0.022262
-0.146851
-0.562814
-0.837482
-0.717637
-0.577025
-0.253315
-0.005324
-0.041197
-0.262115
-0.498907
-0.453232
-0.359506
0.023973
0.250197
0.604979
0.588279
0.422226
0.090629
0.378770
0.504742
0.782015
1.238518
1.348435
0.978626
0.342951
-0.554822
-1.303412
-1.629223
-1.583606
-1.043236
-0.607186
-0.134269
-0.027631
0.025342
-0.054913
0.010145
-0.215377
-0.259067
-0.506098
-0.721359
-0.704379
-0.598621
-0.068440
0.237527
0.497865
0.613823
0.680642
0.494746
0.593729
0.523420
0.351932
0.361763
-0.033827
-0.615426
-1.145381
-1.233856
-1.315389
-1.187283
-0.501492
0.269284
0.553610
0.651148
1.088050
1.077973
0.806025
1.010930
0.499052
0.089140
-0.044437
0.044454
-0.407112
-0.152033
0.001766
-0.063183
-0.220528
-0.157317
0.448224
0.517794
0.602112
0.374152
0.480504
0.106831
-0.218554
-0.469772
-0.356071
-0.675646
-1.048360
-1.096274
-0.953126
-0.652122
-0.190485
0.095397
0.493480
0.649660
0.400178
0.078657
0.136075
0.223829
0.043716
0.167935
0.142164
0.052657
0.118176
0.398036
0.591829
0.836698
1.153014
1.033742
0.886568
0.945357
0.655020
0.202919
-0.071035
-0.319714
-0.628791
-0.677455
-0.808642
-0.991681
-1.073125
-1.123624
-1.027609
-0.815457
-0.540863
-0.121881
0.101563
0.217166
-0.044190
-0.080895
-0.365970
-0.489038
-0.599484
-0.482448
-0.667422
-0.673693
-0.625640
-0.607684
-0.626718
-0.492964
-0.341874
-0.349178
-0.153396
0.153665
-0.497146
-0.302910
-0.240328
-0.197131
0.177662
1.199087
1.049625
0.867158
0.710498
0.443964
0.723434
1.006405
0.899554
0.819067
0.260817
-0.233879
-0.460243
-0.141066
0.425487
0.756774
0.780124
0.113957
0.061564
-0.266962
-0.406405
-0.498203
-0.054811
0.007604
-0.134044
0.097194
-0.051939
0.053843
-0.271025
-0.396233
-0.248102
0.163373
-0.013266
0.331612
0.685837
0.527762
-0.302437
-0.680925
-0.749418
-1.272662
-1.255378
-0.651946
-0.126322
-0.036707
0.329270
-0.040153
0.023157
-0.398271
-0.676544
-0.660454
-0.367984
-0.458778
0.214434
0.395278
0.932486
1.541372
1.518105
1.631485
1.535632
1.156023
0.747750
1.108906
0.740124
0.897385
0.711994
-0.259636
-0.731378
-0.922249
-1.314502
-1.639011
-0.902840
-0.973155
-0.672874
-0.198074
0.157455
0.334059
0.483401
0.534088
0.217833
0.037344
-0.248552
-0.214173
-0.627220
-0.480235
-0.344975
-0.092434
-0.214102
0.066863
-0.134586
-0.287308
-0.588050
-0.635264
-1.096760
-1.403076
-1.753270
-1.822769
-1.666250
-1.277396
-0.671037
-0.264582
0.090247
0.210389
0.390433
0.287772
0.468527
0.564573
0.445341
0.371109
0.616492
0.808577
0.783916
1.107238
1.310425
1.192839
1.001208
0.893253
0.975587
0.929971
0.804329
0.797450
1.006827
0.761013
0.911364
0.826753
0.661731
0.225164
-0.137635
-0.691078
-0.954033
-1.023867
-0.921458
-0.790707
-0.620291
-0.209741
0.047066
0.330339
0.484598
0.460331
0.164982
-0.185382
-0.785214
-1.244382
-1.243283
-1.155078
-0.625055
-0.008784
0.266379
0.116991
0.311509
0.370366
0.077522
0.128514
0.229833
0.026719
-0.352209
-0.396517
-0.381352
-0.286320
-0.331574
-0.427742
0.035885
0.003443
-0.001026
0.156148
0.638270
0.529011
0.758410
0.774438
0.938005
0.702092
0.561532
0.471509
0.843226
0.392863
0.343960
0.377708
0.537256
0.356308
0.774418
0.480108
0.262639
-0.027188
-0.417202
-0.798899
-0.829266
-0.747301
-0.527296
-0.139569
-0.048109
0.035712
-0.104060
-0.217479
-0.446116
-0.263180
-0.103440
-0.014464
0.099253
0.067891
0.041013
0.070858
-0.032232
0.059365
0.047011
-0.154357
0.025546
0.479284
0.323600
0.272514
0.121300
-0.553044
-1.175231
-1.453471
-1.584525
-1.551953
-0.964630
-0.638761
-0.459767
-0.309028
-0.134254
-0.292700
-0.133789
-0.197194
0.265096
0.802789
0.938328
0.762256
0.966792
0.771713
0.488030
0.300918
0.366699
-0.041920
-0.267567
-0.259018
-0.029204
0.115203
0.699439
0.489184
0.298186
0.054845
-0.376035
-0.952815
-0.644027
-0.294424
-0.135408
-0.001080
0.338330
0.167968
0.024377
0.032882
0.438903
0.031829
0.065756
-0.233872
-0.377352
-0.893974
-0.761043
-0.418448
-0.269118
-0.025620
0.113606
-0.310353
-0.585635
-0.136475
0.057922
0.634700
1.092640
1.314256
0.913362
0.510947
-0.012243
0.267826
-0.009226
-0.385956
-0.461332
-0.423709
-0.194432
0.134017
0.356977
0.267401
-0.125015
-0.573360
-0.722071
-0.703394
-0.618571
-0.301137
-0.177644
-0.068743
0.188342
0.361105
0.308484
0.467294
0.066112
-0.154475
-0.294433
-0.225638
-0.244826
0.007773
0.283774
0.175729
0.061657
-0.205344
-0.462949
-0.736901
-0.663641
-0.516709
-0.205522
0.215258
0.444117
0.744464
1.032668
0.945413
0.570120
0.235017
0.196658
-0.094549
-0.398734
-0.515017
-0.535305
-0.840418
-0.780835
-0.528011
-0.188568
-0.263241
-0.112077
-0.133549
-0.032923
-0.145963
-0.017031
0.102010
0.202492
0.170669
0.429852
0.757128
0.831012
0.663451
0.805870
0.797093
0.640884
0.464103
0.439229
0.310307
0.418470
0.721708
0.593046
0.532640
0.522768
0.031192
-0.172162
0.050175
0.231142
-0.014367
-0.101488
-0.588896
-0.686131
-0.780826
-0.892188
-0.788599
-0.604399
-0.862821
-0.987989
-1.016172
-0.922740
-0.877626
-0.660414
-0.581217
0.032458
0.441368
1.000308
1.111279
1.329838
1.121679
1.093626
0.734192
0.543762
0.291981
0.259039
0.002350
0.040979
0.143322
0.498453
0.456539
0.477444
0.128585
0.035157
-0.385832
-0.259473
-0.177763
0.085665
-0.044014
0.023070
-0.470179
-0.460214
-0.316144
-0.046452
-0.118298
0.145733
-0.104905
-0.285595
-0.271047
-0.201281
-0.339398
-0.617499
-0.905189
-0.891469
-0.509864
-0.090439
0.293035
0.722637
0.808831
0.658895
0.718135
0.661795
0.614528
0.273115
-0.006610
-0.498758
-0.602871
-0.747439
-0.951783
-0.682426
-0.461864
-0.233151
-0.080281
0.255091
0.200509
0.279533
0.367336
0.104840
0.242638
0.350345
0.707298
0.402849
0.137586
-0.056824
-0.126809
-0.791588
-0.852423
-0.199746
0.056922
-0.452718
-0.433048
-0.384098
-0.825088
-1.027212
-0.675733
-0.632402
-0.442087
0.162735
0.160220
0.267632
0.516877
0.575423
0.268194
0.460931
0.402465
0.473784
0.518641
0.906253
0.874122
0.843630
0.854823
0.452884
-0.255695
-0.491748
-0.672285
-1.059392
-0.697147
-0.318733
-0.077954
0.295932
0.886997
0.884547
0.850177
0.930204
0.887050
0.760095
0.593660
0.313681
0.106018
0.014110
-0.147390
-0.182036
-0.324424
-0.304248
-0.464945
-0.519696
-0.439519
-0.245897
-0.058000
0.278466
0.040906
0.069996
0.209938
-0.210571
-0.007214
0.324400
0.269150
0.026910
0.010542
-0.543390
-0.918309
-0.972529
-0.677035
-0.296678
-0.003351
0.359535
0.695565
0.807867
0.769239
0.720218
0.713935
0.443278
0.228613
0.132867
-0.151806
-0.505045
-0.722440
-0.813273
-0.873571
-0.797630
-0.418682
0.060227
0.405476
0.723442
0.883468
0.911915
0.809548
0.857723
0.832447
0.699876
0.416972
0.169027
-0.286887
-0.799877
-0.983100
-1.095197
-1.259819
-1.191411
-0.988798
-0.791818
-0.691078
-0.465066
-0.661460
-0.776682
-0.878416
-0.672648
-0.577885
-0.278123
0.091630
0.452614
0.541351
0.670766
0.824595
0.758497
0.661330
0.551435
0.519374
0.422630
0.360299
0.435325
0.385674
0.284403
0.416130
0.394796
0.273071
0.544711
0.624958
0.437231
0.193492
-0.011426
-0.641498
-0.993232
-1.128140
-0.964226
-0.862555
-0.382385
-0.089192
0.044847
0.236039
0.498785
0.558563
0.782283
1.006831
0.813353
0.522848
0.454318
0.620047
0.358595
0.356878
0.545190
0.569927
0.070306
-0.105296
-0.163676
-0.362505
-0.739061
-0.673379
-0.637962
-0.596106
-0.258641
0.232247
0.476558
0.807259
0.973996
0.382751
-0.077032
-0.513315
-0.613530
-0.761046
-0.066544
-0.066509
0.205969
0.274439
0.325650
0.007367
0.146833
0.052130
-0.048839
0.018309
-0.095129
0.023995
0.041603
0.273577
0.289568
0.649534
0.256530
0.060227
-0.572090
-1.109341
-1.780665
-1.939709
-1.558409
-1.608271
-1.412941
-1.044521
-0.039140
0.149434
0.734016
1.332038
1.372250
0.952814
0.756889
0.781473
0.520839
0.548372
0.644243
0.371617
0.292457
0.331299
0.331404
0.060741
0.101225
-0.097117
-0.372375
-0.439287
-0.504178
-0.589178
-0.515827
-0.247402
-0.260523
-0.255759
-0.350090
-0.430704
-0.520129
-0.286795
-0.047951
0.246878
0.534949
0.185582
-0.259549
-0.533262
-0.799944
-1.148148
-0.931448
-0.622642
-0.449304
-0.133997
0.192971
0.547216
0.660040
0.824463
0.948503
0.938274
1.067860
1.230118
1.268983
1.130612
1.201224
0.797359
0.405147
0.078545
-0.216958
-0.555169
-0.810621
-0.918632
-0.830203
-0.712872
-0.907188
-0.857645
-0.807174
-0.779552
-0.766719
-0.451855
-0.199216
0.010235
0.218399
0.510354
0.662485
0.763136
0.921059
1.034999
0.827942
0.813439
0.690150
0.468607
-0.144488
-0.455587
-1.067552
-1.143780
-1.326490
-1.184944
-0.840954
-0.360715
-0.311791
-0.463642
-0.136878
-0.101770
-0.025098
0.314877
0.943883
1.227052
1.673873
2.117668
2.057336
1.751118
1.090825
0.427490
-0.170198
-0.456689
-0.548190
-0.511097
-0.432324
-0.348939
-0.236423
-0.001424
0.472029
0.583295
0.464123
0.059296
-0.022047
-0.237281
-0.536494
-0.528916
-0.223480
-0.753100
-0.976230
-0.683308
-0.538447
-1.141464
-0.957498
-1.397444
-1.458976
-1.448215
-1.019279
-0.648986
-0.272079
-0.072565
0.201899
0.771050
0.845886
0.982843
0.749861
0.551015
0.272036
0.058735
-0.065208
-0.328120
-0.656227
-0.976507
-0.894745
-0.710939
-0.450306
-0.382616
-0.480415
-0.659647
-0.760333
-0.852093
-0.631326
-0.146798
0.212678
0.304299
0.733322
0.839284
0.762369
0.818983
1.040410
0.937959
0.923976
1.090193
1.160883
0.966646
0.878890
0.837669
0.598921
0.187771
-0.005356
-0.177982
-0.434466
-0.536531
-0.597747
-0.632673
-1.055919
-1.343791
-1.389065
-1.534773
-1.304146
-0.788273
-0.216523
-0.022167
0.338263
0.717766
0.748489
0.799104
0.925973
0.967533
0.548598
0.398493
0.275431
0.078556
0.008596
0.168180
0.331321
0.227922
0.018144
-0.311706
-0.171030
-0.319888
-0.485707
-0.389896
0.058860
-0.113458
-0.344345
-0.063143
0.039186
-0.003486
-0.436592
-0.392317
-0.184499
0.002466
-0.000949
0.228807
0.466063
0.237539
-0.547533
-1.087326
-1.184140
-1.298681
-1.303153
-0.770967
-0.224380
0.292095
0.796249
1.260095
1.527426
1.491697
1.157259
0.658721
0.046666
-0.099221
-0.261961
-0.319076
0.145892
0.427774
0.498405
0.676836
1.024736
0.943134
0.981553
1.152806
1.288005
1.082738
0.948542
0.763747
0.457395
-0.082801
-0.534632
-0.914900
-1.198053
-1.304854
-1.131763
-0.847652
-0.728329
-0.513850
-0.307835
-0.103448
0.165515
0.444721
0.618525
0.696879
0.610719
0.375737
0.178712
-0.017496
-0.216021
-0.237814
-0.383698
-0.552150
-0.743243
-1.001174
-1.140456
-1.206812
-0.996940
-0.791402
-0.463350
-0.226709
-0.094696
-0.096439
0.101521
0.323392
0.475903
0.830896
1.093378
1.109123
0.855846
0.681483
0.458159
0.294552
0.029944
-0.088761
0.040178
0.195561
-0.015133
-0.144613
-0.131926
-0.418968
-0.643213
-0.570110
-0.499083
-0.559868
-0.500670
-0.275703
-0.081675
0.224164
0.721313
0.960241
0.901353
0.768709
0.695294
0.494270
0.216671
-0.064374
-0.096715
-0.329213
-0.727383
-0.950285
-0.931164
-1.116432
-0.988872
-0.680128
-0.181465
0.128072
0.500743
0.811510
1.230110
1.399398
1.356718
1.320243
1.313046
0.976406
0.647562
0.461779
0.338445
0.132361
0.009035
-0.205179
-0.345219
-0.462743
-0.566993
-0.581286
-0.517739
-0.552014
-0.709457
-0.863396
-0.743947
-0.525451
-0.362428
0.047535
0.274754
-0.132777
-0.726881
-1.110024
-1.422927
-1.670180
-1.408553
-1.031731
-0.392431
-0.065356
0.012374
0.002257
-0.220122
-0.491156
-0.690643
-0.489132
-0.584584
-0.218819
0.016253
0.259434
0.138283
0.285626
0.226140
0.587662
0.670712
1.144557
1.515530
1.917372
1.617617
1.340763
0.885218
0.209785
-0.265457
-0.617519
-0.797116
-0.939554
-0.649200
-0.666182
-0.653257
-0.680669
-0.637035
-0.730067
-0.631118
-0.560999
-0.067626
0.348618
0.507792
0.808983
0.989651
0.771710
0.432769
0.395465
0.324397
0.259566
0.446833
0.491328
0.525692
0.333143
0.344955
-0.156277
-0.401335
-0.657154
-0.949617
-1.347279
-0.987109
-0.975074
-0.443362
-0.333878
0.199388
0.209035
0.261511
0.159872
0.490315
0.212885
0.177416
0.440930
0.360846
0.238537
0.460679
0.351804
0.122441
-0.135345
-0.319390
-0.451815
-0.528553
-0.339211
-0.235452
-0.050223
0.072015
0.153661
0.047842
-0.083732
0.064435
0.104631
0.186615
0.465280
1.007634
1.140258
0.734143
0.507126
-0.032135
-0.569041
-0.687031
-0.255236
-0.301747
-0.172200
-0.035070
-0.173386
-0.357413
-0.082578
0.073320
0.092365
0.451427
0.356689
0.132688
-0.005711
0.095344
-0.314246
-0.067719
0.227223
0.468717
0.242805
0.123361
-0.022913
-0.238282
-0.563452
-0.516180
-0.539978
-0.531823
-0.359141
0.071569
0.415881
0.463579
0.007355
-0.426965
-0.972091
-1.357801
-1.300801
-0.951557
-0.800602
-0.345685
-0.185550
-0.464723
-0.398822
-0.037598
-0.029910
0.295335
0.963206
1.437447
1.474821
1.614968
1.237644
1.303894
1.186488
1.133286
0.937982
1.086441
0.644997
0.343979
0.306545
0.487716
0.411320
0.465970
0.450184
0.224415
-0.135858
-0.387738
-0.642468
-1.046182
-1.064921
-1.427342
-1.607930
-1.736948
-1.531154
-1.392185
-0.744525
-0.476740
-0.173007
-0.134354
-0.219321
-0.424994
-0.047484
0.116070
0.444848
0.392091
0.288277
0.330365
0.247602
-0.011693
0.041985
0.047016
-0.393891
-0.691844
-0.700823
-0.802014
-0.836540
-0.590551
-0.290383
-0.095722
0.155192
0.296988
0.165228
0.188037
0.275601
0.132588
0.164431
0.050202
-0.160229
-0.361051
-0.448382
-0.574059
-0.635224
-0.764955
-1.060041
-1.210462
-1.248225
-1.400494
-1.369376
-1.219661
-1.101302
-0.879619
-0.431728
0.074436
0.506505
1.036088
1.329940
1.429664
1.519446
1.609777
1.642332
1.492749
1.421683
1.173440
0.703236
0.231436
0.038290
0.062679
0.121354
0.275323
0.223969
0.272985
0.314367
0.363132
0.488186
0.473127
0.374788
0.242697
-0.078166
-0.375439
-0.318305
-0.238218
-0.195641
-0.313284
-0.269158
0.001405
0.274463
0.327661
0.474079
0.537653
0.183468
-0.270569
-0.616946
-0.515256
-0.463904
-0.425332
-0.334875
-0.017241
0.196956
0.236073
0.473522
0.698665
0.285274
-0.326045
-0.673670
-0.872178
-1.073871
-0.949322
-0.542537
-0.297313
-0.178205
-0.008047
0.200234
0.211673
0.068475
0.241490
0.141511
-0.531661
-0.793986
-0.737158
-0.967825
-1.160481
-0.775910
-0.678545
-0.597843
-0.591644
-0.337012
0.352037
0.886417
1.418287
1.690598
1.517226
1.211739
0.858335
0.418136
0.118752
0.250054
0.207618
-0.019248
-0.209157
-0.283089
-0.567325
-0.528605
-0.480305
-0.201526
-0.189555
0.017794
-0.063094
-0.000255
-0.194821
0.071268
0.389826
0.565325
0.662029
0.771474
0.592636
0.327406
-0.153522
-0.350576
-0.272277
-0.368385
-0.628903
-0.594412
-0.441679
-0.737092
-0.536116
-0.361980
-0.291499
0.053678
0.138901
-0.114442
-0.089501
0.241258
0.237103
0.732598
1.004907
1.199561
1.217180
0.961184
0.543180
0.327064
0.181302
-0.090286
-0.173187
-0.410142
-0.222594
-0.376149
-0.300377
-0.390411
-0.181774
-0.445572
-0.406101
-0.649942
-0.640466
-0.651255
-0.648058
-0.441949
-0.055054
0.231412
0.389362
0.859712
0.870912
0.995034
0.894100
0.835129
0.858317
1.058041
1.074026
1.224622
1.020478
0.795373
0.592107
0.490565
0.578209
0.659307
0.511946
0.084460
-0.438657
-1.018271
-1.214507
-1.568660
-1.521500
-1.210606
-1.091551
-0.890721
-0.503722
-0.370016
-0.558167
-0.451694
-0.341284
-0.275447
-0.068420
0.126904
-0.118002
-0.580478
-0.693784
-0.787275
-0.927761
-0.911937
-0.717474
-0.637591
-0.497086
-0.286134
0.090242
0.560593
0.754617
0.431883
0.537930
0.549664
0.282684
0.075813
0.132571
0.200677
-0.049223
-0.169742
-0.242323
-0.381373
-0.852285
-1.034074
-0.808118
-0.590668
-0.378965
-0.138348
0.318684
0.218303
0.045068
0.089005
0.439572
0.564952
0.730171
0.926969
1.099386
0.871144
0.870238
0.900342
0.827398
0.878728
0.613681
0.161277
-0.238757
-0.522403
-0.783304
-0.626645
-0.391705
-0.081336
-0.093642
-0.061817
-0.230675
-0.254993
-0.433092
-0.281594
-0.062653
0.316286
0.358739
0.414670
0.332616
-0.032486
-0.482015
-0.734572
-0.609877
-0.556784
-0.129730
0.251120
0.931289
0.812545
0.891078
0.469255
0.025204
-0.774128
-0.779234
-0.806137
-0.627786
-0.267300
-0.052340
-0.183789
-0.036877
-0.224828
-0.291383
-0.108359
0.005124
-0.083848
0.063826
-0.030389
-0.195230
-0.410509
-0.512651
-0.618410
-0.343402
0.003712
0.255196
0.083543
0.051733
-0.311183
-0.382001
0.024651
0.451379
0.857711
1.161443
1.171213
0.888585
1.019246
0.917589
0.765060
0.347826
0.093631
-0.112507
-0.332415
-0.407601
-0.309035
-0.344836
-0.563272
-0.448004
-0.486563
-0.505831
-0.502011
-0.277584
-0.127770
0.012482
0.020257
0.564755
0.256584
-0.041947
-0.219143
-0.195281
-0.969680
-0.612879
-0.609708
0.002370
0.523650
0.997983
0.748211
0.674019
-0.222003
-0.477288
-0.489068
-0.423820
-0.330686
0.614794
0.713196
0.563640
0.553644
0.511568
0.160848
-0.165706
0.400331
0.560967
0.886384
0.679775
0.819332
0.423424
0.251136
0.064671
0.022443
-0.059429
-0.289597
-0.505880
-0.792034
-1.504466
-2.239491
-2.088998
-1.953933
-1.800223
-0.978565
-0.197090
-0.017951
0.063990
0.596728
0.754239
1.005629
0.924920
1.050511
0.917351
0.712102
0.097581
-0.245772
-0.458648
-0.769555
-1.059730
-0.680788
-0.551497
-0.562953
-0.813146
-0.629737
-0.247932
0.053585
0.236692
0.549966
0.686153
0.268429
0.064672
-0.084486
-0.217316
0.081175
0.156516
0.261017
0.291499
0.372261
0.277566
0.285686
0.401302
0.777415
0.988878
1.013790
0.674694
0.908442
0.467690
0.222076
0.062248
-0.205899
-0.791418
-0.890033
-0.779616
-0.796635
-0.475862
-0.264835
0.003771
-0.050062
-0.133657
0.034832
0.006169
-0.083578
-0.003978
-0.279302
-0.423829
-0.679215
-1.035184
-0.914996
-0.479842
-0.139888
0.411450
0.989063
1.175609
1.058146
0.847271
0.258198
0.297735
0.029574
0.264475
0.333230
0.493385
0.236170
-0.062187
-0.559959
-0.568989
-0.611834
-0.848417
-0.822314
-0.712889
-0.889823
-0.811355
-0.156925
0.064781
0.536620
1.017137
1.447726
1.581460
1.647418
1.219050
0.989778
0.658291
0.171851
-0.059281
0.034448
-0.364200
-0.360177
-0.489308
-0.443425
-0.492105
-0.543208
-0.691640
-0.799286
-0.696810
-0.653828
-0.506325
-0.408739
-0.596558
-0.407880
-0.094462
0.388019
0.665528
0.929042
0.363239
0.038352
-0.175039
-0.460736
-0.209302
0.334224
0.515468
0.631169
0.636670
0.525357
0.345820
0.189808
0.243942
0.232448
0.089640
-0.116989
-0.097272
-0.362901
-0.360616
-0.324352
-0.455462
-0.777936
-1.056051
-1.446822
-1.267871
-0.982800
-0.607375
-0.208747
0.493942
0.571383
0.775817
0.993397
1.042810
0.886202
0.855368
0.806951
0.691433
0.444819
0.494768
0.616567
0.403714
0.260995
0.102522
-0.229111
-0.502348
-0.532663
-0.764506
-0.790325
-0.781323
-1.014705
-1.021541
-0.856579
-0.747991
-0.437498
0.052784
0.301042
0.263308
0.408888
0.398991
0.424719
0.474386
0.581030
0.616983
0.433187
0.224541
0.601219
0.868232
0.992811
0.977419
0.885147
0.251540
-0.166221
-0.480603
-0.699565
-0.766886
-0.749501
-0.686798
-0.721525
-0.510105
-0.145935
-0.499949
-0.780252
-0.438287
-0.323919
-0.318076
0.050739
0.585239
0.476346
-0.021486
-0.273431
-0.330279
-0.248064
-0.339812
0.106343
0.092498
0.289903
-0.241235
-0.321335
0.211491
0.725501
0.528783
0.894633
1.213793
0.972494
0.616906
0.853094
0.715433
0.490174
0.230242
0.081280
0.019954
0.290767
-0.079231
-0.085722
-0.381136
-0.733911
-1.133881
-0.857784
-1.089576
-0.953170
-0.668069
-0.644444
-0.463558
-0.257448
-0.116342
0.068210
0.367863
0.748824
0.806984
1.000953
0.961968
0.763873
0.012734
-0.188674
-0.347055
-0.554284
-0.675342
-0.531893
-0.585236
-0.466807
-0.335407
-0.123350
0.306380
0.569365
0.312770
0.068707
-0.041330
-0.370271
-0.832442
-0.662301
-0.525154
-0.588934
-0.317639
0.196290
0.016338
0.182517
0.619745
0.597883
0.355673
0.420409
0.475373
0.342567
0.446117
0.420663
0.380344
0.060109
-0.231050
-0.530338
-0.408189
0.070845
0.271716
0.540894
0.451997
0.316504
-0.077307
-0.150992
-0.588230
-0.703998
-0.740568
-0.746324
-0.933341
-0.844134
-0.582472
-0.319306
-0.268932
0.069317
0.360594
0.485721
0.586694
0.824279
0.722769
0.591425
0.555337
0.488761
0.155477
-0.028479
-0.214713
-0.484185
-0.877512
-0.430266
-0.103274
0.171282
0.459257
0.792960
0.591849
0.275215
0.003327
-0.331234
-0.386927
-0.662537
-0.552141
-0.345399
-0.136707
-0.204133
-0.285870
-0.477919
-0.645372
-0.820289
-0.776560
-0.592741
-0.495779
-0.358463
-0.319562
-0.615915
-0.584637
-0.427573
-0.197571
0.092008
0.856283
1.146816
1.409924
1.546426
1.726068
1.610912
1.800875
1.558404
1.325468
1.062911
0.718611
0.344864
0.284936
-0.014575
-0.102105
-0.107993
-0.372219
-0.579408
-0.471509
-0.759939
-0.859680
-0.866392
-0.656871
-0.699009
-0.470691
-0.559624
-0.378215
-0.251672
0.198147
0.492076
0.609138
0.421901
0.414893
0.194788
0.590632
1.023210
1.104791
0.710976
0.534865
-0.133658
-0.647383
-0.901899
-0.718491
-0.466040
-0.471608
-0.456392
-0.313423
-0.327789
-0.673244
-0.835490
-0.668066
-0.468580
-0.499913
-0.046757
0.152774
0.166229
0.215657
0.478771
0.104696
-0.052537
-0.294896
-0.278267
-0.286924
-0.038133
-0.050597
0.168901
0.214618
0.034643
-0.105180
0.056055
-0.198335
-0.512331
-0.517915
-0.744681
-0.876454
-0.800205
-0.912745
-1.134305
-0.966688
-0.965556
-0.767997
-0.405202
-0.053499
0.017855
0.341373
0.613516
0.896927
1.154417
1.423861
1.661672
1.662563
1.658220
1.567710
1.561983
1.373662
1.240762
1.030368
0.631038
0.211036
-0.117765
-0.529325
-0.614077
-0.580768
-0.694653
-0.900411
-0.928658
-1.171412
-1.180152
-1.068373
-0.879903
-0.896323
-0.940225
-0.872712
-0.633293
-0.513560
-0.133605
0.066268
0.122931
-0.038240
0.032132
-0.000301
0.182167
0.129616
0.123252
-0.185155
-0.406685
-0.720592
-0.660482
-0.633993
-0.281253
0.053601
0.124379
-0.119636
-0.335471
-0.263476
-0.246520
0.191103
0.813336
1.173202
1.349810
1.062286
0.711999
0.500772
0.463962
0.323256
0.429956
0.577379
0.458270
0.392455
0.124979
0.087408
-0.051413
-0.375908
-0.668930
-0.806860
-1.093339
-1.240400
-1.208779
-0.965049
-0.765205
-0.672084
-0.388297
-0.144407
0.030324
0.109606
0.368428
0.455941
0.798204
1.229205
1.396482
1.572583
1.540095
1.287481
1.048677
0.877215
0.594625
0.386424
0.201072
-0.587433
-1.249295
-1.477966
-1.519094
-1.607271
-1.261407
-1.056589
-0.575763
-0.400333
0.070582
0.208860
0.588891
0.411099
0.418055
-0.041738
-0.467681
-0.426922
-0.361369
-0.865278
-0.740707
-0.443748
-0.146760
-0.133382
0.370644
0.610239
0.442411
0.179520
-0.332608
-0.609306
-0.754006
-0.146083
-0.368803
0.481917
0.834781
1.229800
1.318273
1.787159
1.550816
1.932534
0.483019
0.080055
-0.452294
