1.450218
0.050194
-0.618106
-1.955986
-3.134877
-2.740405
-2.102031
-1.347937
-0.596134
0.090136
0.355934
0.695603
0.852742
0.963758
0.896463
0.694976
0.489373
0.196626
0.043729
-0.201694
-0.415087
-0.515630
-0.770963
-1.147797
-1.220461
-1.186938
-0.993041
-0.689335
-0.217214
0.089019
0.404176
0.448085
0.470350
0.476333
0.602181
0.719634
0.737492
0.751950
0.856929
0.727304
0.679246
0.749732
0.883884
0.909787
1.059957
1.003493
0.953565
0.916143
0.552688
-0.036330
-0.455102
-0.572153
-0.877047
-0.910393
-0.593128
-0.378734
-0.553256
-0.666705
-0.900230
-1.143949
-1.227240
-1.223467
-0.937202
-0.388691
0.041440
0.328662
0.514607
0.531856
0.253597
0.115794
-0.143858
-0.256361
-0.330376
-0.263189
-0.377789
-0.515732
-0.735931
-1.091618
-1.572146
-1.740643
-1.623457
-1.454699
-1.025980
-0.477929
-0.176904
-0.149747
-0.054524
-0.316230
-0.101361
0.032029
0.532144
1.062880
1.416770
1.251958
0.984327
0.434213
-0.038773
-0.149251
-0.302353
-0.282183
0.054497
0.233740
0.396436
0.756740
1.029886
1.067937
1.059257
1.058093
0.991361
0.937391
0.854693
0.793799
0.772732
0.601100
0.454519
0.621923
0.372425
0.199318
0.233651
0.395940
0.167709
0.259212
0.149021
-0.159637
-0.246262
-0.303542
-0.335031
-0.194892
0.050812
-0.170361
-0.447279
-0.634543
-0.784298
-0.955886
-1.039863
-0.970027
-0.782273
-0.644712
-0.393661
0.343144
0.883734
1.368015
1.730624
1.999279
1.527488
1.265335
0.893595
0.949971
0.402321
0.213316
-0.429804
-0.598166
-1.035088
-0.894296
-0.992565
-0.568352
-0.491572
-0.385320
-0.105332
0.256404
0.450060
0.553032
0.352774
0.079704
-0.271413
-0.475701
-0.499179
-0.404615
-0.247505
0.137785
0.471010
0.480043
0.347897
0.027545
-0.414727
-0.634427
-0.600128
-0.256049
-0.221800
-0.053020
-0.089698
-0.511482
-0.851615
-0.987425
-0.697126
-0.583442
-0.253312
-0.008571
0.190157
0.028336
0.131121
0.290284
0.195898
0.310817
0.199430
-0.018859
-0.329968
-0.522782
-0.826769
-0.791709
-0.579000
-0.499134
-0.560545
-0.554317
-0.379781
-0.335066
0.025376
0.486781
1.088137
1.275970
1.435139
1.590973
1.514006
1.296537
1.178853
0.981749
0.694301
0.717704
0.663003
0.538742
0.336694
0.148566
-0.122700
-0.273883
-0.709121
-0.765533
-0.701737
-0.554285
-0.317934
0.047766
0.112238
0.205123
0.372826
0.435227
0.620947
0.553586
0.171287
-0.227394
-0.906945
-1.458060
-1.568806
-1.515100
-1.345635
-0.845734
-0.489378
-0.314422
0.029841
0.013671
0.136128
0.124667
0.381252
0.469258
0.925016
1.092557
1.462659
1.264319
1.174936
0.631520
0.084290
-0.205084
-0.316943
-0.610264
-0.869512
-1.000555
-1.152524
-1.146066
-1.097501
-0.578028
-0.326452
-0.398152
-0.269760
-0.013199
0.063900
0.345665
0.560774
0.539789
0.176508
-0.283008
-0.422991
-0.197548
-0.143756
0.101232
0.453627
0.808119
0.800015
1.055171
0.821342
0.515660
-0.024114
-0.349998
-0.385427
-0.147965
-0.177195
-0.143749
-0.265549
-0.718264
-0.656216
-0.427175
-0.273390
0.101985
0.395798
0.403086
0.478051
0.420482
0.334292
0.292739
0.070206
-0.118065
-0.403241
-0.598266
-0.796082
-0.736120
-0.814439
-0.802184
-0.594274
-0.159327
0.358556
0.968740
1.396346
1.212685
0.710290
0.358701
0.111002
0.111002
0.330042
0.321341
0.339769
0.219095
0.116963
-0.072445
-0.147683
-0.415246
-0.638759
-0.738986
-0.898816
-0.921198
-0.962229
-0.922602
-0.989397
-0.893287
-0.647420
-0.479339
-0.198792
0.134180
0.649921
1.056132
1.348195
1.361455
1.458624
1.489489
1.198052
0.864906
0.640291
0.252485
-0.294364
-0.515825
-0.684095
-0.700835
-0.969476
-1.191803
-1.208825
-1.051828
-0.766881
-0.407589
0.117799
0.420257
0.457854
0.638517
1.076573
1.161216
1.064610
1.132215
0.665720
0.212978
-0.159823
-0.266121
-0.324685
-0.302170
-0.368589
-0.567513
-0.924025
-1.002600
-0.995382
-1.156746
-0.998808
-0.626349
-0.431273
-0.229996
0.252152
0.621230
0.794341
1.383610
1.664954
1.801817
1.765086
1.820475
1.362531
0.995467
0.653064
0.447879
0.198653
-0.071534
-0.279957
-0.436016
-0.442646
-0.559338
-0.503227
-0.435743
-0.543437
-0.819823
-0.735642
-1.011395
-0.973436
-0.858906
-0.454538
-0.213348
0.223488
0.506094
0.912999
1.182832
1.380993
1.523358
1.379651
1.000693
0.499992
0.036135
-0.342914
-0.514001
-0.592923
-0.709621
-0.929379
-1.204226
-1.324841
-1.376602
-1.049066
-0.445799
0.091493
0.462315
0.710587
0.709845
0.472918
0.320518
0.090645
0.044218
0.088887
-0.027962
0.229032
0.497753
0.761325
0.894633
1.092897
0.761207
0.400403
-0.049973
-0.630393
-1.067895
-1.251008
-0.958372
-0.731319
-0.370691
-0.170221
-0.094477
-0.259615
0.046852
0.033465
0.080948
0.143854
-0.025988
-0.274955
-0.343731
-0.410776
-0.416597
0.093672
0.173067
0.698006
1.076466
1.123445
0.847966
0.519237
-0.113128
-0.576117
-0.823531
-0.797176
-0.704058
-0.569564
-0.367292
0.042435
0.106764
0.278209
0.412133
0.293696
0.045568
-0.162793
-0.273427
-0.462036
-0.417251
-0.056766
0.249334
0.534507
0.848263
1.112729
1.120577
1.097199
1.022840
0.893882
0.542436
0.041033
-0.497601
-0.992846
-1.360527
-1.388032
-1.254963
-1.109158
-0.808712
-0.423017
-0.128338
0.003704
0.114104
0.085319
-0.064699
-0.041092
0.081217
0.171683
0.311665
0.618548
0.832782
0.887517
0.963303
0.927294
0.442529
-0.022651
-0.331736
-0.640713
-0.924187
-1.094563
-1.103919
-0.920945
-0.474188
0.021672
0.645625
1.014002
0.670267
0.380679
0.115726
-0.051957
-0.142561
0.214127
0.586457
0.717790
0.560337
0.469503
0.452150
0.080340
-0.399915
-0.278101
-0.276955
-0.347612
-0.392660
-0.120728
-0.297319
-0.585713
-0.986162
-1.250436
-1.561796
-1.423063
-1.075179
-0.469506
-0.127024
0.294405
0.315030
0.403038
0.521435
0.806829
1.124150
1.453720
1.601605
1.590662
1.769325
1.546338
1.225060
0.821852
0.447460
-0.152023
-0.387777
-0.359833
-0.422282
-0.804006
-1.090610
-1.117128
-1.421426
-1.732029
-1.585114
-1.025620
-0.803966
-0.431325
0.204898
0.583637
0.456003
0.444060
0.372039
0.444028
0.610952
0.854116
0.549309
0.435047
0.100496
-0.214590
-0.472647
-0.188156
0.022052
0.113765
0.238128
0.129124
-0.214673
-0.463763
-0.591638
-0.611497
-0.435277
-0.034853
0.146947
0.505846
0.654208
0.701169
0.618984
0.217946
-0.385479
-0.745239
-1.117969
-1.473614
-1.365242
-1.184756
-1.148020
-0.865888
-0.401185
-0.051219
0.224513
0.642609
0.911700
0.672221
0.441162
0.417201
0.209671
0.006346
0.275243
0.624070
0.829561
1.158792
1.528062
1.471771
1.302038
1.077974
0.644406
0.025611
-0.351159
-0.868102
-1.128060
-1.206102
-1.163061
-1.314162
-1.355343
-1.270758
-1.148353
-0.797759
-0.328130
0.309539
0.637089
0.785696
0.593847
0.424924
0.221415
-0.066028
-0.250932
-0.305530
-0.002749
0.240532
0.252520
0.299448
0.290646
-0.151535
-0.363006
-0.320139
-0.258735
-0.143877
0.207420
0.434996
0.468119
0.801164
0.800400
0.837807
0.769564
0.867389
0.520033
0.139283
-0.228843
-0.513086
-0.832714
-1.277161
-1.232016
-1.180250
-1.453274
-1.442378
-1.302389
-1.142347
-0.995761
-0.767004
-0.434731
0.238363
0.805318
1.198479
1.658189
1.627257
1.175898
0.782648
0.352623
-0.020175
-0.028749
-0.073826
-0.274115
-0.354863
-0.370666
-0.658624
-1.059541
-1.288767
-1.448905
-1.479645
-1.378677
-0.937756
-0.476401
-0.076412
0.517547
1.036325
1.417980
1.479343
1.369081
1.451177
1.119936
0.721735
0.509367
0.315129
-0.320266
-0.489668
-0.487147
-0.289376
-0.031753
-0.000089
0.386572
0.805521
0.777726
0.439489
0.241944
-0.090589
-0.617640
-1.139696
-1.200406
-1.137686
-1.290585
-0.852715
-0.022788
0.448433
0.837476
1.249969
1.272955
1.152322
1.115093
0.891125
0.302954
-0.030661
-0.408964
-0.508538
-0.463269
-0.204663
-0.138516
0.216290
0.404424
0.466722
0.817840
0.660632
0.331155
0.218242
0.336330
0.117892
0.501844
0.430776
0.048803
-0.137070
-0.329134
-0.634336
-0.494528
-0.326426
-0.406779
-0.346082
-0.358889
-0.208469
-0.058328
0.032066
-0.042367
-0.503401
-1.192001
-1.964099
-2.494095
-2.332739
-1.387718
-0.799488
0.241692
1.135809
1.583438
1.466325
1.717785
1.553525
1.250014
0.844813
0.553163
0.268420
0.154728
0.261920
0.403181
0.526642
0.384010
0.451149
0.241332
0.033607
-0.069689
0.040357
-0.123123
-0.334049
-0.475407
-0.809360
-1.000951
-1.154240
-0.794704
-0.687589
-0.561252
-0.355748
-0.098653
-0.326306
-0.016073
0.314270
0.610880
0.991348
1.441401
1.549270
1.338142
1.008634
0.326296
-0.134763
-0.570278
-0.565197
-0.498300
-0.144110
-0.054586
-0.249769
-0.498237
-0.872185
-1.370797
-1.585689
-1.505073
-1.273946
-0.945651
-0.513261
-0.106659
0.092560
0.388803
0.662734
0.940391
1.094008
1.368466
1.310011
1.326841
1.182889
0.922488
0.787186
0.748681
0.360082
0.098959
-0.278683
-0.800135
-0.993352
-0.938124
-0.785240
-0.619843
-0.162185
-0.015170
0.164087
0.167644
0.325458
0.340016
0.406990
0.473557
0.798155
1.018858
0.930388
0.537614
0.192743
-0.329208
-1.007545
-1.522191
-1.842646
-2.214070
-2.191092
-1.812689
-1.129216
-0.493601
0.295148
0.457395
0.655268
0.692839
0.445379
0.233788
0.282075
0.102452
-0.122165
0.032592
0.063348
0.015415
0.145719
0.030631
0.024328
-0.067600
-0.094254
-0.123863
-0.059621
-0.219622
-0.520648
-0.764144
-1.046281
-1.097713
-0.956345
-0.469085
0.045065
0.491248
0.774937
1.069125
1.102988
1.190690
1.157390
1.090550
0.882863
0.798361
0.619447
0.623477
0.410634
0.232279
-0.029377
-0.355707
-0.594067
-0.560237
-0.546943
-0.570190
-0.478839
-0.589821
-0.496384
-0.331560
-0.064197
0.132899
0.496362
0.503891
0.248312
0.173472
0.200160
0.183633
0.071682
0.155007
-0.171824
-0.794930
-1.116795
-1.061105
-0.919818
-0.407883
0.212450
0.541258
0.846270
1.144297
1.037567
0.718364
0.294804
-0.039767
-0.383283
-0.513611
-0.461227
-0.287813
-0.468733
-0.365493
-0.243503
-0.024193
-0.055972
-0.030001
-0.087547
-0.330905
-0.257789
0.065865
0.328009
0.305616
0.363395
-0.089204
-0.733499
-1.003043
-1.317538
-1.526177
-1.003558
-0.044793
0.287970
0.790389
1.201959
0.980413
0.629331
0.436219
0.163752
-0.026400
0.306135
0.140549
0.226526
0.468265
0.516114
0.119136
0.163430
0.314890
0.046615
0.291960
0.261069
0.223801
0.155858
0.376467
0.232690
-0.029551
-0.327006
-0.677907
-1.343302
-1.485066
-1.103362
-0.712848
-0.344888
0.301925
0.680649
0.833216
0.846658
1.012445
1.260304
1.192728
1.166134
1.066061
0.784614
0.475157
-0.168674
-0.732797
-0.890015
-1.038539
-1.054979
-0.800507
-0.554390
-0.547458
-0.523559
-0.528232
-0.353870
-0.152204
0.089179
0.392900
0.561494
0.748401
1.030847
1.043506
1.042204
1.024209
0.876109
0.562966
0.421536
0.292476
0.004241
-0.193249
-0.343499
-0.471260
-0.681800
-0.791713
-0.809106
-0.818789
-1.053334
-1.105510
-1.119709
-1.059991
-0.957918
-0.601568
-0.229983
-0.070980
0.059611
-0.075827
-0.229606
-0.482555
-0.655612
-0.624849
-0.307175
0.131627
0.649795
1.271684
1.346321
1.140301
0.791463
0.417376
-0.012737
-0.273025
-0.285622
-0.082532
-0.008857
0.298039
0.388981
0.474670
0.520060
0.554672
0.519182
0.980032
1.238063
1.339339
1.341904
1.397287
1.013955
0.399382
-0.222808
-0.894040
-1.750610
-2.316121
-2.282174
-1.955295
-1.509506
-1.014858
-0.519249
-0.254840
-0.347410
-0.298085
-0.186451
-0.171334
-0.162110
0.377330
0.465272
0.500360
0.410242
0.360345
-0.272296
-0.378770
-0.505506
-0.280078
0.303088
1.028022
1.381107
1.788906
1.893177
1.467228
1.232298
1.147239
0.957702
0.758930
0.523798
0.351037
0.107166
-0.052119
-0.287433
-0.318990
-0.825380
-1.080756
-1.467960
-1.558911
-1.627480
-1.336574
-1.208565
-0.616946
-0.327202
-0.037458
0.254057
0.598582
0.367958
0.444391
0.336614
0.077152
-0.133212
-0.078421
-0.528481
-0.656040
-0.603127
-0.657485
-0.388527
-0.049025
0.427116
0.618734
0.629194
0.343867
0.277226
-0.148914
-0.638412
-0.572840
-0.781918
-0.784142
-0.358565
0.297906
0.641374
1.106089
1.456622
1.448516
1.164804
0.952872
0.703026
0.248489
-0.158040
-0.415398
-0.688908
-0.710169
-0.581992
-0.438441
-0.228636
-0.073891
-0.101508
0.143757
0.340477
0.487480
0.366987
0.356483
0.277173
-0.135940
-0.174610
0.068172
-0.081924
-0.317374
-0.252903
-0.691609
-0.804076
-0.588164
-0.667665
-0.689099
-0.258526
-0.236630
0.003239
0.487444
0.836673
0.871102
0.865808
0.813144
0.505478
0.387409
0.166017
0.021189
-0.284600
-0.423834
-0.378154
-0.180039
0.066590
0.263362
0.472298
0.373031
0.100767
-0.140415
-0.386459
-0.555044
-0.746777
-0.823727
-0.881074
-0.837923
-0.735992
-0.653939
-0.433052
-0.177807
0.160972
0.446985
0.887200
1.224145
1.396316
1.345762
1.259300
1.058502
0.676707
0.348229
-0.012508
-0.509255
-1.001608
-1.141827
-1.281506
-1.247831
-0.943324
-0.465539
-0.277930
-0.454706
-0.211902
-0.103589
-0.088745
0.092001
0.523572
0.597877
0.473352
0.290222
0.234684
0.135366
-0.026417
-0.123164
-0.009180
-0.053459
0.225304
0.371898
0.291523
-0.012321
-0.275012
-0.656418
-0.745581
-0.548658
-0.466351
-0.392165
-0.320543
-0.364982
-0.561655
-0.292228
0.028812
0.353652
0.649195
1.085611
1.268438
1.196018
1.179446
1.018532
0.935457
0.773610
0.658805
0.389521
0.261061
0.102271
-0.451430
-0.981654
-1.100323
-1.144368
-1.100508
-0.721859
-0.146808
0.109154
0.499897
0.614827
0.751379
0.461189
-0.116454
-0.939771
-1.266737
-1.474502
-1.113048
-0.672812
-0.324583
-0.269386
-0.353816
-0.564395
-0.741515
-0.695941
-0.786440
-0.896103
-0.833698
-0.529913
-0.212788
0.051330
0.475389
0.568720
0.563593
0.356909
0.351096
0.436984
0.567371
0.731619
0.837522
0.898453
0.811429
0.566833
0.315415
0.195987
-0.228084
-0.501239
-0.918378
-1.102348
-1.257893
-1.042034
-0.754296
0.002150
0.395782
0.827165
0.972585
0.811853
0.375504
0.117108
0.017836
0.126778
0.567650
1.026421
1.375882
1.538119
1.490932
1.018941
0.498004
0.012353
-0.504934
-0.786917
-0.912590
-0.940609
-0.853037
-0.805433
-0.723725
-0.396645
-0.256795
-0.210921
-0.051813
0.037333
-0.142875
0.050619
-0.005681
-0.168769
-0.384586
-0.494793
-0.650194
-0.442556
-0.168314
0.111079
0.318015
0.446844
0.513763
0.730581
1.085147
1.297860
1.128388
0.875735
0.503181
-0.203025
-0.604666
-0.923122
-0.991823
-1.148233
-0.877857
-0.483288
-0.010303
0.534204
1.035995
1.386964
1.129669
1.078834
0.566108
-0.107724
-0.687994
-0.975518
-1.449604
-1.521665
-1.496931
-1.183536
-0.926870
-0.513544
-0.425156
-0.237857
-0.162375
0.003635
0.171009
0.336705
0.682826
0.649410
0.582422
0.542667
0.746163
0.765068
0.749274
0.706291
0.643881
0.294761
-0.050510
-0.258997
-0.519376
-0.593093
-0.710194
-0.868884
-0.895134
-0.834566
-0.937572
-0.807957
-0.721075
-0.754992
-0.727504
-0.733779
-0.798793
-0.662447
-0.451224
-0.255459
-0.024251
0.189192
0.513441
0.736960
0.984078
1.153532
1.345108
1.327257
1.317051
1.267262
1.282405
1.116563
0.818973
0.585015
0.253210
-0.216541
-0.458265
-0.449162
-0.467413
-0.460361
-0.297314
-0.191838
-0.343358
-0.675274
-0.968542
-1.331978
-1.356173
-1.357749
-0.967754
-0.367021
0.267805
0.534990
0.624492
0.740219
0.653731
0.422820
0.361070
0.653932
0.805142
1.159367
1.396692
1.179735
0.888250
0.413099
-0.201177
-0.503969
-0.619663
-0.645841
-0.569545
-0.558915
-0.585667
-0.537123
-0.378874
-0.385715
-0.493416
-0.585242
-0.371899
-0.282663
-0.117985
0.250965
0.398517
0.355491
0.355491
0.698232
1.041101
1.615048
1.977736
2.127827
1.708260
1.266036
0.734071
0.307602
-0.268871
-0.500560
-0.819552
-1.185233
-1.444875
-1.396718
-1.327038
-1.295604
-1.225388
-0.934054
-0.604987
-0.355320
-0.118911
0.182102
0.245336
0.215630
0.293517
0.483929
0.729208
0.837156
0.630541
0.487583
0.569259
0.482947
0.452417
0.702788
0.815732
0.752177
0.369485
-0.080342
-0.479212
-0.841016
-1.100756
-0.956803
-0.664272
-0.321613
0.036228
0.132782
0.256951
0.318319
0.382010
0.501744
0.445129
0.454786
0.230279
-0.045939
-0.376329
-0.257300
-0.192930
0.099681
0.409892
0.449435
0.199677
-0.210211
-0.262475
-0.379943
-0.093537
-0.010763
-0.412877
-0.761576
-1.251430
-1.864619
-2.014053
-1.498346
-1.193369
-0.676112
0.019363
0.540305
1.177514
1.419722
1.605873
1.451325
1.150927
0.690095
0.456473
0.165392
-0.429325
-0.848071
-0.911205
-0.951505
-0.908245
-0.508653
-0.138601
-0.425481
-0.840882
-1.215974
-1.303978
-1.451589
-0.893796
-0.374705
0.553002
1.107210
1.552903
1.398685
1.396326
1.007601
0.629822
0.372801
0.337938
0.347972
-0.104835
-0.554335
-0.557464
-0.645652
-0.743555
-0.277092
0.291145
0.613787
0.672322
0.721193
0.649731
0.674113
0.606895
0.980834
1.211261
1.381923
0.983361
0.591110
-0.030200
-0.385671
-0.855082
-0.786874
-0.849914
-0.945745
-1.094142
-1.152455
-1.115665
-1.013742
-0.628685
-0.542725
-0.364584
-0.403535
-0.328136
-0.354168
-0.139668
0.137928
0.625272
0.841829
1.114499
1.124257
0.907645
0.469244
0.097576
-0.254932
-0.600880
-0.830864
-0.993730
-0.649357
-0.788163
-0.512396
-0.330248
-0.181218
-0.269668
0.064184
0.215283
0.250798
0.783215
1.110512
0.873794
0.195521
0.175836
-0.185420
-0.435343
-0.247788
0.325661
0.370111
0.406657
0.373984
0.242680
0.104344
0.222415
-0.259935
-0.309415
-0.094796
0.308575
0.741841
1.550640
1.848008
1.442695
0.846639
0.135777
-0.534438
-1.192316
-0.979394
-1.047221
-1.052298
-0.787709
-0.629914
-0.632960
-0.303831
-0.242335
-0.097527
-0.009179
0.002592
-0.021897
-0.026859
-0.202451
-0.300719
-0.414920
-0.599436
-0.435914
-0.784094
-0.772402
-0.380475
0.216251
0.576112
1.464023
1.897791
1.891903
1.368672
1.013301
0.468285
-0.004208
-0.320742
-0.306211
-0.468513
-0.612351
-0.587998
-0.493456
-0.299999
-0.384539
-0.545293
-0.456388
-0.499597
-0.447458
0.079725
0.560804
1.017788
1.233280
1.353880
0.980633
0.406878
-0.027310
-0.046460
-0.204047
-0.131188
0.098604
-0.083603
-0.527544
-0.716867
-0.892492
-0.901646
-0.759076
-0.559599
-0.490550
-0.549267
-0.385660
-0.266457
-0.224339
0.030382
0.761315
1.069906
1.144268
1.228616
1.042449
0.214156
-0.055778
-0.414393
-0.617721
-0.868144
-0.869510
-0.774303
-0.253229
0.027556
0.043094
0.154014
0.078949
-0.199537
-0.069154
0.556897
0.832619
0.859555
0.724054
0.416417
-0.136829
-0.132206
-0.173630
-0.088637
-0.052652
-0.282912
-0.483690
-0.764765
-0.908765
-1.231899
-1.072044
-0.960875
-0.526142
-0.373195
0.037742
0.380345
0.870358
1.220555
1.518941
1.786678
1.523314
0.954839
0.590820
0.520408
0.272399
0.611762
0.694745
0.619181
0.544664
0.158276
-0.100479
-0.361063
-0.651012
-0.926409
-0.946610
-1.165654
-1.194025
-0.970260
-0.871641
-0.502840
-0.193093
-0.116558
-0.384617
-0.487271
-0.415459
-0.471515
-0.097560
0.216228
0.333891
0.202622
0.202358
-0.170393
-0.299366
-0.248872
-0.328034
0.013301
0.339398
0.538868
0.521414
0.900475
0.849323
1.140038
1.083141
1.180474
1.153794
0.901575
0.470887
-0.103197
-0.218314
-0.549491
-0.782601
-0.982963
-0.763215
-0.822462
-1.053406
-1.094434
-0.866384
-0.726163
-0.448391
0.242121
0.723707
0.922683
1.273890
1.142696
0.857669
0.750851
0.658921
0.559104
0.605834
0.204989
-0.124118
-0.346172
-0.659117
-0.913546
-0.854751
-0.774636
-0.743743
-0.527724
-0.527724
-0.401603
-0.325798
-0.363138
-0.164941
0.187503
0.467915
0.704481
0.898802
0.611438
0.084917
-0.191486
-0.459810
-0.722030
-0.592326
-0.532149
-0.737114
-0.907094
-0.749960
-0.877663
-0.641757
-0.251321
0.034206
0.290732
0.622243
0.911145
0.860726
0.625429
0.374941
-0.174504
-0.466999
-0.539415
-0.349961
-0.148567
0.274157
0.381484
0.242584
0.061273
-0.203652
-0.474673
-0.434509
-0.059364
0.280673
0.540496
0.758910
0.593637
0.179750
0.015973
-0.119270
-0.140812
-0.087243
-0.012479
0.150128
0.287409
0.392949
0.528698
0.905660
0.992099
0.948039
0.798496
0.462617
0.052696
-0.272072
-0.508127
-0.781914
-0.846133
-0.988343
-1.153999
-1.309526
-1.196174
-1.042109
-0.898141
-0.660394
-0.425757
-0.162107
0.066241
0.433448
0.715171
0.999121
1.080401
1.127269
1.011268
0.632180
0.416517
0.300947
0.168257
0.136828
0.304641
0.200885
-0.012847
-0.226841
-0.452775
-0.673600
-0.651435
-0.577001
-0.234032
0.020115
0.353374
0.616730
0.786959
0.751063
0.657008
0.110025
-0.525501
-0.954205
-1.433998
-1.606942
-1.179385
-0.800030
-0.511040
-0.018629
0.237602
0.064872
-0.073019
-0.074131
-0.175992
-0.194558
0.076578
0.288100
0.622676
0.822040
0.984342
1.006214
0.833214
0.483172
0.119154
-0.051121
-0.150751
0.126898
0.491343
0.976332
0.971319
0.779376
0.538007
-0.070663
-0.723660
-0.842111
-0.862759
-0.709907
-0.448640
-0.100072
-0.092392
-0.140679
-0.456742
-0.654731
-0.922652
-0.913146
-0.695950
-0.178447
0.257172
0.726701
0.991674
1.181054
0.844925
0.459655
0.083739
-0.326079
-0.692706
-0.755551
-0.681328
-0.630336
-0.666324
-0.440954
-0.274595
-0.250786
-0.007857
0.582670
0.721817
0.764666
0.898610
0.652195
0.062538
-0.307148
-0.590786
-0.611098
-0.503103
-0.246190
0.123063
0.627025
0.840744
0.817064
0.750514
0.651494
0.447803
0.347033
0.431626
0.517794
0.494167
0.372494
0.079931
-0.239745
-0.496420
-0.883805
-1.130470
-1.182731
-1.150172
-1.108599
-0.989746
-0.763654
-0.634072
-0.606828
-0.423902
-0.296200
-0.120155
0.195981
0.589090
0.874582
1.172986
1.240005
0.958391
0.720015
0.379628
0.276860
0.081867
0.129000
0.185707
0.190873
0.057560
-0.343136
-0.803781
-1.318707
-1.531666
-1.445417
-1.061530
-0.398201
0.358737
0.882473
1.020416
1.302856
1.342652
1.224510
1.099460
0.762492
0.487462
0.273484
0.067078
-0.272674
-0.033447
-0.136295
-0.316910
-0.623564
-0.759596
-0.997304
-0.968540
-0.912493
-0.785523
-0.470984
-0.365990
-0.349409
-0.412970
-0.282213
-0.142827
-0.032473
0.093532
0.471952
0.714944
0.857676
1.081483
1.274188
1.287693
1.132732
0.899657
0.518757
0.398530
0.342076
0.521783
0.746036
0.685244
0.267818
-0.090405
-0.594715
-1.120489
-1.192201
-1.285158
-1.456653
-1.451651
-1.492225
-1.640594
-1.344308
-0.954609
-0.542255
-0.112260
0.251038
0.396402
0.354449
0.275893
0.185901
0.250152
0.227908
0.246170
0.335727
0.398327
0.568478
0.661504
0.867622
0.959148
0.963655
0.880450
1.033937
0.976531
0.933175
0.957884
1.005055
0.684404
0.212262
-0.303913
-0.721903
-1.272596
-1.389311
-1.273648
-1.114412
-0.886697
-0.674661
-0.655158
-0.546152
-0.361917
-0.272585
-0.108830
-0.119474
-0.174888
-0.100629
-0.005463
0.027568
0.469518
0.842143
1.072360
1.285490
1.384172
1.282004
0.934013
0.662196
0.318703
0.157093
-0.080846
-0.244231
-0.400531
-0.336330
-0.245266
-0.091573
-0.068105
-0.012254
-0.356267
-0.427348
-0.455310
-0.264280
-0.185763
-0.068451
-0.210055
-0.590392
-0.906182
-1.340049
-1.552437
-1.648162
-1.528427
-1.033256
-0.486615
0.087942
0.519567
0.726540
0.855504
1.029531
1.135883
1.098007
1.055879
0.740087
0.304891
0.109613
0.006502
0.089466
0.346045
0.657549
0.717599
0.624995
0.568838
0.232837
-0.044252
-0.529162
-0.839178
-0.898779
-0.868425
-1.053778
-1.003574
-0.769371
-0.892476
-0.962793
-0.864816
-0.457897
-0.556674
-0.142272
0.103143
0.570003
0.671696
1.186369
1.366107
1.436570
1.183422
0.891762
0.470441
0.050043
-0.152739
-0.274352
-0.341253
-0.332222
-0.385040
-0.310205
-0.198749
-0.280371
-0.306974
-0.337161
-0.403924
-0.164615
0.225387
0.490492
0.863634
1.265196
1.353987
1.233253
1.239028
0.714787
-0.045606
-0.757930
-1.206412
-1.505535
-1.424027
-0.954511
-0.694237
-0.453792
-0.484637
-0.626786
-0.771767
-0.869547
-0.691705
-0.452361
-0.057684
0.199661
0.512318
0.823247
0.857374
0.867551
0.709842
0.579233
0.434462
0.385725
0.160292
-0.050830
-0.217657
-0.584699
-0.704225
-0.648255
-0.758418
-0.669346
-0.646305
-0.720871
-0.554121
0.326706
0.843027
1.368725
1.881399
1.995066
1.726611
1.024825
0.350021
-0.254996
-0.670657
-1.180430
-1.113592
-0.921534
-0.782005
-0.675737
-0.597399
-0.313314
-0.085288
0.123690
0.260866
0.519935
0.608016
0.503479
0.361864
0.225706
0.224842
0.126816
0.050529
0.064072
-0.059534
-0.031295
0.120467
0.172440
0.026637
0.098990
0.072598
-0.125754
0.138530
0.325474
0.625356
0.846834
1.009986
0.956585
0.949244
0.660979
0.274849
0.028390
-0.244628
-0.281600
-0.366706
-0.644020
-0.847092
-1.013022
-1.527636
-1.142601
-1.054351
-0.716229
-0.479672
0.157761
0.244356
0.535092
0.747929
0.825766
0.791745
0.703660
0.787220
0.310772
-0.242718
-0.583398
-1.107730
-1.554890
-1.439881
-1.084817
-0.903067
-0.510321
-0.232842
0.009009
0.305358
0.364167
0.320069
0.217623
-0.060719
-0.249358
-0.079960
0.077556
0.318244
0.546360
0.647562
0.425829
0.135518
0.112512
0.053987
0.165834
0.469068
0.794489
0.707595
0.491809
0.142809
-0.290906
-0.693756
-0.829862
-0.700486
-0.595820
-0.729575
-0.664820
-0.672733
-0.655899
-0.762353
-0.505693
-0.085020
0.186189
0.344636
0.762111
1.101356
0.989006
0.849050
0.889597
0.757080
0.639555
0.593300
0.701188
0.559614
0.214245
-0.172989
-0.406199
-0.733089
-1.011480
-0.973806
-0.891321
-0.948597
-0.846186
-0.541311
-0.402275
-0.242180
-0.107076
-0.011677
0.119038
0.337026
0.495305
0.730767
1.121760
1.217398
1.114898
1.043940
1.044280
0.782439
0.354246
0.148556
-0.180418
-0.563858
-0.936295
-1.117710
-1.143804
-1.040898
-0.977666
-0.817916
-0.705198
-0.496066
-0.232901
0.070498
0.391075
0.649316
0.680060
0.745718
0.738300
0.652007
0.689065
0.789036
0.690181
0.488422
0.348049
0.198867
0.087271
-0.253585
-0.392404
-0.443067
-0.639847
-0.967981
-0.869340
-0.688631
-0.775774
-0.581211
-0.490833
-0.425823
-0.249767
0.184830
0.583778
0.915642
1.126044
1.106976
0.924346
0.685923
0.391107
0.250239
0.118453
0.033261
-0.131007
-0.354850
-0.449214
-0.640504
-0.678147
-0.574735
-0.291852
-0.123049
-0.086678
-0.225203
-0.439618
-0.517494
-0.860011
-1.087295
-1.091153
-0.999890
-0.796643
-0.432801
0.196137
0.520674
0.567070
0.902408
1.086886
1.069305
1.081338
1.306670
0.926891
0.642507
0.149404
-0.270516
-0.823094
-1.073467
-1.359511
-1.270833
-1.142096
-0.893551
-0.488748
-0.062655
0.151941
0.304622
0.578809
0.518459
0.466053
0.574366
0.674331
0.812625
0.873702
0.917372
0.833952
0.462116
-0.069934
-0.483472
-0.804653
-1.009393
-0.915562
-0.698245
-0.650123
-0.570256
-0.545315
-0.513166
-0.413315
-0.251408
0.156428
0.294252
0.555219
0.718854
0.683059
0.414118
0.353603
0.150814
-0.085628
-0.099729
-0.240897
-0.405157
-0.416058
-0.569494
-0.578553
-0.603001
-0.447415
0.053269
0.685827
1.043887
1.345731
1.567896
1.402854
0.873518
0.635197
0.461083
0.112516
-0.349292
-0.647015
-0.883458
-1.202359
-1.201954
-0.944116
-0.532464
-0.463878
-0.312354
-0.345456
-0.422003
-0.556240
-0.524482
-0.415630
0.006458
0.501246
0.901405
1.241286
1.481083
1.424131
1.005654
0.844191
0.622383
0.595113
0.555285
0.312892
0.135081
-0.044953
-0.321026
-0.694197
-0.783370
-0.857974
-0.831838
-0.858735
-0.961510
-0.794671
-0.833318
-0.688273
-0.513361
-0.320625
-0.142113
-0.100309
-0.213570
-0.103405
0.129386
0.334475
0.649367
1.057099
1.056140
0.940298
0.981858
1.169982
1.188974
1.127459
1.185695
0.793582
0.219508
-0.159262
-0.557639
-0.767176
-0.871553
-1.008705
-0.948518
-0.542054
-0.351093
-0.225623
0.012397
0.056816
-0.105452
-0.077616
-0.044265
0.137018
0.253149
0.052307
-0.229925
-0.459359
-0.745683
-1.156791
-1.041990
-0.674208
-0.217478
0.248874
0.631006
0.800784
0.658460
0.612396
0.509951
0.686907
0.897595
0.668064
0.262393
0.134835
-0.183103
-0.352004
-0.194603
0.265383
0.401720
0.534194
0.695146
0.630606
0.307129
0.051942
-0.091637
-0.230393
-0.132861
0.202684
0.233861
0.359403
0.457844
0.462478
0.211276
0.063643
-0.047270
0.041996
0.399790
0.533520
0.109061
-0.183530
-0.517123
-0.896917
-1.126100
-0.993124
-1.319570
-1.915159
-2.241689
-2.248513
-1.879888
-1.131033
-0.450674
-0.113034
-0.024367
0.195793
0.207077
0.351124
0.457381
0.464638
0.630287
0.654537
0.644734
0.826499
1.169969
1.048714
0.814570
0.669361
0.400716
-0.280976
-0.830220
-1.178100
-1.442263
-1.708323
-1.600853
-1.402465
-1.064508
-0.724284
-0.302519
0.294562
0.820941
1.297957
1.530152
1.420614
1.221211
0.966773
0.549092
0.331559
0.154580
-0.076836
-0.271712
-0.291930
-0.428258
-0.475085
-0.791884
-1.005065
-0.884750
-0.623354
-0.267318
0.247031
0.277221
0.160917
-0.077708
-0.226165
-0.342984
-0.091326
-0.253029
-0.445637
-0.476186
-0.363256
-0.222459
0.314632
0.673915
0.879986
0.609281
0.773389
0.754017
1.221956
0.919186
1.022696
0.841534
0.512023
-0.028622
0.050405
-0.068025
-0.341954
-0.721887
-1.024732
-1.255130
-1.339375
-1.335732
-1.220044
-0.999917
-0.753033
-0.527813
-0.471677
-0.090666
0.066196
0.195754
0.363330
0.652852
0.594233
0.515125
0.576728
0.502422
0.128039
-0.126493
-0.018587
-0.024278
-0.051023
0.280867
0.645218
0.612733
0.622380
0.803949
0.832545
0.706651
0.624784
0.319670
-0.162201
-0.612088
-0.932629
-1.081909
-1.030886
-0.861514
-0.252380
0.212255
0.412929
0.395490
0.437831
0.037980
0.113145
-0.040307
0.158044
0.210905
0.453321
0.288842
0.485918
0.497146
0.369277
-0.128198
-0.864375
-1.579226
-1.801681
-2.060089
-1.550262
-0.358524
0.576987
0.969965
1.360246
0.962409
-0.083322
-0.433729
-0.680836
-0.776157
-0.455208
-0.125205
0.023789
0.247577
0.437193
0.340468
0.506588
0.327058
0.184053
0.343545
0.496187
0.591119
0.807850
0.765424
0.404710
-0.087744
0.010219
-0.151852
0.208410
0.672297
1.143056
0.915563
0.830269
0.356970
-0.333215
-0.774323
-0.797236
-0.943055
-1.154569
-1.042807
-0.912986
-0.897382
-0.529606
-0.048815
0.172991
0.396865
0.557381
0.341707
0.204861
0.378693
0.475613
0.495702
0.780024
0.785981
0.283675
0.071345
-0.204221
-0.706612
-1.047067
-0.793968
-0.736805
-0.678315
-0.633269
-0.595857
-0.766668
-0.810269
-0.737265
-0.375438
-0.193261
-0.017639
0.411558
0.640481
0.830231
0.860318
0.975643
0.694283
0.620351
0.345761
0.106493
0.090573
0.058194
-0.082950
0.089199
0.496724
0.455318
0.457130
0.616979
0.540758
0.349871
0.461830
0.353318
0.243864
0.229540
0.421449
0.645850
0.762430
0.355258
-0.134353
-0.536850
-1.078895
-1.119849
-0.830884
-0.797355
-0.766793
-1.039465
-1.582180
-1.442576
-1.282841
-0.951048
-0.298561
0.468121
0.660380
1.316716
1.401096
1.350693
1.118818
0.886549
0.463638
0.165799
0.002029
-0.046988
-0.135464
-0.184835
-0.093598
-0.121421
-0.401729
-0.827450
-1.109328
-1.254617
-1.298799
-0.931944
-0.349816
0.202613
0.602678
0.960595
1.126231
1.210511
1.218738
1.141454
0.769158
0.325163
-0.023572
-0.388820
-0.811552
-0.786442
-0.810367
-0.671021
-0.617911
-0.561351
-0.426878
-0.182683
-0.050207
-0.194052
-0.168601
0.049383
0.182724
0.223407
0.606054
0.890652
0.784098
0.855380
0.670539
0.534898
0.324420
0.282840
0.175420
0.296974
0.108019
0.356957
0.155861
-0.017748
-0.142602
-0.389255
-0.765799
-0.772669
-0.700133
-0.887285
-0.880127
-0.790383
-0.710166
-0.867697
-0.893269
-0.675902
-0.765038
-1.156866
-1.067102
-0.973433
-0.716639
-0.210850
0.496458
0.954061
1.372781
1.726918
1.815862
1.751507
1.609742
1.482613
0.989458
0.625333
0.401512
0.155656
-0.035025
0.242396
0.302059
0.285011
0.148993
0.223396
-0.071898
-0.156677
-0.124967
0.017191
-0.227006
-0.489232
-0.792808
-1.097391
-1.341929
-1.256335
-0.939922
-0.500011
-0.049942
0.233547
0.255884
-0.037386
-0.241185
-0.598618
-0.830435
-0.755740
-0.226975
0.241021
0.778067
1.330278
1.548541
1.176189
0.435600
-0.033149
-0.507309
-0.560473
-0.292354
0.038727
0.111559
0.334589
0.262364
-0.080719
-0.220188
-0.302488
-0.466099
-0.603333
-0.328082
-0.006195
0.222041
0.430750
0.575976
0.598555
0.584383
0.504330
0.328954
-0.279565
-0.547352
-0.880990
-0.725943
-0.652836
-0.033372
-0.148205
-0.453738
-0.696996
-1.018328
-0.855636
-0.335162
0.678806
1.037796
1.481394
1.472212
1.280723
0.574201
0.164707
-0.071104
-0.351461
-0.586183
-0.497821
-0.446802
-0.641093
-0.733121
-0.766121
-0.580823
-0.404265
-0.018619
0.362637
0.584383
0.609476
0.536211
0.590496
0.489131
0.406344
0.252820
0.203563
-0.209654
-0.691603
-0.936290
-1.113466
-1.223679
-1.034366
-0.698769
-0.122663
0.383467
0.644257
0.741448
0.899384
0.651780
0.268745
0.032550
-0.054014
-0.131167
0.064832
0.178292
0.621895
0.850392
0.875447
0.840210
0.804473
0.702183
0.616291
0.562918
0.192026
-0.071009
-0.648378
-1.074165
-1.437045
-1.575330
-1.632716
-1.034042
-0.647653
-0.379587
0.097526
0.744358
0.730897
0.711069
0.834174
0.668712
0.524202
0.378077
0.383319
0.513911
0.513098
0.412294
0.431326
0.413440
0.172555
-0.049399
-0.216898
-0.656226
-0.909301
-1.022671
-0.953311
-0.994389
-0.752297
-0.841897
-1.109452
-1.370201
-1.308589
-1.195474
-0.849767
-0.303289
0.305684
0.533330
0.896832
1.091108
1.055129
0.879097
0.753173
0.342707
0.386067
0.552845
0.755023
0.819944
0.908840
0.668574
0.359104
-0.015166
-0.304900
-0.549404
-0.791686
-0.944326
-0.937339
-0.959647
-0.859855
-0.807023
-0.654169
-0.557614
-0.478959
-0.243844
0.033465
0.359012
0.635912
1.009951
1.198215
1.211690
0.946518
0.800362
0.344908
-0.200471
-0.689756
-0.856858
-1.096658
-0.988079
-0.853690
-0.602310
-0.562447
-0.490626
-0.516743
-0.553948
-0.437694
-0.275140
-0.142880
0.154606
0.479869
0.559855
0.704045
0.844761
0.892832
0.659635
0.718424
0.713505
0.851529
0.971188
1.044833
0.754470
0.461454
0.331324
-0.123613
-0.325291
-0.280988
-0.292832
-0.460434
-0.531614
-0.369608
-0.349907
-0.298713
-0.292918
-0.224227
-0.418851
-0.500836
-0.590118
-0.442024
-0.135580
0.449168
1.003316
1.373544
1.337981
1.063878
0.570529
-0.231067
-0.795147
-0.933790
-0.821125
-0.678471
-0.422317
0.058200
0.122873
0.397331
0.621182
0.950363
0.855175
0.865027
0.506290
0.212433
0.004902
-0.154369
-0.367743
-0.556587
-0.764034
-1.031660
-1.212570
-1.461438
-1.317029
-1.140648
-0.618999
-0.217202
0.315254
0.646210
0.782424
0.638122
0.429817
0.244768
-0.098408
-0.264561
-0.214833
0.041158
0.258319
0.516005
0.715308
0.802368
0.836917
0.669598
0.487011
0.409217
0.213127
0.159018
0.291354
0.346372
0.130213
-0.202673
-0.632437
-1.097079
-1.389983
-1.462433
-1.396280
-1.234374
-1.037607
-0.952132
-0.573301
-0.166374
0.280719
0.738293
1.390447
1.505764
1.326909
1.060116
0.728811
0.192276
-0.148670
-0.301867
-0.311579
-0.469574
-0.378291
-0.426401
-0.428279
-0.266716
0.074890
0.135639
0.242404
0.704993
0.655517
0.699548
0.751081
0.685568
0.206246
-0.276785
-0.998571
-1.277254
-1.258755
-0.931791
-0.462336
-0.077254
-0.051838
-0.001430
-0.022979
-0.053759
0.213709
0.365158
0.265803
-0.082570
-0.340037
-0.477772
-0.550595
-0.560525
-0.449452
-0.392047
-0.308983
0.079516
0.630705
0.980583
1.284527
1.541676
1.259226
0.652698
0.503045
0.401451
0.083284
-0.144790
0.178455
-0.002793
-0.017955
-0.053353
0.190573
0.337541
0.557890
0.857773
0.718458
0.517930
0.146518
-0.219952
-0.692940
-0.777831
-0.798738
-0.964336
-0.964268
-1.038079
-1.037035
-0.940612
-0.763850
-0.683618
-0.708260
-0.660572
-0.518074
-0.358500
-0.062158
0.255533
0.677191
0.945626
1.084239
0.916542
0.771199
0.662425
0.457859
0.232365
0.474310
0.723717
0.631480
0.194067
-0.159244
-0.553977
-0.849731
-0.948106
-0.594079
-0.178399
0.076337
0.291706
0.496785
0.514142
0.558709
0.528283
0.267840
0.200240
0.205789
0.256465
0.337662
0.599578
0.673836
0.603838
0.339952
0.089112
-0.383731
-0.869363
-1.245236
-1.362949
-1.421541
-1.238530
-1.161887
-0.900395
-0.815428
-0.774095
-0.625963
-0.345062
-0.160073
0.114594
0.417569
0.750726
1.144261
1.430830
1.515315
1.348694
0.976376
0.451067
0.137938
-0.103305
-0.140561
-0.288123
-0.367660
-0.810133
-1.276731
-1.505305
-1.488348
-1.377829
-1.058546
-0.663643
-0.093267
0.278319
0.404519
0.595830
0.830067
0.747986
0.580360
0.742470
0.506179
0.556177
0.363874
0.368553
0.294110
0.610163
0.540656
0.520766
0.459303
0.472058
0.370206
0.482253
0.433285
0.194295
-0.203818
-0.664997
-1.271976
-1.411754
-1.664500
-1.396262
-1.089075
-0.781527
-0.812118
-0.258791
-0.119719
-0.017356
0.070229
0.150613
0.470783
0.189854
0.384565
0.459127
0.505721
0.247149
0.670607
0.694553
0.791105
0.822293
0.711883
0.383551
0.243725
0.350557
0.286309
0.227073
0.114920
0.087258
-0.364217
-0.278769
-0.038312
0.162437
0.192428
0.475364
0.773523
0.810332
0.818334
0.487781
0.167036
-0.499734
-0.991998
-1.251897
-1.353958
-0.965903
-0.391605
-0.111860
0.292122
0.651739
0.491663
0.338225
0.309503
0.282558
0.442518
0.508302
0.349769
0.438293
0.074235
-0.505332
-0.581649
-0.364163
-0.408941
-0.543099
-0.383035
-0.646699
-0.717372
-0.750112
-0.597584
-0.327259
0.046605
-0.035208
0.085100
0.518942
0.441173
0.401500
0.504064
0.609821
0.448200
0.616869
0.700769
0.745943
0.576454
0.358482
-0.140503
-0.718329
-1.006176
-1.240937
-1.263647
-1.103831
-0.815416
-0.591306
-0.368726
0.030117
0.431722
0.684898
0.932514
0.992595
0.787631
0.431820
0.160070
-0.244961
-0.274380
-0.169021
0.163546
0.515985
0.860998
0.993272
1.013836
0.908700
0.822172
0.515751
0.233370
-0.123629
-0.365811
-0.512432
-0.752386
-0.871101
-0.924939
-0.771072
-0.709068
-0.668669
-0.595893
-0.431087
-0.458103
-0.568403
-0.465163
-0.795694
-1.257799
-1.261569
-1.205702
-1.121495
-0.676981
-0.005068
-0.061130
0.156334
0.410799
0.511296
0.312520
0.726538
0.645511
0.583864
0.768110
1.149160
1.315916
1.301814
1.206481
0.820609
0.351535
-0.053724
-0.036655
0.389481
0.708314
0.898977
0.664870
0.366301
-0.348733
-0.695130
-1.053366
-0.950377
-0.865794
-0.489575
-0.534690
-0.219241
-0.197184
-0.233712
-0.526225
-0.401241
-0.342691
-0.121884
0.011268
0.021267
-0.126976
0.099280
0.130823
0.469376
0.848106
1.254038
1.151727
0.807890
0.222134
-0.322084
-0.594469
-0.499245
-0.055207
0.579608
1.272823
1.704808
1.472889
1.178510
0.843692
0.585624
0.233976
0.031783
-0.039144
-0.220491
-0.380943
-0.271790
-0.159327
-0.163490
-0.364321
-0.189821
-0.221899
-0.064346
-0.072287
0.195117
-0.171015
-0.556217
-1.092307
-1.132391
-1.466683
-1.174085
-0.863377
-0.871885
-1.210235
-1.423669
-1.403433
-1.185042
-0.548185
-0.163227
0.327793
0.459471
0.421223
0.340644
0.446702
0.627574
0.640431
1.035393
1.203619
1.317850
1.372672
1.276505
0.764380
0.304274
-0.013962
-0.290798
-0.442023
-0.291459
-0.012141
-0.012908
-0.035880
-0.066418
-0.277634
-0.650455
-0.693560
-0.364965
-0.264237
-0.003088
0.347317
0.612885
0.556611
0.515472
0.352498
0.081454
-0.222453
-0.203731
-0.014258
-0.140401
-0.449618
-0.303658
-0.465846
-0.451714
-0.244801
0.640924
1.129851
1.118099
0.668484
0.048686
-0.726584
-1.342762
-1.551570
-1.668156
-1.812485
-1.469719
-1.348072
-1.112027
-0.671705
-0.066064
-0.151255
-0.140246
-0.183914
0.169009
0.528942
0.983096
1.195941
1.379890
1.065466
0.682701
0.410140
0.352197
0.329048
0.416346
0.479081
0.566777
0.708090
0.683822
0.573608
0.408326
0.153655
-0.352440
-0.595554
-0.857287
-0.814985
-0.682257
-0.388313
0.132734
0.483294
0.990374
1.346044
1.628900
1.576328
1.810933
1.593213
1.351108
0.730263
-0.019872
-0.801127
-1.379090
-1.744118
-1.656699
-1.622820
-1.357557
-1.061661
-0.908025
-0.738232
-0.197741
-0.011589
0.155004
0.327307
0.508269
0.522750
0.691601
0.849121
0.752497
0.592275
0.487663
0.312450
0.080023
0.132090
0.134443
-0.017019
-0.061301
-0.434892
-0.643864
-0.798293
-0.763732
-0.749198
-0.276667
-0.064148
0.274947
0.566106
0.727873
0.726414
0.720180
0.546871
0.143407
-0.168386
-0.491378
-0.740369
-1.045408
-1.200568
-1.422953
-1.439980
-1.330055
-1.090399
-0.633579
-0.221074
0.161426
0.373850
0.712593
0.890082
1.084879
1.179305
1.155078
1.198641
1.061699
0.879872
0.721726
0.563382
0.227415
0.104762
0.192323
0.153792
0.315077
0.434524
0.357032
0.035387
-0.359262
-0.803312
-1.104338
-1.467485
-1.389575
-1.227585
-0.794500
-0.460641
-0.110710
-0.137640
-0.172712
-0.102539
0.076537
0.442398
0.597191
0.838156
0.816697
0.313041
-0.263376
-0.540857
-0.861581
-0.948937
-0.706531
-0.352379
0.030264
0.415343
0.455598
0.508957
0.367333
-0.171281
-0.232644
-0.274869
-0.201278
0.092691
0.643220
0.844891
0.629814
0.395214
0.074495
-0.058190
0.201602
0.774877
0.812729
0.899104
0.979387
0.684864
-0.072627
-0.003600
0.281113
0.371551
0.166965
0.526723
0.126490
-0.475095
-0.749113
-0.997760
-1.086128
-0.876411
-0.549475
-0.430415
-0.339757
-0.446589
-0.286132
-0.302822
-0.301650
-0.005914
0.298584
0.362346
0.332968
0.254166
-0.011141
-0.338391
-0.704807
-0.956132
-1.045262
-0.651839
-0.380098
0.074883
0.625645
1.014858
0.809263
1.010670
1.033392
0.912180
0.535342
0.331666
-0.212997
-0.669137
-0.881299
-0.840211
-0.786399
-0.611132
-0.581653
-0.614026
-0.563889
-0.571771
-0.320081
0.081696
0.565554
0.838724
0.866722
0.633891
0.620666
0.362731
0.162807
0.078236
0.057278
0.065992
0.046723
0.099754
0.508676
0.709585
0.886731
0.788757
0.523172
-0.009091
-0.539693
-1.225120
-1.359973
-1.143572
-0.673164
-0.323220
0.267140
0.562890
0.368465
0.008469
0.017025
-0.275416
-0.641666
-0.462810
-0.299760
0.000466
0.369117
0.757771
0.867162
0.989366
1.076350
0.879281
0.724408
0.667887
0.454618
0.196557
0.112905
0.201528
0.215400
0.380230
0.475350
0.389105
0.016479
-0.371746
-0.499130
-0.732408
-0.868781
-0.821636
-0.582421
-0.715756
-1.079883
-1.362849
-1.348096
-1.677245
-1.550879
-1.199272
-0.625418
-0.358796
0.111543
-0.005826
-0.038521
-0.076010
0.165039
0.474848
0.807768
0.818802
0.596989
0.061705
-0.460264
-0.792615
-0.704308
-0.436700
-0.264664
-0.213302
0.110672
0.241112
0.182530
0.253263
0.397155
0.395894
0.518587
0.696780
0.752192
0.826696
0.984393
0.815924
0.449576
0.201555
-0.106188
-0.509729
-0.477822
-0.182900
0.155404
0.499037
0.885100
0.908797
0.533296
0.199295
-0.102259
-0.546292
-0.861152
-0.808777
-0.594283
-0.309866
-0.138503
0.031222
0.250083
0.169055
0.069198
0.068438
-0.031764
-0.161090
0.004904
0.078505
0.112625
0.180928
0.133240
-0.149791
-0.425473
-0.667648
-0.825675
-0.833550
-0.848721
-0.924447
-0.819889
-0.671784
-0.479953
-0.117306
0.381500
0.682481
0.890982
1.111565
1.287821
1.285375
1.260497
1.291975
1.065869
0.613210
0.019010
-0.599621
-0.966817
-1.167056
-1.287609
-0.966894
-0.762779
-0.697989
-0.587413
-0.576999
-0.514044
-0.157664
0.148741
0.346777
0.597211
0.606229
0.452474
0.348851
0.168719
0.191652
0.034078
0.022187
0.048675
0.213065
0.240266
0.481192
0.860061
1.062753
1.114030
1.066569
0.728764
0.180303
-0.549844
-1.153603
-1.506720
-1.767881
-1.642467
-1.221393
-0.746576
-0.465094
-0.042142
0.173706
0.344602
0.202045
0.019749
-0.034763
0.000398
-0.157739
-0.062672
0.131949
0.490497
0.610634
0.814000
0.671112
0.582095
0.192524
-0.379766
-0.851908
-0.694824
-0.517393
-0.272676
0.138291
0.721798
0.939567
1.002582
0.921080
0.650068
0.399476
0.206284
0.110641
0.015367
0.035788
-0.461461
-1.196670
-1.532435
-1.748039
-1.768460
-1.503880
-1.053798
-0.700929
-0.251761
0.117038
0.593426
0.858391
0.937355
0.702448
0.515591
0.227919
0.215743
0.223242
0.367666
0.464681
0.709112
0.980576
0.986792
1.069533
0.934291
0.538191
0.156902
-0.140974
-0.477467
-0.596527
-0.748368
-0.668050
-0.561915
-0.408365
-0.359981
-0.109050
0.042224
0.252806
0.568577
0.984518
1.197089
1.191160
1.040093
0.662952
0.040473
-0.447032
-0.979257
-1.257355
-1.226715
-0.756597
-0.492419
-0.109258
0.245241
0.309786
-0.004535
-0.112703
-0.338826
-0.690812
-0.953848
-0.951088
-0.921820
-0.613812
-0.202131
0.152499
0.408852
0.803238
0.959026
0.997744
0.979978
0.971825
0.777624
0.568500
0.287459
0.014279
-0.312684
-0.593820
-0.814164
-0.861826
-0.861282
-0.555243
-0.204770
0.167558
0.449707
0.572917
0.616265
0.585615
0.460840
0.365427
0.666426
0.761274
0.645122
0.563304
0.496978
0.293123
0.162723
0.221356
0.314347
0.454363
0.330788
0.170892
0.115733
-0.344764
-1.310986
-2.071826
-2.866529
-3.705531
-3.542965
-3.148128
-2.332269
-1.422686
-0.586660
-0.252467
0.367089
1.044441
1.339582
1.706473
1.561221
1.311363
1.010215
1.016684
0.948452
0.857920
0.859084
0.408733
0.108492
-0.154280
-0.150932
-0.119141
-0.137081
-0.336065
-0.713315
-1.071872
-0.996618
-0.929303
-0.466913
0.185539
0.801689
1.086205
1.166032
0.940475
0.496336
0.312286
-0.175283
-0.318847
-0.338605
-0.104881
0.194606
0.571661
0.809792
1.037577
1.074294
0.886614
0.501024
0.225137
-0.279871
-0.675191
-0.762700
-0.662679
-0.732311
-0.808554
-0.850377
-0.798895
-0.633836
-0.346245
0.076251
0.648752
0.932536
0.979102
1.231809
1.219903
0.993782
0.758023
0.268971
-0.142406
-0.583837
-1.000138
-1.285333
-1.255436
-1.300417
-1.224182
-0.879655
-0.628742
-0.270598
-0.052889
0.195774
0.227856
0.237162
0.160104
0.002787
-0.172376
-0.222927
-0.253674
-0.122368
0.018849
0.426023
0.792807
1.144586
1.439389
1.881133
1.987924
1.902426
1.932974
1.820115
1.484636
1.296839
1.002076
0.527203
0.172583
-0.044103
-0.233763
-0.267237
-0.308779
-0.599361
-0.857132
-1.127770
-1.437325
-1.437944
-1.034080
-0.718668
-0.567858
-0.323095
-0.272045
-0.431236
-0.461690
-0.684718
-0.763581
-0.824432
-0.937711
-1.180789
-0.964765
-0.848447
-0.854983
-0.664037
-0.471462
-0.384269
-0.080819
0.279379
0.503230
0.691261
0.989167
0.795729
0.561182
0.435239
0.381849
0.199397
-0.025866
-0.046394
-0.163293
-0.597188
-1.054704
-1.191136
-1.493905
-1.524349
-1.305275
-0.716171
-0.205249
0.280365
0.633898
0.985076
1.076166
1.242465
1.410409
1.331945
1.138318
0.862612
0.531967
0.326732
0.164154
0.087799
-0.086814
-0.273072
-0.362353
-0.451459
-0.488491
-0.635014
-0.732615
-0.745908
-0.818446
-0.600730
-0.171040
0.105216
0.487743
0.846579
1.022156
1.104001
1.253305
1.007986
0.909301
0.844301
0.784578
0.966925
1.074694
1.107821
0.987809
0.736314
0.377700
0.225840
0.159936
0.238906
0.279919
0.341232
0.282777
0.055402
-0.254752
-0.279581
-0.311024
-0.529915
-0.596809
-0.818646
-1.067328
-1.360331
-1.307250
-1.381133
-1.338904
-1.115898
-0.878614
-0.938800
-0.720151
-0.450898
-0.352982
-0.231210
0.068685
0.342968
0.781397
1.045701
1.202524
1.107286
0.929803
0.433042
0.367818
0.385905
0.244727
-0.023296
-0.187741
-0.609433
-1.048715
-1.099280
-1.108186
-0.949687
-0.838309
-0.778935
-0.589031
-0.206147
-0.016377
0.295199
0.562684
0.556356
0.351115
0.265822
0.231125
0.369103
0.643706
0.935710
1.001030
0.758545
0.523774
-0.003502
-0.518787
-0.575907
-0.258955
0.049612
0.436989
0.859961
1.005467
0.830511
0.498218
0.354234
0.484360
0.316805
0.289110
0.293303
0.210073
-0.120617
-0.135570
-0.095368
-0.176029
-0.080912
0.116941
0.221315
0.173330
-0.101446
-0.459988
-0.820533
-1.073211
-1.340880
-1.449770
-1.264076
-1.193043
-1.126574
-0.691724
0.045541
0.718251
1.068143
1.389470
1.482446
1.283110
0.859392
0.555431
0.554028
0.480341
0.515813
0.608792
0.806488
0.575078
0.089495
-0.362955
-0.491844
-0.652094
-0.678497
-0.512318
-0.074392
0.001302
-0.088832
-0.036019
-0.150854
-0.457850
-0.781807
-0.927702
-0.746776
-0.408717
0.136148
-0.000376
0.273912
0.157903
0.092411
-0.341521
-0.169028
-0.275440
-0.221859
-0.374725
-0.278122
0.257057
0.691659
0.642744
0.970319
1.218501
0.809545
0.616001
0.522450
0.231562
-0.192370
-0.265002
-0.368727
-0.325708
-0.121577
-0.163049
-0.134464
-0.233650
-0.452898
-0.676275
-0.289623
-0.064094
-0.055688
0.085216
0.406245
0.425827
0.665629
0.935760
1.226297
1.225293
0.777967
0.170453
-0.562361
-0.992981
-1.413373
-1.286548
-0.804618
-0.168206
0.111580
0.406851
0.421361
0.199903
-0.043986
-0.077843
-0.213959
-0.104344
-0.056239
0.182116
0.405701
0.544670
0.536197
0.184511
-0.303343
-1.075615
-1.379389
-1.392427
-0.991248
-0.400128
0.067253
0.329932
0.399577
0.307528
0.042636
-0.123708
-0.259188
-0.375641
-0.533995
-0.577824
-0.741163
-0.340339
0.018908
0.347116
0.610364
0.822285
0.340185
-0.086792
-0.409214
-0.713893
-0.735809
-0.583578
-0.280313
-0.055530
0.129012
0.318673
0.159773
-0.084188
-0.313808
-0.304323
-0.502248
-0.484309
-0.819585
-0.944878
-1.259973
-1.135327
-0.934946
-0.467958
0.055422
0.728107
1.249135
1.566198
2.078497
2.209130
2.225579
1.720106
1.204921
0.491305
-0.025370
-0.490671
-0.589739
-0.591708
-0.600359
-0.770680
-0.739367
-0.631387
-0.572438
-0.463628
-0.310919
-0.130777
-0.034631
0.124056
0.370936
0.817601
0.951144
1.007079
1.075801
1.079404
0.781718
0.548292
0.266603
-0.070113
-0.597927
-0.899640
-1.100766
-0.832877
-0.591681
-0.189341
-0.011444
0.055301
-0.180213
-0.398011
-0.749452
-0.464405
-0.213451
0.117480
0.525414
1.125522
0.812930
0.329276
0.076610
-0.240274
-0.429864
-0.318926
-0.327920
-0.295273
-0.248539
-0.422256
-0.448682
-0.341064
-0.475979
-0.568570
-0.538087
-0.436973
-0.234687
-0.098765
0.209420
0.358189
0.306661
0.202741
0.496734
0.632521
1.115576
1.484831
1.917411
1.628613
0.866347
0.296811
-0.034367
-0.589896
-0.763846
-0.335184
-0.207749
-0.206201
0.190456
0.306947
0.440168
0.334768
0.344723
0.203044
0.415549
0.244610
0.352504
0.379595
0.423750
0.234920
0.169843
-0.126977
-0.074358
0.022924
0.071184
-0.035663
-0.174904
-0.483181
-0.698704
-0.823447
-1.096087
-1.615986
-2.116084
-2.563231
-2.649896
-2.343197
-1.379839
-0.672832
0.036193
0.532437
1.143261
1.355329
1.619751
1.599416
1.424921
1.241957
0.978730
0.798204
0.574347
0.506061
0.270171
0.318630
0.251596
0.349096
0.438926
0.522011
0.443208
0.365538
0.236677
-0.011606
-0.305217
-0.653101
-0.819508
-0.922332
-1.060630
-1.084018
-0.976204
-0.898579
-0.780386
-0.589779
-0.297792
-0.079154
0.108795
0.304353
0.507326
0.653250
0.719024
0.809330
0.837450
0.816291
0.660245
0.477224
0.314493
-0.003966
-0.328921
-0.469288
-0.621212
-0.797048
-0.933480
-1.109256
-1.159255
-1.287118
-1.291130
-1.208026
-0.912839
-0.831974
-0.578787
-0.307460
0.074553
0.482789
0.542761
0.564001
0.643437
0.585157
0.351302
0.477249
0.698796
0.770569
0.790249
0.727339
0.718328
0.506974
-0.123440
-0.638497
-0.935871
-1.307339
-1.226532
-0.860357
-0.252627
0.215790
0.534921
0.506406
0.459297
0.140390
-0.150198
-0.350428
-0.410051
-0.474876
-0.391004
-0.158718
0.157400
0.340659
0.495824
0.908199
1.205832
1.349937
1.134640
1.060527
0.737263
0.515598
0.390171
0.731655
0.621053
0.326136
-0.158513
-0.411191
-0.896357
-0.780936
-0.774863
-0.772595
-0.805494
-0.594072
-0.537467
-0.623998
-0.431544
-0.418266
-0.805431
-0.778038
-0.226115
0.023037
0.241791
0.784935
0.884093
0.773744
0.842179
0.630028
0.559548
0.389098
0.232611
0.101249
0.014497
0.050330
0.119072
0.139149
0.031787
0.004459
-0.073394
-0.063035
-0.197987
-0.405536
-0.598089
-0.919506
-1.120940
-0.907142
-0.785564
-0.420726
-0.333352
-0.516430
-0.713537
-0.802905
-0.573609
-0.209397
0.320917
0.711023
1.324456
1.318092
1.037080
0.726085
0.465670
-0.058166
-0.215210
-0.131160
0.179827
0.326717
0.528886
0.670243
0.931898
0.788794
0.533588
0.333599
0.052904
-0.273009
-0.451015
-0.505314
-0.478757
-0.466587
-0.469029
-0.175484
0.239929
0.516217
0.886386
1.275258
1.129240
0.766235
0.364535
-0.216227
-0.802659
-1.014248
-1.207468
-1.287501
-1.192255
-1.124665
-1.036463
-0.852599
-0.809765
-0.742395
-0.302422
0.154321
0.436338
0.832620
1.007017
0.936783
0.544607
0.401057
0.184502
0.083095
0.015160
-0.001746
0.097271
0.362906
0.603326
0.629767
0.703153
0.456188
-0.028397
-0.171687
-0.212108
-0.179737
0.018769
0.341442
-0.043354
-0.461966
-0.870458
-1.250714
-1.536668
-1.016121
-0.518060
0.022770
0.417368
0.672400
0.497815
0.286556
0.123076
0.188680
-0.135337
-0.438778
-0.908180
-1.013250
-1.044739
-0.564743
-0.126647
0.644783
0.938742
1.049432
1.183736
1.450023
1.295375
1.120603
0.846095
0.536990
-0.018492
-0.196285
-0.293672
-0.450874
-0.525877
-0.592812
-0.452669
-0.431624
-0.160394
-0.208864
-0.068508
0.037940
0.032765
-0.109540
-0.305298
-0.601276
-0.626465
-0.529691
-0.280658
0.150748
0.726023
0.814151
1.140295
1.372312
1.221019
1.262326
1.257653
1.072048
0.485414
0.260886
-0.293582
-0.607528
-1.110385
-1.194958
-1.146285
-0.627215
-0.469775
-0.100153
0.076917
0.216046
0.044816
-0.164763
-0.114543
-0.000600
0.141265
0.145020
0.465049
0.374904
0.370679
0.334764
0.210228
0.004824
0.019336
-0.141531
-0.179838
0.052410
-0.131940
-0.293968
-0.893849
-1.198738
-1.520500
-1.247489
-0.938860
0.002771
0.588354
0.899964
1.003190
0.926089
0.926442
0.814274
0.742012
0.508520
0.168239
-0.195180
-0.584388
-0.880063
-0.919337
-0.912837
-0.910906
-0.754328
-0.551430
-0.559918
-0.401955
-0.211268
-0.043745
0.169954
0.484190
0.829509
0.900982
0.825311
0.681259
0.627414
0.226385
-0.069703
-0.176082
-0.393357
-0.664656
-0.461155
-0.347417
-0.315411
-0.141808
0.095985
0.274888
0.711976
1.079083
1.350991
1.299220
0.988192
0.362210
-0.234074
-0.849978
-1.374788
-1.792457
-2.001281
-1.773205
-1.489836
-0.980335
-0.494526
-0.158020
0.023071
0.319849
0.442770
0.564523
0.859758
0.715660
0.292779
0.264847
0.434648
0.651072
1.003415
1.350993
1.319409
1.316685
0.892041
0.629146
0.550318
0.636069
0.245622
0.117884
-0.227338
-0.352220
-0.607191
-0.478969
-0.616396
-0.510359
-0.496671
-0.454740
-0.496256
-0.222953
-0.167902
-0.212893
-0.354939
-0.214973
0.051489
0.295606
0.475409
0.579349
0.226888
-0.574529
-1.361874
-2.100252
-2.698592
-2.591901
-1.879433
-0.972710
-0.083407
0.729903
0.856660
0.815163
0.608481
0.450788
0.407548
0.703778
1.057445
1.646977
2.123834
2.163993
1.975009
1.408973
0.616604
-0.246631
-0.365849
-0.668978
-0.870237
-0.702238
-0.542922
-0.602375
-0.609942
-0.377601
-0.487264
-0.181654
-0.106141
-0.044332
-0.102759
-0.476150
-0.960244
-1.184364
-1.184985
-1.048883
-0.462694
0.431387
1.208112
1.523317
1.652878
1.748301
1.382181
0.750699
0.552172
0.319511
0.081609
-0.231236
-0.055853
-0.056667
0.086489
-0.072348
-0.251857
-0.822767
-0.916355
-1.217214
-1.299589
-1.236796
-0.973505
-0.729228
-0.956170
-0.235143
0.488665
1.025115
1.556660
1.208486
-0.103482
-0.791443
-1.656767
