-0.709828
-0.960123
-0.633573
-1.267408
-0.159365
0.875014
1.332354
1.423363
1.680309
1.265905
0.462321
0.189340
0.091100
-0.107609
-0.273739
-0.306762
-0.376190
-0.693575
-0.859923
-1.027952
-1.138620
-1.083217
-1.094138
-1.099437
-0.553466
-0.255566
0.031474
0.179244
0.939857
1.153247
1.161540
1.563484
1.623918
1.596905
1.043602
1.029824
0.461041
0.300850
-0.162496
-0.236277
-0.155701
-0.044777
-0.071851
-0.099058
0.081843
-0.061225
-0.245621
-0.205465
-0.419501
-0.419731
-0.732723
-0.764029
-0.848803
-0.900071
-0.774814
-0.564236
-0.396223
-0.481282
-0.304186
-0.507638
-0.704023
-0.718464
-0.092105
0.341796
0.692748
1.064723
0.933951
0.755997
0.591961
0.279844
0.258237
0.400957
0.306682
-0.248920
-0.390819
-0.642723
-0.722602
-0.926973
-0.906904
-1.044865
-0.976996
-0.979489
-0.913492
-0.741249
-0.598826
-0.565357
-0.521981
-0.236078
0.300365
0.719443
0.819853
1.189233
1.179116
0.512333
0.247696
0.396932
0.301126
-0.024638
0.545594
0.347707
0.280952
0.060001
0.260295
0.096299
0.230490
0.236496
0.528753
0.741742
0.682047
0.661463
0.607419
0.204862
-0.110580
-0.261024
-0.379942
-0.103634
-0.254422
-0.036646
-0.228921
-0.378235
-0.345483
-0.374717
-0.386947
-0.419196
0.154939
0.144745
0.168514
0.143342
0.591173
0.455076
0.307472
0.650357
0.685147
0.658807
0.530205
0.466957
0.094530
-0.321080
-0.648499
-0.779253
-0.821154
-0.530635
-0.308607
-0.150463
0.279072
0.164501
0.070353
-0.016735
0.317224
0.306096
0.220482
0.002384
0.076457
0.343065
-0.139437
-0.097668
0.173893
0.310441
0.542762
0.674068
0.683492
0.575447
0.255945
-0.509283
-0.967405
-1.231784
-1.363391
-1.404744
-1.711768
-1.328020
-0.807665
-0.555325
-0.417496
-0.245032
-0.205899
-0.355010
-0.239474
0.847412
0.881036
0.930786
1.172831
1.045723
0.240704
0.130725
0.231231
0.008222
-0.036442
-0.394084
-0.514489
-0.680192
-0.603014
-0.549707
0.607502
0.450018
0.155264
-0.303366
-0.364504
-1.221882
-0.776674
-0.120747
0.698240
0.810799
0.672304
0.554791
0.490515
0.312867
1.198761
0.729788
0.498440
-0.112641
-0.648011
-1.827448
-1.753575
-1.496266
-1.218174
-1.036333
-0.753245
-0.269594
0.017678
0.064146
0.986059
1.748994
1.585880
1.301528
1.207948
0.419338
-0.354703
-0.156854
0.100564
0.241394
0.283719
0.406875
0.502416
0.452429
0.493716
0.371190
0.707963
0.192531
-0.510595
-1.039592
-1.301142
-1.926234
-1.441434
-0.707796
-0.137930
0.205360
0.562457
0.552665
0.529948
0.337067
0.005018
-0.105647
0.065100
0.141901
0.386662
0.476843
0.211840
-0.438663
-0.842503
-1.068938
-0.869870
-0.765245
-0.546474
-0.270968
-0.306910
0.458167
0.311368
0.093704
0.051978
0.190599
-0.703844
-0.416227
0.180370
0.309360
0.498880
0.782273
0.699105
0.358895
0.176902
0.916140
0.637812
0.505516
0.725252
1.058065
0.102330
0.404605
0.249618
-0.260511
-0.709783
-0.713509
-0.759660
-0.626524
-0.303458
-0.082307
-0.481327
-0.762319
-0.655082
-0.610249
-0.549618
0.041240
0.485178
0.688131
0.786797
0.716145
0.741305
0.612973
0.468092
0.223532
0.664367
0.269505
-0.195689
-0.382409
-0.508951
-1.449020
-1.279485
-0.912065
-0.464202
0.040512
0.566530
0.574296
0.412656
0.036601
-0.261633
-0.390933
-0.435358
-0.551233
-0.280370
0.003856
0.242544
0.435823
0.656816
0.727408
0.604861
0.644144
0.292428
-0.037509
-0.888054
-0.911878
-1.748882
-1.824250
-1.549138
-0.987704
-1.026688
-0.084791
0.385019
0.858723
1.029594
0.978344
0.642008
0.660535
0.171355
0.512454
0.454596
0.366539
0.114186
0.118379
-0.486233
-0.396973
-0.525551
-0.573768
-0.571334
-0.426692
-0.173106
0.137689
0.311758
0.362256
0.867510
1.270404
1.949932
2.036669
1.899349
1.258757
0.457306
-0.443990
-0.746332
-0.805443
-0.972434
-1.118279
-1.178671
-1.166773
-0.695699
-0.511579
-0.405761
-0.431985
-0.372811
-0.616551
-0.503852
-0.202505
0.174775
0.346472
0.545287
0.976060
1.034703
0.971111
1.408076
1.675413
1.134638
0.842363
0.632602
0.007390
-0.612930
-0.701297
-0.753085
-0.739758
-0.616196
-0.564580
-0.454262
-0.375459
-0.544047
-0.351885
-0.418683
-0.461876
-0.365299
-0.127865
-0.299914
-0.118270
0.209817
0.391723
0.638903
0.859417
0.924256
0.715435
0.356238
0.501052
0.163805
-0.148716
-0.238476
-0.201718
-0.745119
-0.802759
-0.781215
-0.850095
-0.894951
-0.793791
-0.505706
-0.145567
0.069487
0.241246
0.791323
0.590081
0.435185
0.279616
0.114073
-0.460942
-0.379985
-0.383310
-0.068924
0.331395
0.710249
0.843019
0.995726
0.802327
0.933669
0.253703
-0.230027
-0.751926
-0.944312
-1.286767
-0.858721
-0.528938
-0.311748
-0.215942
-0.284086
-0.130186
0.042329
0.406463
0.363579
0.376897
0.150739
0.012592
-0.292919
-0.372257
-0.202084
-0.053479
-0.053511
1.000387
1.079725
0.869771
0.467608
0.160305
-0.074938
-0.420163
-0.514815
-0.642604
-0.377723
-0.405556
0.155687
0.416563
0.939087
1.032775
0.041119
-0.330640
-0.464777
-0.626340
-0.757928
-0.518350
-0.256236
-0.188197
0.006310
0.318676
0.454058
0.578365
0.464032
0.282496
0.511196
0.175402
-0.085985
-0.167236
0.243511
0.109326
-0.180193
-0.310622
-0.492988
-0.999807
-1.576588
-1.174261
-0.977750
-0.741187
-0.660415
-0.451279
-0.260531
-0.074690
-0.069825
0.589158
0.747919
1.306200
1.248314
1.319784
1.239477
0.947091
0.302926
0.118914
0.360223
0.075042
-0.092659
0.178503
0.096072
0.204929
-0.208776
-0.060627
-0.273361
-0.301564
-0.674283
-0.570259
-0.356342
-0.335843
0.050584
0.249504
0.353145
0.205368
0.075762
-0.118649
-0.343548
-0.215532
-0.157135
-0.145404
-0.175627
-0.226058
-0.528195
-0.686611
-0.835549
-1.003175
-1.040134
-1.097593
-0.992481
-0.869357
-0.307153
-0.021011
0.394862
0.644474
0.954550
0.903748
1.005589
1.097417
1.215722
1.259838
0.918169
0.859598
0.433433
0.301517
0.137086
0.340244
-0.061868
0.145730
0.071985
0.040659
-0.087952
0.103270
-0.227152
-0.237350
-0.632149
-0.854979
-0.974797
-0.898044
-0.807460
-0.325807
-0.388949
-0.120950
0.047435
-0.089298
-0.140558
0.278062
0.379370
0.335050
0.502346
0.534912
0.574967
0.088830
0.240951
0.306891
0.340813
0.354438
0.724566
0.650988
0.130737
0.084221
-0.280449
-0.573026
-0.771203
-0.747595
-1.012872
-1.009039
-0.657665
-0.351105
-0.079204
-0.037321
0.210392
0.063549
-0.035021
0.058879
0.236081
-0.198611
-0.399858
-0.707560
-0.596612
-0.505121
-0.274949
0.372575
0.779205
0.646061
0.705902
1.051397
0.723420
0.779134
0.669379
0.634533
0.596199
0.652894
0.518676
0.536381
0.429480
0.255820
0.114380
0.026607
-0.005989
0.038544
0.184905
0.352134
0.239946
0.172433
-0.329456
-0.301268
-0.771044
-0.394834
-0.423252
-0.166670
-0.534475
-0.154488
-0.472672
-0.199479
0.010120
0.338774
-0.105114
0.136498
-0.227796
-0.232072
-0.589175
-0.534510
-0.632573
-0.582471
-0.508932
0.032990
0.496771
0.694124
1.143863
1.137950
0.758641
0.723879
0.429975
0.107240
-0.129543
-0.164629
-0.524558
-0.637149
-0.752224
-0.847467
-0.710641
-0.482636
-0.294068
-0.226976
-0.330273
-0.642038
-0.544617
-0.649920
-0.699744
-0.484637
0.058295
0.212545
0.183112
0.598503
0.851078
0.734522
0.736219
1.070467
0.958780
1.051460
1.009776
0.884385
0.699953
0.637933
0.075588
-0.383970
-0.850547
-0.957006
-1.010137
-0.698663
-0.711257
-0.316249
-0.239351
-0.560273
-0.464180
0.062917
-0.313617
-0.258872
-0.178653
-0.088889
-0.421878
-0.425849
-0.230985
0.253740
0.159825
0.565760
0.992834
0.766625
0.518823
0.516389
0.467845
0.338896
0.345581
0.350499
0.335809
0.005185
0.058252
0.028747
0.012969
-0.067269
0.187319
0.329764
0.599068
0.782034
0.560583
0.314460
-0.017223
-0.543099
-1.153126
-1.357528
-1.546779
-1.638589
-1.103151
-0.389068
0.314351
0.937119
1.089737
0.699006
0.765242
0.526736
0.244166
0.411807
0.486128
0.090796
-0.026149
-0.055338
-0.273503
-0.143192
-0.368476
-0.551018
-0.331899
-0.319885
-0.569807
-0.422871
-0.305225
-0.586874
-0.413180
-0.306916
-0.122612
-0.072982
0.234136
-0.093738
-0.001417
0.100419
0.399665
0.086160
0.577822
0.743026
0.341154
0.016442
-0.020960
-0.369805
-0.739953
-0.733207
-0.773455
-0.410641
-0.205059
0.067084
0.457734
0.808637
0.939460
1.055650
0.936014
1.103471
0.785616
0.290882
0.005797
-0.119787
-0.698788
-0.457791
-0.322815
-0.191494
-0.092054
0.137420
-0.334964
-0.269321
-0.542804
-0.743188
-0.549041
-0.253559
-0.104090
0.053508
0.196591
-0.112278
0.272441
0.222090
0.538891
0.646291
0.581808
-0.011496
-0.020502
-0.338830
-0.440060
-0.362353
-0.315866
-0.656796
-0.717189
-0.893556
-0.687037
-0.344439
0.033449
0.391696
0.827054
0.605666
0.608310
0.398340
0.465745
0.549488
0.622429
0.420446
0.348336
-0.068171
-0.491427
-0.615499
-0.456838
-0.273471
-0.176393
-0.312200
-0.170407
-0.288863
-0.595392
-0.430233
-0.258654
-0.042776
-0.106740
0.386542
0.549973
0.841951
0.724205
0.969258
0.824528
0.748311
0.910639
1.038630
0.412350
0.270181
-0.361444
-1.181440
-1.498030
-1.064032
-1.076772
-0.767917
-0.253001
-0.081011
0.082582
0.271830
0.596482
0.571878
0.619567
0.638873
-0.064022
-0.170240
-0.634434
-0.698601
-0.854512
-0.330027
-0.279861
-0.347435
-0.250946
-0.208008
-0.024263
-0.035919
0.021633
0.062583
-0.025287
-0.101950
-0.354871
-0.006136
-0.222240
-0.240321
-0.166091
-0.305527
0.154713
0.532844
0.288623
0.532716
0.664620
0.769372
0.720560
1.274551
1.162186
1.523984
1.304274
1.150110
0.936153
0.589031
-0.274252
-0.552862
-0.713433
-0.739662
-0.721347
-0.196778
-0.144136
-0.260344
-0.275441
-0.208902
0.034862
0.222746
-0.103866
-0.021265
-0.232920
-0.366942
-0.529666
-0.058496
-0.080146
-0.076350
-0.338078
-0.844055
-0.972691
-1.065638
-1.428270
-0.925490
-0.209788
0.287048
0.476619
1.210732
1.074841
0.786437
0.305475
0.099267
-0.000976
0.036095
0.075613
0.330463
-0.200724
-0.193076
-0.715145
-1.058103
-1.187121
-0.682627
-0.574621
-0.116304
0.531388
0.840098
1.156548
1.188789
0.594638
0.387462
-0.560246
-1.405013
-1.573158
-1.080979
-0.871507
-0.241255
0.280647
0.098802
-0.072744
-0.370059
-0.322375
0.005908
0.220220
0.620502
1.007200
0.969794
0.768500
0.746773
0.694494
0.407715
0.461565
0.521118
0.403293
0.501724
-0.006146
-0.417624
-0.367918
-0.267900
-0.475194
-0.106744
0.295823
0.132510
-0.074980
-0.086283
-0.623417
-0.508118
-0.242910
0.124278
0.322009
0.662239
0.653296
0.591520
0.554198
0.486164
0.807755
0.736365
0.618636
0.518916
-0.030382
-0.462230
-0.509804
-0.568562
-0.594453
-0.520659
-0.117778
-0.120055
-0.281789
-0.221239
-0.036328
0.098835
-0.087931
-0.089599
-0.077263
-0.130980
-0.146146
-0.183468
0.129830
0.148686
0.119915
0.103877
0.109301
0.142650
0.066482
0.099506
0.066813
0.083691
0.015316
-0.336745
-0.162157
-0.262078
-0.147529
-0.239482
0.032622
0.066867
0.079260
0.169234
0.337058
0.099522
0.154650
-0.144167
-0.199033
-0.367331
-0.451105
-0.469609
-0.379686
-0.157342
-0.263268
-0.026768
0.138818
0.121161
0.059778
-0.021701
0.176385
0.033622
0.024891
0.059186
0.359541
0.406257
0.417654
0.434312
0.469879
0.235937
0.270483
-0.040828
0.304983
0.246276
0.468370
0.417156
0.643307
0.340577
0.020596
-0.310509
-0.622125
-1.119873
-0.949695
-1.203892
-0.957849
-0.752079
-0.171523
-0.108244
0.312083
0.441736
0.499799
0.522820
0.553312
0.117621
-0.045365
-0.583893
-0.632213
-0.704940
-0.338930
-0.326470
0.080480
0.137114
0.216673
0.409982
0.556220
0.711804
0.813849
0.818685
1.019832
1.176210
1.090695
1.048212
0.981413
0.808927
-0.030003
-0.581811
-0.681570
-1.285192
-1.371654
-1.350619
-0.825451
-0.869623
-0.859291
-0.803687
-0.657227
-0.428446
-0.320630
0.035830
0.091531
0.469524
0.247172
0.051422
0.268191
0.117335
0.135601
0.148174
0.033386
-0.049806
-0.074625
-0.138952
0.007544
0.242911
0.498036
0.658666
0.789134
0.756873
0.731831
0.327212
-0.125484
-0.442360
-0.382452
-0.220777
0.273822
0.406734
0.405803
0.039727
-0.379137
-0.844468
-0.806220
-0.666993
-0.198598
-0.043231
0.084746
0.155806
0.106817
-0.021363
-0.146090
0.092415
0.026429
0.036960
-0.181108
-0.040912
-0.329139
-0.373169
-0.546201
-0.392548
-0.495250
-0.553979
-0.209320
0.251022
0.335031
0.666134
1.036165
0.556716
0.520370
0.143697
-0.205491
-0.255857
-0.044371
-0.231918
-0.055207
0.087633
-0.270027
-0.392910
-0.283710
-0.103347
-0.014600
-0.113933
0.203855
0.259195
-0.067936
-0.305917
-0.101512
-0.305662
-0.536712
-0.486504
-0.053304
0.263218
0.584920
0.880307
1.110928
1.017573
0.487487
0.364558
-0.057264
-0.414156
-0.706380
-0.564353
-0.820781
-0.718241
-0.636142
-0.610622
-0.117211
0.371859
0.904727
1.263472
1.272871
1.279221
0.822047
0.273996
0.198938
0.057976
-0.200824
-0.223519
-0.193889
-0.444018
-0.082453
-0.140464
0.109091
0.174708
-0.005377
-0.427560
-0.232552
-0.488231
-0.490305
-0.327564
-0.176869
-0.585500
-0.591681
-0.704493
-0.590436
-0.303481
0.134192
0.527319
0.979139
0.880467
0.900094
0.416362
0.018498
-0.440968
-0.371769
-0.670105
-0.605365
-0.601646
-0.564720
-0.715167
-0.523013
-0.122440
0.337903
0.536664
0.801061
0.789971
0.686136
0.478684
0.631564
0.625441
0.715004
0.779787
0.695646
0.518958
0.751756
0.461731
-0.024928
-0.371654
-0.602762
-1.179901
-1.279507
-1.084145
-0.882444
-0.801281
-0.523017
-0.327670
-0.294662
-0.139989
-0.369190
-0.738165
-0.781240
-1.062433
-1.097445
-1.001492
-0.625256
-0.539683
-0.389409
-0.289284
-0.161897
-0.068769
-0.145821
-0.254561
0.375947
0.184696
0.715717
0.705610
1.853472
1.952013
2.051312
1.456871
1.584232
0.744020
-0.080215
0.139614
0.020878
-0.255819
0.381146
0.068110
-0.047334
-0.162170
-0.307525
-1.152448
-1.142867
-1.122469
-1.070567
-0.842924
-0.575344
-0.244506
-0.096215
0.086186
0.076578
-0.214341
0.032445
0.301718
0.617924
0.746438
0.925170
0.541994
0.212666
-0.231049
-0.169172
-0.252824
-0.198589
-0.316248
-0.403233
-0.151419
0.219983
0.544383
0.877405
1.317694
0.960745
0.868000
0.407320
-0.011763
-0.446883
-0.572721
-0.919289
-0.922072
-0.683799
-0.427185
-0.187065
0.053900
0.324922
0.373885
0.446716
0.474555
0.540512
0.561814
0.294490
0.332320
0.142260
-0.068945
-0.374369
-0.380228
-0.421108
-0.530015
-0.554531
-0.518833
-0.449810
-0.730408
-0.583776
-0.491531
-0.117150
0.302783
0.675349
0.958825
1.180520
0.892712
0.763719
0.378284
0.301702
0.232530
0.087837
0.071566
-0.009051
-0.161009
-0.451529
-0.414860
-0.717858
-0.702809
-0.651310
-0.567071
-0.141843
0.242070
0.335407
0.257620
0.249105
0.359475
0.095365
0.182799
0.304368
0.341919
-0.045939
-0.143748
-0.258950
-0.561010
-0.884224
-0.929557
-1.064624
-1.179495
-1.208264
-1.164647
-0.953991
-0.667422
-0.412289
-0.218585
0.099738
-0.059574
-0.054123
0.107199
0.401297
0.590818
0.620744
0.577795
0.617630
0.356104
0.445146
0.563426
0.783682
0.789318
0.903319
0.774219
0.607861
0.376932
-0.053904
-0.408917
-0.097063
-0.361142
-0.371538
-0.353116
-0.038012
-0.570753
-0.438268
-0.419929
-0.454877
-0.061969
-0.125562
-0.095984
-0.087908
0.025181
-0.348277
-0.208609
0.199092
0.465972
0.620534
0.564558
0.453605
0.186489
-0.130384
-0.212827
-0.037767
0.128077
0.109696
-0.130076
0.378358
0.639988
0.318579
0.259499
0.262311
-0.346223
-1.134646
-1.260956
-1.318765
-1.155784
-0.998521
-0.840471
-0.068650
0.462611
0.531634
1.096179
1.189926
0.802324
0.337467
0.371145
0.272499
0.382530
0.580056
0.723349
0.863640
0.457553
0.248696
-0.091076
-0.318889
-0.503865
-0.910914
-1.084673
-1.120427
-1.268255
-1.439715
-1.307863
-0.983634
-0.871115
-0.791772
-0.515615
-0.112229
0.156961
0.371220
0.737454
1.173960
0.872168
0.703788
0.504010
0.348869
-0.171035
-0.199304
-0.317311
-0.248874
0.267262
0.277453
0.310310
1.018873
1.030346
0.176555
-0.081971
-0.222451
-1.035333
-1.151846
-0.340349
-0.226999
0.100184
0.255673
0.403597
0.057779
0.204866
0.268598
0.355371
0.732684
1.128518
0.983688
0.656468
0.466302
0.103483
-0.361096
-0.156065
0.062294
0.131770
-0.074104
-0.331818
-0.483468
-0.662034
-0.819861
-0.855883
-1.035312
-1.138049
-1.134455
-1.117789
-0.954791
-0.664211
-0.339407
-0.119853
0.678933
1.274199
1.611780
2.051750
2.066016
1.886472
1.164229
0.771513
-0.011439
-0.412654
-1.064278
-1.176139
-1.072037
-0.861352
-0.687018
-0.534359
-0.428702
-0.073418
-0.183571
-0.182002
0.220348
0.204723
-0.065959
0.006505
0.213018
-0.080703
0.010011
-0.093450
-0.110991
-0.117376
-0.243919
-0.256493
-0.104120
-0.101639
0.052257
-0.219599
0.108429
0.249518
0.122785
0.263690
0.472591
0.753022
0.445783
0.605725
0.742646
0.750276
0.194131
0.190951
0.610558
0.467525
0.451876
0.364291
0.286838
-0.141491
-0.638272
-0.604770
-0.499452
-0.488383
-0.485531
-0.478666
-0.008314
0.029353
0.106698
0.465072
0.300542
-0.273655
-0.495911
-0.620403
-0.606174
-0.428100
-0.230551
-0.184785
0.031159
-0.314771
-0.289472
0.111362
0.123827
0.460802
0.304785
0.183329
-0.325091
-0.351157
-0.369205
-0.298804
-0.186395
-0.167483
-0.083920
-0.468633
-0.521570
0.123017
0.231654
0.312830
0.957730
1.067925
0.526636
0.503331
1.048607
0.954161
0.810497
0.648420
0.488087
-0.140645
-0.774431
-0.664043
-0.618548
-0.694231
-0.499375
-0.478046
-0.442757
-0.356642
-0.145967
0.134370
0.075393
0.381010
0.328023
0.263563
-0.190138
-0.099843
-0.097108
-0.066832
0.362603
0.722788
0.662706
0.341644
0.209921
0.187165
-0.317720
-0.400064
-0.425158
-0.452424
-0.524741
-0.566540
-0.478440
-0.558230
-0.580494
-0.632347
-0.513022
-0.146794
-0.052633
0.126551
0.296747
0.419736
0.495041
0.524603
0.905883
0.873958
0.853728
0.627945
0.669809
0.716938
0.338485
0.327187
0.236710
0.094049
-0.097928
-0.355103
-0.471150
-0.598602
-0.744213
-0.910732
-0.744967
-0.576020
-0.520375
-0.300601
0.109239
0.001522
-0.113439
-0.171097
0.417839
0.475332
0.621003
0.584052
0.484239
-0.025356
-0.671426
-0.727381
-0.544689
-0.508928
-0.123882
-0.238148
-0.075849
-0.131359
-0.179670
-0.490936
-0.250809
-0.141575
-0.178458
0.057509
0.203017
0.175987
0.240458
0.194155
0.870884
1.250303
1.113933
1.031525
1.118430
0.494200
-0.382045
-0.392234
-0.543708
-0.722947
-0.638598
-0.393664
-0.188446
-0.131229
-0.084876
0.452419
-0.001059
-0.132294
-0.379379
-0.568959
-0.671913
-0.689090
-0.555167
-0.729906
-0.542501
-1.366437
-1.232390
-1.115231
-0.720312
0.172401
0.404097
0.739494
0.834659
0.907235
0.865567
0.907231
0.964515
1.285982
1.144323
0.471269
0.496067
0.681169
0.052605
0.126153
0.705734
0.531765
0.316270
0.144341
0.182223
-0.392789
-0.412360
-0.546328
-0.640827
-0.744517
-0.977135
-1.009712
-0.847401
-0.645134
0.001718
-0.006446
0.110384
-0.035260
-0.072155
-0.017246
0.001564
-0.007498
-0.095170
-0.128317
-0.782178
-0.677485
-0.644889
-0.468150
0.242996
0.783993
0.791093
1.026087
1.133117
0.939055
0.378355
0.356207
0.329462
0.284924
0.079138
-0.063578
0.191394
0.177482
-0.056465
0.527229
0.443813
0.136393
-0.391151
-0.554114
-1.244646
-1.201435
-1.027974
-0.684697
-0.381987
-0.499528
-0.341914
-0.318367
-0.187476
0.212641
0.546516
0.812945
1.156007
0.971609
0.629079
0.380994
0.400756
0.080231
-0.014277
-0.060254
-0.201208
-0.409531
-0.982149
-1.085741
-0.390213
-0.503126
-0.511179
-0.054722
0.319305
-0.232390
-0.031320
0.031891
-0.165779
-0.326676
-0.651451
-0.768019
-0.840208
-0.892771
-0.920897
-0.821907
-0.481049
-0.368165
0.075376
0.993238
1.222711
1.316342
1.312262
1.268802
0.563979
0.159778
0.066502
-0.093834
0.338217
0.752223
0.861476
0.609831
0.636877
-0.002200
-0.842925
-1.001247
-1.064294
-1.224879
-1.266696
-1.026375
-0.713303
-0.559356
-0.364786
0.128310
0.039331
0.021502
0.084760
0.121836
0.092884
0.153312
0.470839
0.442402
0.769588
0.773639
0.897776
0.882771
0.738268
0.575676
0.062013
-0.120678
-0.504005
-0.485222
-0.579558
-0.605832
-0.361939
-0.144996
-0.167807
-0.170974
-0.109080
-0.105550
-0.359722
-0.383561
-0.306044
-0.296196
-0.349066
-0.220735
0.158696
0.196462
0.320352
0.510790
0.450358
0.435986
0.226283
0.212227
0.239603
0.354424
0.379589
0.266568
0.141660
0.012073
-0.160080
-0.229832
-0.261075
0.097524
-0.143588
-0.088294
-0.005855
0.029456
-0.038262
-0.113171
0.089817
-0.064906
-0.155155
-0.430962
-0.357264
-0.247567
-0.420131
-0.320300
0.003085
0.060401
0.020406
0.042717
0.314913
0.296917
0.304686
0.331352
0.270508
0.304088
0.038711
-0.019753
0.015562
0.011557
-0.041296
-0.001160
0.321474
0.306448
0.360607
0.426649
0.346501
0.302361
-0.092493
-0.175805
-0.470046
-0.508580
-0.553591
-0.533660
-0.258338
-0.074014
-0.040145
-0.011002
0.023018
0.050194
-0.158791
-0.149519
-0.103699
-0.055745
-0.194311
-0.113106
0.253197
0.312327
0.363138
0.560483
0.434070
0.358755
-0.094876
-0.257979
-0.358356
-0.351034
-0.380640
-0.371394
-0.283054
-0.473542
-0.441194
-0.372773
-0.235085
0.086537
0.161716
0.260737
0.231831
0.183829
0.118724
0.026298
0.265340
0.311514
0.350270
0.404635
0.418871
0.372424
-0.010718
-0.119349
-0.160949
-0.197465
-0.193947
-0.148373
0.172162
0.142981
0.116471
0.064132
0.021930
0.024833
-0.216235
-0.164039
-0.123881
-0.062893
-0.067868
-0.132510
0.130479
0.107986
0.036280
0.016509
-0.009434
-0.043249
-0.335161
-0.294235
-0.468479
-0.325671
-0.172517
-0.094277
0.286105
0.567774
0.580102
0.552132
0.577581
0.610891
0.324099
0.329913
0.207964
0.083440
-0.352834
-0.462450
-0.257301
-0.238777
-0.194665
-0.101605
-0.031669
-0.014923
-0.253175
-0.231170
-0.239355
-0.274799
-0.291642
-0.254597
0.067206
0.347797
0.331559
0.369232
0.313245
0.275995
-0.060077
-0.042369
-0.005911
0.008291
0.045308
0.003168
0.274731
0.212829
0.072811
-0.301287
-0.249021
-0.400568
-0.653668
-0.497290
-0.362213
-0.276219
-0.216180
-0.182319
0.169862
0.460792
0.396296
0.610627
0.606983
0.457621
0.222402
0.342530
0.470921
0.418511
0.510419
0.331915
0.475426
0.266553
0.174278
-0.158603
-0.195629
-0.288009
-0.875781
-1.050117
-1.101337
-1.138174
-1.041716
-0.753141
-0.541495
-0.456186
-0.365614
-0.508113
-0.443204
-0.194844
-0.097242
0.054819
0.362950
0.411988
0.660979
0.672342
0.949291
0.902748
0.873590
0.764822
0.670096
0.616122
0.231295
0.150651
0.145231
0.080467
-0.013202
-0.190604
-0.196858
-0.587727
-0.678325
-0.734952
-0.676446
-0.372605
-0.317757
-0.220108
-0.031698
0.118739
0.216357
0.238333
0.557150
0.442079
0.368392
-0.000799
-0.030649
0.116336
-0.135838
-0.103633
0.343380
0.387152
0.387150
0.331454
0.384475
-0.010219
-0.007666
-0.130551
-0.217664
-0.274037
-0.284798
-0.239818
-0.431690
-0.363958
-0.277529
-0.440951
-0.485944
-0.545770
-0.555535
-0.581812
-0.514529
-0.227343
-0.402061
-0.482804
-0.511406
-0.564782
-0.846904
-0.781318
-0.189816
0.197466
0.439075
0.896967
1.068702
1.169028
0.996868
1.081861
0.969953
0.758669
0.222164
-0.121056
0.017018
-0.002237
0.087454
0.249749
0.440795
0.227143
-0.016655
0.076225
-0.000559
-0.072208
-0.362976
-0.623286
-0.768182
-0.910224
-1.045736
-0.912304
-0.923404
-0.844054
-0.799595
-0.674717
-0.475682
-0.356288
0.174074
0.317868
0.786346
1.096863
1.215382
0.843021
0.756197
0.663984
0.165907
0.087544
0.239028
0.140716
-0.213455
-0.247526
-0.054492
-0.184784
-0.179014
0.046719
-0.057154
-0.033193
-0.288965
-0.297232
-0.180976
0.077623
0.206328
0.405603
0.883694
0.928202
0.826043
0.815747
0.620300
0.392518
-0.103511
-0.227067
-0.602627
-0.589951
-0.449368
-0.362780
-0.246760
-0.187802
-0.236245
-0.591293
-0.684010
-0.702185
-0.684579
-0.582290
-0.159485
0.015506
0.194917
0.212432
0.603741
0.569166
0.511801
0.818294
0.736949
0.645978
0.234474
0.171750
-0.181191
-0.106843
-0.012076
-0.111988
-0.134799
-0.341340
-0.505105
-0.566664
-0.392362
-0.273906
-0.188423
-0.049985
-0.052780
-0.068956
-0.112209
-0.213118
-0.011380
-0.138581
-0.249778
-0.249547
-0.190106
-0.052681
-0.191487
0.004846
0.408960
0.505346
0.531164
0.476125
0.695537
0.601896
0.499243
0.397911
0.333882
0.025673
-0.367404
-0.452012
-0.536904
-0.621050
-0.409649
-0.395729
-0.003750
0.057311
0.179296
0.270680
0.349823
0.373684
0.147184
0.184045
-0.009424
-0.029388
-0.082664
-0.148077
0.075394
0.219347
0.143296
0.133856
0.128974
0.085545
-0.239914
-0.216200
-0.234700
-0.297864
-0.215681
-0.169746
0.180269
0.258189
0.447163
0.524822
0.581415
0.646958
0.372764
0.317234
0.090403
0.081995
-0.072474
-0.205554
-0.296164
-0.525776
-0.680481
-0.617205
-0.473607
-0.416311
-0.375956
-0.357025
-0.542326
-0.671813
-0.391350
-0.391912
0.036361
0.223682
0.239349
-0.076812
-0.057377
0.176684
-0.071025
0.081278
0.166709
0.183097
0.104603
0.059651
0.507305
0.955773
1.078753
1.076351
1.066043
0.609269
0.103507
-0.042856
-0.440302
-0.493852
-0.507693
-0.575092
-0.582455
-0.703287
-0.666720
-0.718418
-0.642798
-0.023019
0.005250
0.039852
0.146761
0.082213
-0.153594
-0.267335
0.185283
0.517962
0.587483
0.703601
0.852430
0.451803
-0.122355
-0.283033
-0.457452
-0.480322
-0.501046
-0.332366
0.136534
0.114039
0.069219
0.057711
0.012343
-0.014740
-0.270066
-0.226585
0.125669
0.202589
0.236332
0.195844
0.548259
0.509235
0.429494
0.419598
0.437429
0.219531
-0.185426
-0.233611
-0.257833
-0.244991
-0.119270
-0.087452
0.239396
0.219275
0.214334
-0.040553
-0.093602
-0.266642
-0.480310
-0.444484
0.002783
0.145633
0.176897
0.139009
0.123592
-0.282116
-0.311945
0.150600
0.165806
0.641164
0.474390
0.276560
0.124938
-0.177824
-0.324811
-0.528896
-0.131404
-0.308680
-0.272211
-0.429718
-0.057997
-0.270807
-0.711906
-0.628134
-0.719080
-0.638466
-0.482142
-0.194911
0.072188
0.115993
0.131003
0.143214
0.011854
0.245808
0.170087
0.058440
0.343858
0.277623
-0.066645
-0.174418
0.220309
0.203982
0.217857
0.595419
0.560261
0.432341
-0.180526
-0.218068
-0.356140
-0.259721
-0.299517
-0.163906
-0.036512
-0.255988
-0.250808
-0.227239
-0.311624
-0.107594
-0.021968
0.056512
0.285601
0.421789
0.359640
0.344762
0.546645
0.337489
0.212747
0.099205
-0.114173
-0.059600
-0.441977
-0.384138
-0.249561
-0.025445
-0.286553
-0.146887
0.061339
0.061029
-0.091919
0.295373
0.217708
0.120491
-0.018119
0.015802
-0.083757
-0.194754
-0.402574
-0.538108
-0.203403
-0.231853
-0.136531
0.405887
0.485217
0.509453
0.162561
0.164138
-0.134800
-0.122670
-0.317208
-0.219775
-0.052174
-0.014508
-0.045594
0.159554
0.049039
0.197716
-0.010401
-0.005182
-0.071350
-0.101325
-0.068435
0.003506
0.326685
0.325976
0.328556
0.217725
0.332583
0.491498
0.256994
0.401342
0.396091
0.313366
-0.323421
-0.582644
-0.546477
-0.608223
-0.834160
-0.472308
-0.411302
-0.347198
-0.520115
-0.378964
-0.321048
-0.241548
-0.193810
-0.129545
0.226250
0.305460
0.413157
0.457789
0.516468
0.553449
0.260706
0.252773
0.203687
0.054417
-0.068930
-0.126530
0.081279
0.090601
0.091139
0.120750
0.188324
0.143229
-0.151303
-0.116137
-0.082928
-0.111972
-0.076909
-0.104344
0.155844
0.119966
0.113403
0.110328
0.070824
0.068273
-0.285658
-0.380129
-0.401591
-0.349700
-0.294385
-0.094788
0.344673
0.391212
0.455664
0.482228
0.419632
0.202475
-0.067042
-0.090825
-0.168703
-0.188110
-0.065925
-0.118306
0.112425
0.110553
0.051403
0.064033
0.106015
0.125581
-0.134788
-0.103413
-0.057189
-0.112429
-0.081752
-0.057568
0.262147
0.290931
0.245899
0.165142
0.037042
-0.325308
-0.781839
-0.799157
-0.691737
-0.538112
-0.120794
0.071094
0.525589
0.539178
0.575639
0.287731
0.292175
0.137238
-0.232599
-0.329534
-0.365719
-0.434349
-0.303269
-0.261489
0.123487
0.424908
0.436839
0.474150
0.500407
0.216859
-0.099445
-0.054910
0.008083
-0.032672
0.319690
0.255113
0.295479
-0.040758
-0.095766
-0.536502
-0.584556
-0.230105
-0.271619
-0.175776
0.259584
0.206021
0.114186
-0.002183
0.411579
0.457217
0.547008
0.198003
0.305163
-0.027538
-0.463591
-0.394721
-0.410138
-0.114692
-0.220909
-0.386251
-0.408817
-0.416316
-0.769392
-0.668117
-0.474811
-0.149625
0.093130
0.325624
0.482970
0.741220
0.720092
1.027380
1.342343
1.146996
0.723481
0.398751
-0.256124
-0.822939
-0.991644
-1.007223
-1.008776
-0.935536
-0.690200
-0.413244
-0.074850
0.179145
0.518039
0.639179
0.633047
0.671359
0.647945
0.444142
0.374809
0.118461
-0.016888
-0.408967
-0.442854
-0.642823
-0.591894
-0.904298
-0.162640
-0.082265
0.130120
0.277254
0.653695
-0.200429
-0.193143
-0.364401
-0.182380
-0.112528
0.210097
0.207725
0.081202
-0.153289
0.296743
0.980614
1.000598
1.017031
1.032957
0.246837
-0.477215
-0.694621
-0.600102
-0.738991
-0.778441
-0.729746
-0.590632
-0.555739
-0.290180
0.480638
1.024364
1.411060
1.251458
1.010449
0.184225
-0.553035
-1.274963
-1.290246
-1.440531
-1.419960
-1.317492
-0.919861
-0.734281
0.082967
0.472075
0.745189
0.553743
0.757353
0.143898
0.037518
-0.207491
-0.231755
-0.356573
-0.225332
-0.185888
-0.155272
0.107014
0.017101
0.692980
0.788953
0.995638
1.092773
1.079885
0.250577
0.062717
-0.352366
-0.484419
-0.343792
-0.072715
0.132563
0.706951
0.756643
1.211018
0.892972
0.461538
0.778162
0.748137
-0.112783
-0.007753
0.022839
-0.586548
-0.740877
-0.643345
-0.664580
-0.722582
-0.843319
-0.500357
-0.033314
-0.143944
-0.185983
-0.160991
-0.661112
-1.014867
-0.924876
-0.706826
-0.560937
-0.373300
-0.179509
0.048079
0.185790
-0.044972
0.243316
0.723801
1.282557
1.404944
1.684761
1.412807
0.944103
0.089076
0.037790
-0.185419
-0.330692
-0.453939
-0.443265
-0.596051
0.065455
0.291651
0.234252
0.264937
0.452293
-0.257092
-0.353832
-0.269966
-0.146042
-0.344877
-0.291140
-0.201373
-0.322461
-0.384399
-0.431807
0.149492
-0.015444
-0.102487
0.105053
0.008509
-0.594005
-0.432440
-0.389208
-0.367207
-0.074053
0.245497
0.320659
0.441387
0.230386
0.333474
0.601115
0.938144
1.332032
1.168988
0.730107
0.138470
-0.477211
-0.996213
-0.951181
-1.090268
-1.089039
-1.228352
-1.076831
-0.245908
0.830379
1.176452
1.384535
1.734046
1.038253
0.443321
0.439457
0.480689
0.121210
-0.098847
-0.083771
-0.219025
-0.181513
-0.207972
-0.069383
-0.280454
-0.249192
-0.158935
-0.132965
-0.159319
-0.124808
-0.303075
-0.365118
-0.490272
-0.457622
-0.256512
-0.210555
0.170655
0.603493
0.407484
-0.077654
0.432695
-0.381974
-1.231596
-1.460737
-1.147686
-1.717747
-1.685371
-1.621082
-1.414110
-0.948193
-0.301438
0.517688
1.360074
1.795150
1.461506
1.005951
0.608823
0.271225
0.183416
0.114869
0.097568
0.037441
0.096652
0.136912
-0.056468
-0.226180
-0.472995
-0.612492
-0.726301
-0.594171
-0.310494
0.117600
0.367832
0.604809
0.893476
0.984341
1.013498
1.009380
0.915997
0.696181
0.171186
-0.271762
-0.460581
-0.589758
-0.534189
-0.168680
0.235451
0.361957
0.180526
0.253408
-0.023867
-0.016614
-0.383354
-0.366209
-0.341655
-0.367564
-0.357733
-0.278324
0.059884
0.022434
0.150316
0.119373
0.146045
0.177521
-0.055082
-0.051226
0.038380
0.027989
0.020289
-0.026062
0.197451
0.115670
0.041233
-0.081290
-0.167401
-0.221083
-0.531686
-0.519037
-0.458888
-0.457174
-0.459436
-0.566128
-0.275902
-0.281480
-0.265653
-0.163722
-0.004315
0.154606
0.057335
0.280190
0.402088
0.522142
0.538302
0.563342
0.709213
0.590537
0.561095
0.421707
0.261382
0.174638
-0.173482
-0.297643
-0.256540
-0.244566
-0.194518
-0.181658
0.108337
0.062171
0.041792
0.046459
0.038832
-0.002197
-0.300575
-0.331685
-0.387502
-0.413913
-0.390400
-0.348616
-0.011164
0.081396
0.137636
0.188624
0.188329
0.182984
-0.087261
-0.099892
-0.143969
-0.092795
-0.007285
0.026625
0.350228
0.390359
0.354258
0.248025
0.173237
0.074613
-0.192762
-0.187785
-0.199763
-0.138203
-0.056767
-0.126379
-0.009840
-0.102978
-0.286007
-0.347364
-0.305956
-0.120251
-0.214351
-0.030940
0.082164
0.172243
0.192198
0.277845
0.571998
0.550769
0.413435
0.298560
0.130631
0.064662
-0.257273
-0.225215
-0.262917
-0.303967
-0.330858
-0.392433
-0.046435
0.077721
0.244426
0.271145
0.315067
0.250258
-0.064201
-0.224112
-0.256101
-0.238145
-0.221662
-0.205834
0.131455
0.158039
0.166752
-0.026964
-0.051766
-0.053386
-0.263095
-0.208836
0.052448
0.084386
0.108098
0.094034
0.307917
0.255191
0.224225
0.229332
0.208629
0.168922
-0.159335
-0.186800
-0.260989
-0.405409
-0.642026
-0.671516
-0.319563
-0.206734
-0.077109
0.241174
0.413177
0.378697
0.054718
0.063048
0.028461
-0.068834
-0.045400
-0.077642
0.165292
0.151263
0.159690
0.145826
0.186467
0.228867
0.028979
0.055144
0.086248
0.064105
0.006326
-0.098612
0.127942
0.059275
-0.058873
-0.032325
-0.039629
-0.020668
-0.319622
-0.210399
-0.197972
-0.221952
-0.255330
-0.248342
0.065495
0.059441
0.099910
0.119579
0.386649
0.332693
0.318726
0.321846
0.361595
0.363211
0.367504
0.030385
0.218036
0.099561
-0.203335
-0.227158
-0.175987
-0.195224
-0.514492
-0.580273
-0.657086
-0.680828
-0.601841
-0.520960
-0.101010
0.027452
0.105649
0.211651
0.275786
0.239443
-0.019780
-0.058579
0.070943
0.209623
0.454533
0.554664
0.921334
0.823570
0.930257
0.678877
0.461234
0.287217
-0.202871
-0.574615
-0.575231
-0.649168
-0.627990
-0.678459
-0.357742
-0.384170
-0.338308
-0.199863
0.068614
0.184291
0.102634
0.351162
0.371540
0.344734
0.313821
0.254462
0.273941
0.057726
-0.196765
-0.370707
-0.515975
-0.470915
-0.691523
-0.589632
-0.503050
-0.426748
-0.415503
-0.374510
0.000309
0.067585
0.089562
0.174725
0.261467
0.255546
0.026800
0.054899
0.085532
0.076938
0.145416
0.177331
0.480982
0.508150
0.454817
0.370805
0.335191
0.270229
-0.104539
-0.155329
-0.203194
-0.300777
-0.324834
-0.333641
-0.002765
0.033032
0.132363
0.152247
0.152957
0.091806
-0.143648
-0.176571
-0.119109
-0.052314
0.038376
0.084032
0.360636
0.311419
0.273185
0.249331
0.133954
0.076679
-0.195292
-0.166241
-0.143525
-0.072888
-0.252163
-0.233941
0.060737
0.087856
0.120959
0.366668
0.330175
0.261521
-0.086848
-0.148845
-0.219353
-0.269399
-0.309553
-0.338803
-0.182242
-0.280977
-0.330224
-0.516395
-0.498953
-0.327849
-0.370196
-0.174246
0.194441
0.335420
0.389138
0.314366
0.563456
0.451887
0.333841
0.303272
0.331515
0.323664
0.088932
0.124294
0.063794
-0.036637
-0.160341
-0.242179
-0.011366
-0.032652
0.017190
0.127479
0.184260
0.183267
-0.145986
-0.214624
-0.308179
-0.426990
-0.477937
-0.488958
-0.210177
-0.228494
-0.245159
-0.184574
-0.130394
0.021833
-0.093604
0.148600
0.247557
0.281443
0.236274
0.160063
0.311356
0.202886
0.090571
0.039533
-0.060689
-0.062412
-0.372142
-0.321808
-0.202648
-0.009166
0.015264
0.247975
0.571782
0.448747
0.357635
0.350210
0.145422
0.127589
-0.122207
-0.200926
-0.270714
-0.256763
-0.196517
-0.145199
0.146533
0.171669
0.193274
0.172213
0.169013
0.230813
-0.032558
-0.081624
-0.140054
-0.299688
-0.366320
-0.382344
-0.123964
-0.126154
-0.023925
0.049627
0.067823
0.149710
-0.051002
-0.019364
0.057551
0.069304
0.013950
-0.077067
0.139040
-0.029129
-0.108302
-0.037466
-0.012682
0.044230
-0.154354
-0.054504
-0.010948
0.048870
0.121512
0.069253
0.274212
0.205031
0.205000
0.126560
0.178225
0.189960
-0.221327
-0.371054
-0.405070
-0.469247
-0.423388
-0.351809
0.046840
0.047225
0.108291
0.213849
0.310085
0.406297
0.144933
0.199858
0.225617
0.183475
0.119399
0.145860
0.152590
-0.180710
-0.169062
-0.077492
-0.050527
0.048407
-0.053551
-0.106683
-0.416125
-0.498939
-0.306341
-0.306114
0.104241
0.396874
0.466820
0.195923
0.283321
0.061271
-0.294493
-0.340374
-0.327323
-0.334527
-0.310431
-0.271760
0.113590
0.371812
0.371205
0.479655
0.365131
0.196978
-0.232439
-0.360297
-0.374331
-0.372557
-0.173252
-0.055958
0.337127
0.358354
0.401464
0.322878
0.342112
0.356790
0.090687
0.142255
-0.032617
-0.028854
0.022647
-0.016842
-0.013171
-0.119525
-0.176266
-0.161644
-0.137970
-0.145493
-0.284395
-0.412842
-0.517883
-0.775832
-0.882714
-0.874173
-0.326849
-0.194123
0.068915
0.682451
0.854626
0.528296
0.153847
0.178390
-0.278974
-0.325075
0.037330
0.020213
0.120696
0.123066
0.163650
0.090742
0.101152
0.397778
0.393113
0.384838
0.444779
0.434916
0.425061
0.319342
0.592651
0.481541
0.360479
-0.102935
-0.174613
-0.397686
-0.887133
-0.954054
-0.657041
-0.654701
-0.782610
-0.644881
-0.380999
-0.450903
-0.307536
0.122114
0.064472
0.293883
0.148487
0.115576
0.051818
0.163290
0.191221
0.170421
0.447603
0.390647
0.374560
0.102796
0.120601
0.153253
-0.170724
-0.204281
0.035402
-0.001450
0.029200
0.060453
0.425504
0.456009
0.438901
0.212872
0.227756
0.198686
-0.222834
-0.275234
-0.180557
-0.297557
-0.627240
-0.604983
-0.326643
-0.348154
-0.203235
0.209485
0.304330
0.462116
0.323253
0.393785
0.160931
0.199514
0.161141
0.092887
-0.033068
-0.243223
-0.376908
-0.405222
-0.409205
-0.094818
-0.101111
-0.080327
-0.146665
-0.137545
-0.133535
-0.115951
0.172468
0.233259
0.189368
-0.115875
-0.025279
0.008942
-0.260623
-0.215095
0.121202
0.129895
0.161993
0.216003
0.535535
0.527067
0.515486
0.353541
0.141345
-0.233964
-0.635847
-0.764321
-0.677277
-0.570219
-0.188218
-0.035546
0.125727
-0.012669
0.116714
-0.093867
-0.093609
0.211929
0.123305
0.072900
0.053887
0.122184
-0.109027
-0.049781
0.216292
0.422572
0.301005
0.482932
0.441946
0.426405
0.051969
-0.050603
-0.099646
-0.236123
-0.189531
-0.184752
0.114657
0.043313
0.087499
-0.216462
-0.253228
-0.255994
-0.504604
-0.469257
-0.219237
-0.101934
-0.360335
-0.393209
-0.113022
-0.316011
-0.298607
0.043248
0.172698
0.203062
0.165189
0.175755
0.242340
0.172528
0.214963
0.194199
0.374835
0.262627
0.223686
-0.074830
-0.097867
-0.025234
-0.257225
-0.212407
0.004633
-0.054730
-0.083184
-0.141920
0.175246
0.216132
0.279518
0.261647
0.295885
0.205249
-0.134558
-0.189521
-0.156873
-0.237671
-0.200368
-0.188320
0.074614
0.023957
0.067043
0.142545
0.229070
0.271236
-0.031268
-0.054060
-0.340550
-0.407820
-0.564315
-0.490412
0.042258
0.466456
0.562383
0.563663
0.520989
0.172701
-0.265898
-0.316071
-0.007994
0.068702
0.013024
-0.046145
-0.027806
-0.059435
-0.161493
-0.118593
-0.117425
0.281512
-0.071759
0.022776
0.037642
0.034589
-0.078351
-0.177594
0.148619
0.377767
0.377362
0.358729
0.391893
0.253746
-0.168964
-0.211366
-0.486468
-0.508104
-0.602976
-0.448713
-0.143127
0.078431
0.083611
0.003917
-0.103156
0.003267
-0.342134
-0.380531
-0.105618
-0.086780
-0.137595
-0.115782
0.066883
-0.129054
-0.029581
0.060170
0.145457
0.393798
0.353422
0.322015
0.294600
0.351863
0.298566
0.275481
0.386263
0.207416
0.138778
-0.042282
-0.088623
0.016570
-0.289102
-0.431400
-0.450455
-0.563735
-0.501363
-0.396222
0.026296
0.246754
0.277045
0.284408
0.240798
0.194151
-0.062354
0.036456
-0.042038
-0.056340
-0.241788
-0.273321
0.044639
0.104559
0.181089
0.138458
0.148750
0.065649
-0.291331
-0.298386
-0.268411
-0.285971
-0.322926
-0.355358
-0.083001
0.142315
0.133164
0.228883
0.281056
0.268837
-0.046053
-0.075645
-0.069715
-0.051589
-0.000775
0.009890
0.299152
0.205435
0.140450
-0.117727
-0.127568
-0.104993
-0.292356
-0.222011
0.060096
0.136190
0.180499
0.146497
0.183614
0.120719
-0.005645
-0.105482
-0.174380
0.025110
-0.203127
-0.097142
0.084729
0.178557
0.364921
0.428816
0.789709
0.840410
0.901730
0.828819
0.732402
0.520604
-0.112149
-0.390697
-0.827318
-1.067827
-1.093067
-1.036260
-0.666567
-0.386995
-0.201285
-0.121542
-0.053109
-0.201217
-0.340661
-0.196327
-0.145346
-0.157957
-0.123770
-0.184727
-0.009906
-0.028617
0.061035
0.336492
0.432040
0.524011
0.386552
0.456939
0.466231
0.330631
0.205237
0.061702
-0.041821
-0.148047
-0.155503
-0.102438
-0.065383
0.275579
0.050015
0.106480
0.113645
0.041639
-0.045785
-0.123614
0.113520
0.071211
0.043153
-0.046335
-0.084214
-0.153702
-0.436724
-0.376718
-0.218454
-0.188812
-0.299729
-0.297032
0.022787
0.020154
0.089382
0.264580
0.207952
0.025039
-0.265794
-0.284815
-0.245128
-0.111090
0.080345
0.086161
0.437988
0.458974
0.472466
0.537410
0.552835
0.454373
0.043317
-0.112778
-0.227770
-0.461117
-0.466603
-0.468936
-0.004431
0.116054
0.351140
0.501148
0.610622
0.404739
0.146947
0.213782
0.135200
-0.028706
-0.196405
-0.403829
-0.271948
-0.579870
-0.558168
-0.526766
-0.444646
-0.590968
-0.585317
-0.476592
-0.419616
-0.328799
-0.014340
-0.206756
-0.150114
-0.204520
-0.297625
-0.266026
-0.181041
0.251860
0.260789
0.317862
0.250382
0.384130
0.407824
0.496110
0.776054
0.758952
0.744419
0.385226
0.175901
0.058698
-0.330550
-0.392528
-0.273769
-0.227040
-0.239639
-0.273358
0.024451
0.010102
-0.010957
0.020410
-0.006180
-0.241705
-0.588479
-0.672527
-0.646806
-0.511804
-0.217857
-0.030612
0.445984
0.522054
0.552740
0.332963
0.289103
0.217432
-0.198326
-0.368680
-0.213911
-0.241559
-0.272180
-0.236285
0.152875
0.193855
0.205361
0.327693
0.442515
0.487008
0.208786
0.196652
0.106028
0.016736
-0.073007
-0.139522
0.090327
0.045898
0.042423
-0.050497
-0.088160
-0.132889
-0.362681
-0.318050
-0.141629
-0.068922
-0.306423
-0.349167
-0.042730
-0.073697
-0.041865
0.230571
0.213094
0.210213
-0.060555
-0.048535
0.087143
0.184375
0.282537
0.287041
0.573678
0.515391
0.382641
-0.045636
-0.103435
-0.058241
-0.278098
-0.122659
0.035843
-0.034554
-0.143055
-0.433750
-0.286962
-0.221824
-0.282880
-0.271732
-0.175521
-0.078961
-0.246027
-0.089982
-0.237774
-0.065899
-0.171181
-0.186800
0.175110
0.448639
0.365585
0.535026
0.518535
0.514603
0.155728
0.201033
-0.137792
-0.167846
-0.233643
-0.281278
-0.175227
0.139476
0.111104
0.074167
0.086441
0.243415
-0.159180
-0.184522
-0.219996
-0.300175
-0.332353
-0.364420
-0.025553
0.000274
0.110668
0.084405
0.116198
0.172670
-0.083367
-0.086104
0.005556
-0.029936
-0.109227
-0.241037
-0.038297
-0.132630
-0.130658
-0.051434
0.031790
0.097571
-0.123269
0.020515
0.118675
0.266860
0.191178
0.349355
0.865757
0.989931
0.900837
0.847617
0.777428
0.340878
-0.312448
-0.445608
-0.522130
-0.655860
-0.666713
-0.485923
-0.298342
-0.177863
-0.074440
0.347887
0.013143
0.086185
-0.310640
-0.566155
-1.064217
-0.906195
-0.986470
-0.764669
-0.359759
-0.218016
-0.019375
0.046044
0.032004
0.250689
-0.036886
-0.159170
-0.112232
-0.060265
0.145605
0.105704
0.506854
0.656596
0.523113
0.229380
0.255282
0.220067
-0.167237
-0.200628
-0.045152
0.142116
0.021418
0.232235
0.671049
0.461536
0.540585
0.484694
0.470978
0.405243
0.257047
0.270017
0.281433
0.264259
-0.053616
-0.484906
-0.631283
-0.814311
-0.988203
-0.959538
-0.816258
-0.900499
-0.918232
-0.921653
-0.881973
-0.728874
-0.628374
-0.579874
-0.003011
0.473841
0.403240
0.459300
0.436447
0.348964
-0.137159
-0.052705
0.288249
0.346399
0.334758
0.361720
0.499451
0.440854
0.484292
0.375677
0.169600
0.217307
-0.216320
-0.389188
-0.504128
-0.441343
-0.429240
-0.348730
-0.021548
0.045286
0.116947
0.161905
0.117118
0.096895
-0.218524
-0.220286
-0.186657
-0.162756
-0.129270
-0.034159
0.390606
0.472105
0.539360
0.524386
0.565242
0.476630
0.093763
0.009413
0.025398
-0.094798
-0.178239
-0.204779
0.077440
0.054792
0.113663
0.135885
0.113665
0.096300
-0.182113
-0.198556
-0.223313
-0.215617
-0.237900
-0.296882
-0.090688
-0.120147
-0.082896
-0.137079
-0.153398
-0.140633
-0.368120
-0.393830
-0.310955
-0.294249
-0.280973
-0.320964
-0.008393
-0.003928
0.095059
0.155925
0.314779
0.330579
0.389081
0.519136
0.564902
0.566227
0.582703
0.357476
0.504307
0.464523
0.370877
0.263201
0.033627
-0.141393
-0.525904
-0.617601
-0.655498
-0.618303
-0.495300
-0.434834
-0.065340
0.052199
0.131467
0.136880
0.248073
0.259786
0.009866
0.079734
0.086059
0.003639
0.015881
0.059123
0.302441
0.353426
0.399219
0.383835
0.309276
0.021829
-0.363143
-0.491738
-0.602763
-0.688819
-0.519348
-0.466877
-0.060464
0.073191
0.166943
0.389158
0.499935
0.572456
0.392862
0.498417
0.322128
0.324632
0.269834
0.043090
-0.189389
-0.533595
-0.797202
-1.085898
-1.043288
-0.736902
-0.527247
-0.229698
-0.126472
-0.100651
0.302707
0.240458
0.768806
1.290229
1.525513
1.259029
1.409956
0.877629
0.255401
0.116447
-0.041120
-0.167912
-0.159252
-0.247609
-0.318898
-0.495858
-0.622404
-0.810349
-0.996247
-1.015597
-1.182914
-1.213715
-0.985465
-0.768011
-0.565833
-0.318197
-0.040115
0.327996
0.332462
0.338536
0.241020
0.562639
0.048712
0.029122
-0.082622
-0.089568
-0.470925
-0.535418
-0.197962
0.027699
0.071756
0.304784
0.356877
0.366918
0.130416
0.130346
0.042946
-0.010283
-0.003580
-0.007943
0.324386
0.400217
0.506048
0.448532
0.378844
0.296300
-0.073057
-0.159361
-0.171952
-0.142820
-0.422466
-0.440853
-0.170098
-0.184773
0.042624
0.366376
0.410771
0.429510
0.111018
-0.159660
-0.260469
-0.325373
-0.259349
-0.136102
0.232343
0.334861
0.385485
0.085057
0.084116
0.109569
-0.160688
-0.055279
0.076789
0.113194
-0.113934
-0.171062
-0.162854
-0.317745
-0.556675
-0.313892
-0.271649
-0.409503
-0.459535
-0.363866
-0.319223
-0.429838
-0.239028
-0.115293
0.118446
-0.096479
0.124000
0.113944
0.036659
0.251967
-0.000489
-0.212570
-0.022241
-0.041457
0.000006
0.043796
0.643446
0.826804
0.919406
0.997931
1.143930
1.182556
0.793659
0.859940
0.886916
0.765719
0.189341
0.001877
-0.118343
-0.644298
-0.411784
-0.370698
-0.025971
-0.037009
-0.110472
-0.392424
-0.480233
-1.018547
-0.652533
-0.649923
-0.652108
-0.643094
-0.635249
-0.505595
-0.367409
-0.221860
-0.128336
0.254955
-0.178723
-0.224467
-0.210206
-0.196116
0.274696
0.323745
-0.166081
-0.618854
-1.026166
-1.384520
-1.413260
-0.855979
-0.319539
0.246967
0.226242
0.426089
0.657710
0.771373
0.880841
1.609338
1.071221
0.605858
0.195612
-0.258502
-1.248680
-1.206221
-1.085629
-1.008215
-0.643167
-0.304622
0.047733
0.201625
0.195885
0.182483
0.162548
0.293444
0.444559
0.509079
0.534463
0.322537
0.286184
0.228636
0.181517
0.052239
-0.231902
-0.432256
-0.616926
-0.707899
-0.915007
0.007063
0.040432
0.016775
0.430319
0.808461
0.161455
0.505135
0.657475
1.420262
1.234707
1.266047
1.125256
1.142918
1.142918
1.088581
1.091140
0.828972
0.510556
-0.436002
-0.679058
-0.768507
-0.899794
-0.932639
-0.963361
-0.728865
-0.655671
-0.408828
-0.031515
0.448142
0.545371
0.525958
0.396665
0.232658
-0.419205
-0.592828
-0.657233
-0.723648
-0.838251
-0.889579
-0.606836
-0.344793
-0.365134
-0.010394
0.062283
0.112725
-0.103298
0.007869
0.170269
0.273591
0.329086
0.284509
0.531090
0.373026
0.194938
-0.142521
-0.185189
-0.457122
-0.572084
-0.214894
0.041225
0.016408
-0.026511
-0.260116
-0.391597
-0.566209
-0.475759
-0.088651
-0.068063
-0.123610
-0.162192
-0.163556
-0.079377
0.000121
0.331998
0.657609
0.810824
0.530748
0.822458
0.509029
0.108014
-0.030596
-0.288920
-0.770773
-0.819259
-0.445580
-0.070816
0.250407
0.660903
0.900760
0.749598
0.652108
0.715273
0.805226
0.848038
0.973795
0.702013
0.802463
0.492565
0.201107
-0.040089
-0.036995
-0.411368
-0.388561
-0.357950
-0.419353
-0.558828
-0.671768
-0.791275
-0.885751
-0.954259
-0.951865
-0.834029
-0.769923
-0.713723
-0.281464
0.132165
0.264940
0.297246
0.357202
0.107710
-0.207345
-0.286307
-0.048276
0.255469
0.464283
0.784211
1.076307
1.049615
0.939712
0.711299
0.522703
0.438123
0.168505
0.161924
-0.006738
-0.151972
-0.438408
-0.582999
-0.953374
-0.795040
-0.649159
-0.732266
-0.725413
-0.376267
-0.461777
-0.558194
-0.531238
-0.153014
-0.097169
0.141033
0.472514
0.611347
0.739724
0.797841
0.833949
0.774135
0.934153
0.969823
0.801340
0.753220
0.681528
0.558723
0.281484
-0.091058
-0.269771
-0.508349
-0.587992
-0.887909
-0.881321
-0.845845
-1.051187
-0.919984
-0.648744
-0.369463
-0.522553
-0.356188
-0.138900
0.000049
0.175943
0.337618
0.461347
0.630307
0.826371
0.656620
0.647933
0.565691
0.226046
-0.239016
-0.368883
-0.569888
-0.631695
-0.441625
-0.468497
-0.130081
0.189712
0.267493
-0.097114
0.171697
-0.117324
-0.391124
-0.079963
-0.168832
-0.445431
-0.390635
-0.392141
-0.452811
-0.542867
-0.309372
-0.228581
-0.002430
-0.070497
0.237094
0.002122
0.111547
0.228306
0.357917
0.087582
0.413647
0.381164
0.356370
0.351318
0.694897
0.728844
0.423325
0.617808
0.677731
0.804182
0.589856
0.582041
0.008053
-0.137290
-0.481560
-0.549688
-0.481858
-0.328461
-0.589986
-0.485114
-0.488671
-0.447678
-0.433857
-0.313318
-0.407765
-0.367806
-0.295700
0.051480
-0.082059
-0.174803
-0.284906
-0.309414
-0.689284
-0.613270
-0.382049
-0.102584
0.203897
0.562324
0.891578
1.119963
0.982871
1.147682
0.715321
0.312146
-0.088555
-0.275534
-0.518106
-0.545287
-0.554569
-0.631046
-0.452116
-0.710870
-0.588008
-0.448009
-0.373375
0.128176
0.186039
0.251424
0.436692
0.628579
0.336654
0.431375
0.568953
0.563279
0.578229
0.560233
0.488059
0.305580
0.003070
-0.237783
-0.138671
-0.352897
-0.479634
-0.562880
-0.597011
-1.067272
-1.057834
-0.993172
-1.023275
-0.746242
-0.501836
-0.287541
0.115869
0.729199
1.165661
0.916433
0.791712
0.438999
0.167133
-0.251844
-0.098310
0.181833
0.227760
0.148135
0.289251
0.331513
0.229068
0.321521
0.345971
0.874904
0.716128
0.383749
0.203571
0.137525
-0.824803
-0.889553
-0.587402
-0.418093
-0.282094
-0.034619
0.101308
-0.046159
-0.380830
0.063154
-0.286815
-0.407026
-0.501174
-0.445775
-0.964175
-0.732243
-0.125840
-0.166054
0.540645
0.977440
1.065955
1.246624
1.533040
1.582864
0.966164
0.756343
0.193680
0.015851
-0.579168
-0.525643
-0.348122
-0.410221
-0.854857
-0.810534
-0.855168
-0.832090
-1.309926
-1.301229
-1.412899
-1.636672
-2.041291
-1.848077
-1.345889
-1.271614
-0.908543
-0.470590
-0.084872
0.160118
0.401113
0.517711
0.645199
0.671976
1.017452
0.905424
0.932013
0.889783
0.878282
1.012299
0.980306
1.172782
1.144924
1.225041
1.308205
1.414678
1.824034
1.638443
1.494674
0.736419
0.168657
-0.874110
-1.196090
-1.470432
-1.722394
-1.532667
-1.443827
-1.231834
-0.959902
-0.694314
-0.408456
-0.042747
0.296459
0.623155
0.885057
1.069642
0.899647
0.737555
0.486011
0.279628
0.128697
0.205520
0.329763
0.220005
0.066682
-0.158261
-0.520023
-0.486062
-0.902981
-1.378480
-1.484992
-1.548238
-1.802752
-1.646496
-1.167736
-1.083455
-0.845110
-0.467817
0.028676
0.365799
0.607379
0.755767
0.483389
0.499174
0.058086
-0.214604
-0.294899
-0.293881
-0.595992
-0.079789
0.053257
0.473468
0.612026
0.852835
0.383730
0.401076
0.319441
0.211471
0.317278
0.542623
0.708455
0.581622
0.482981
0.113250
-0.297768
-0.727416
-0.907272
-1.115384
-0.411575
-0.330398
0.572919
1.179803
1.154523
0.692712
1.083967
0.489135
-0.249589
-0.086238
-0.157935
-0.265132
-0.123568
0.154673
0.377243
0.368995
0.264229
0.208979
0.344043
0.207399
-0.021269
-0.227024
-0.474452
-0.779766
-0.680380
-0.677039
-0.407557
-0.303156
-0.442131
-0.685682
-0.445800
-0.465799
-0.202182
0.246508
0.671034
0.703293
0.648308
0.550720
0.167519
-0.234811
-0.202562
-0.227507
-0.250888
-0.165686
0.248856
0.371896
0.773801
0.856546
1.167902
1.137817
0.762460
0.314839
-0.047648
-0.586024
-0.796259
-0.852853
-0.595030
-0.271718
-0.239794
-0.577019
-0.508966
-0.516264
-0.650108
-0.404344
0.093043
0.198776
0.048827
0.052853
-0.037249
-0.343980
-0.381420
-0.051480
0.013051
0.072699
0.329699
0.429937
0.522879
0.874733
1.367381
1.273503
1.542430
1.498202
0.947521
0.237631
-0.038131
-0.603108
-1.026595
-1.027139
-0.787757
-0.566916
0.044492
0.199519
0.344083
0.387741
0.371831
0.175336
-0.066748
-0.035968
-0.379215
-0.647206
-0.895699
-1.029636
-1.376753
-1.298611
-0.813027
-0.552288
-0.076434
0.528719
0.977394
1.081611
1.164625
1.239634
0.882772
0.779955
0.491203
0.278561
0.086407
0.169278
0.071507
0.518160
0.401473
0.190587
0.064697
-0.096918
-0.570266
-0.773160
-0.841715
-0.785090
-0.724678
-0.704801
-0.258556
-0.003439
0.426546
0.895406
0.452011
0.018975
-0.403094
-0.658545
-1.089282
-0.458247
-0.020896
0.564390
0.368028
0.289500
0.094412
-0.113912
-0.417499
-0.481108
-0.584033
-0.575743
-0.489183
-0.336029
-0.177456
0.124285
0.373676
0.653747
1.072673
1.428160
1.459974
1.321832
0.949250
0.699216
0.096235
-0.219526
-0.431036
-0.598131
-0.930515
-1.006420
-0.936858
-1.028879
-0.832790
-0.775013
-0.629719
-0.423977
-0.290973
-0.310258
-0.278740
-0.140795
0.037740
0.294217
0.488884
0.730737
0.946923
0.855174
0.923491
0.987326
0.753041
0.677891
0.495467
0.265525
-0.162202
-0.405488
-0.849563
-0.938669
-1.033741
-0.959142
-0.619907
-0.055431
0.378409
0.853279
1.219372
1.480162
1.342874
1.138080
1.004181
0.769846
0.538802
0.435011
0.174623
-0.189127
-0.472871
-0.748347
-1.354482
-1.775047
-1.702203
-1.450584
-1.199063
-0.544702
0.129982
0.297053
-0.064173
-0.172137
-0.450416
-0.621118
-0.569520
-0.177209
0.034739
0.566968
0.648660
0.539686
0.585726
0.340067
-0.080394
-0.126796
-0.455869
-0.588609
-0.651542
-0.714257
-0.609171
-0.441672
-0.354232
-0.071219
0.321137
0.374418
0.504821
0.711446
0.715922
0.681832
0.856100
1.251296
1.185233
0.897297
0.482336
0.075995
-0.591073
-1.058514
-1.035299
-1.013962
-1.166290
-1.040323
-0.952235
-1.009490
-0.737422
-0.103506
0.207420
0.706074
1.097364
1.226322
0.973984
0.757522
0.526798
0.334925
0.007809
-0.274815
-0.413225
-0.653282
-0.738713
-0.243250
-0.212888
-0.286551
-0.370786
-0.474956
-0.826504
-0.826227
-0.624884
-0.431716
-0.217454
-0.382356
-0.257412
-0.289876
-0.068820
0.016158
0.891769
1.599522
1.938808
1.893720
1.916843
1.347268
0.703273
0.367668
0.199629
-0.090855
-0.180325
-0.190543
-0.140085
-0.261152
-0.013282
-0.261387
-0.457809
-0.582836
-0.506476
-0.791134
-0.759754
-0.469745
-0.102496
0.000023
0.023541
0.322475
0.213822
0.061294
-0.167462
-0.290820
-0.374841
-0.725588
-0.702226
-0.302896
0.200058
0.334287
0.850796
0.893033
0.930673
0.896122
0.563952
0.223179
0.304740
-0.035075
-0.008809
-0.062725
0.172477
0.018177
-0.019744
-0.205337
-0.204541
-0.205207
-0.505080
-0.515070
-0.459875
-0.447306
-0.420457
-0.373569
-0.041149
0.012561
0.320938
0.325366
0.530070
0.512574
0.079595
-0.334651
-0.370180
-0.593221
-0.515943
-0.395558
0.153252
0.332639
0.392552
0.392519
0.438568
0.348710
0.143814
0.368034
0.281828
0.473949
0.355385
0.404313
0.431452
0.484219
0.441042
0.393884
0.088513
-0.084771
-0.582700
-0.989119
-0.932352
-1.038806
-0.807951
-0.903808
-0.241741
-0.013958
-0.238330
-0.005420
-0.166440
0.527569
0.280147
1.244212
