3.037948
3.037948
1.378789
-0.280369
-1.003486
-2.192246
-3.401120
-3.176404
-3.176404
-4.112445
-4.565816
-4.872209
-4.903578
-4.782605
-4.730360
-4.406041
-3.826074
-3.156232
-2.272029
-1.110668
-0.265922
0.184588
0.627602
0.980504
1.023104
0.994090
0.990417
0.886988
0.504819
0.199357
0.291329
0.181791
-0.087145
-0.399596
-0.230378
-0.320362
-0.390808
-0.540915
-0.647165
-0.630073
-0.608840
-0.503188
-0.268268
0.382992
0.855868
0.898247
1.118391
1.204503
1.095463
0.473909
-0.336409
-0.857099
-1.173623
-1.400109
-1.315652
-0.734238
-0.403767
-0.544457
-0.767033
-1.240360
-1.313904
-1.486843
-1.555285
-1.494691
-1.213611
-1.049442
-0.765334
-0.288340
0.129755
0.448032
0.599979
0.596054
0.871970
1.402072
1.677481
1.891791
1.550863
1.084901
0.314371
-0.103761
-0.716123
-0.888933
-0.880127
-0.657249
-0.574601
-0.061960
0.079525
0.346333
0.353554
0.283930
0.047580
0.545008
0.728032
1.231354
1.527808
1.859038
1.778509
1.654686
0.923632
0.547367
-0.027223
-0.464851
-0.592161
-0.466815
-0.312686
-0.159494
-0.173527
-0.272316
-0.508063
-0.450663
-0.173299
0.316493
0.617165
1.069189
1.060508
0.874774
0.776150
0.261907
-0.184773
-0.555338
-1.056805
-1.301234
-1.202944
-1.090563
-1.321928
-1.402310
-1.906441
-1.938643
-1.772739
-1.345093
-0.614034
0.230006
0.525843
0.912011
1.132656
1.043803
0.991476
1.272598
0.992704
0.920264
0.800990
0.407603
0.346056
0.400231
0.488222
0.683107
1.144287
0.774760
0.630377
0.504868
0.192219
0.037647
0.301252
0.149992
-0.060216
-0.050083
-0.101498
-0.322560
-0.428102
-0.504367
-0.405494
-0.274977
0.069685
0.476392
0.805712
1.158050
1.238367
1.194641
0.992244
1.095479
0.941817
0.477665
0.131085
0.109052
-0.325436
-0.679612
-0.922580
-1.019707
-1.117265
-0.889450
-0.619435
-0.005034
0.460627
0.724198
0.726731
0.747081
0.667458
0.233248
-0.151032
-0.448517
-0.737799
-1.054887
-1.058665
-1.026772
-0.975661
-0.996673
-1.156024
-1.294638
-1.521810
-1.475371
-1.263453
-0.944393
-0.576941
-0.004026
0.375752
0.568082
0.952357
1.137152
1.274804
1.266057
1.312360
1.374085
1.472426
1.222073
0.825839
0.398048
-0.219920
-0.621837
-0.656088
-0.530953
-0.608930
-0.631677
-0.769405
-0.974168
-1.071768
-1.080295
-1.023957
-0.934876
-0.792995
-0.594172
-0.492272
-0.158719
0.089869
0.446979
0.819966
1.249537
1.404664
1.342618
1.348391
1.133830
1.113119
0.806364
0.697986
0.411861
0.110697
-0.278745
-0.452564
-0.433653
-0.442528
-0.263081
-0.138404
0.098353
0.210524
0.387141
0.536732
0.994498
1.324722
1.715784
1.986393
2.092316
1.898551
1.731638
1.460519
1.319398
1.254467
1.187318
1.139286
1.025022
0.574256
0.149443
-0.267411
-0.966949
-1.796876
-2.314004
-2.719992
-2.984046
-2.884965
-2.578296
-2.187693
-1.844206
-1.548158
-1.300278
-1.016559
-0.820767
-0.698893
-0.550700
-0.359571
-0.250289
-0.162164
-0.025330
-0.170820
-0.315800
-0.301273
-0.462235
-0.654299
-0.826348
-0.981173
-1.463515
-1.509198
-1.613171
-1.356973
-1.130086
-0.687156
-0.412396
-0.127468
-0.048632
-0.080376
-0.184466
-0.314160
-0.305721
-0.261678
-0.061651
0.334729
0.542145
0.704554
0.962826
1.134895
1.157105
1.446103
1.718085
1.865604
1.979284
2.211931
2.294672
2.029215
1.633494
1.298817
0.874663
0.338143
0.110916
0.108260
-0.126431
-0.327769
-0.471792
-0.612424
-0.841244
-0.889849
-0.993571
-0.927311
-0.927138
-0.934962
-0.881500
-0.682360
-0.636923
-0.463537
-0.222742
0.080750
0.298434
0.600159
0.919612
1.161436
1.292277
1.360230
1.406762
1.315240
1.244361
1.165116
0.930775
0.684649
0.489393
0.161691
-0.198772
-0.440583
-0.688225
-0.936416
-1.031319
-1.102634
-1.157885
-1.173732
-1.141730
-1.109975
-1.012245
-0.856052
-0.646529
-0.479247
-0.222064
0.018902
0.243430
0.438329
0.693683
0.903665
1.095730
1.209560
1.267035
1.243087
1.144841
0.949263
0.772595
0.504659
0.256851
0.003105
-0.259947
-0.521567
-0.687747
-0.883375
-1.051700
-1.141461
-1.117895
-1.129061
-1.100910
-1.023810
-0.909499
-0.759848
-0.547271
-0.302060
-0.007509
0.308584
0.539031
0.784954
1.006546
1.128525
1.248745
1.267608
1.232471
1.160295
0.938052
0.698677
0.428875
0.098895
-0.193624
-0.426224
-0.642987
-0.835988
-0.885606
-0.987251
-0.991859
-1.008912
-0.938751
-0.942977
-0.882864
-0.788652
-0.681415
-0.514893
-0.281237
0.003335
0.280125
0.566606
0.762688
0.932587
1.045822
1.183977
1.248749
1.260701
1.258087
1.103584
0.890273
0.577554
0.265504
-0.134598
-0.400701
-0.669231
-0.824647
-0.927377
-0.965090
-0.991195
-1.014838
-1.040958
-1.007055
-0.991021
-0.905100
-0.758214
-0.577447
-0.374871
-0.146326
0.066724
0.245309
0.503718
0.702471
0.868858
1.090560
1.215775
1.278897
1.239795
1.246915
1.099810
0.943926
0.692603
0.424392
0.099647
-0.182267
-0.473584
-0.680363
-0.816609
-0.886502
-1.006199
-1.024691
-1.019125
-0.972533
-0.906085
-0.796821
-0.612358
-0.462036
-0.288429
-0.122666
0.084161
0.293479
0.530688
0.752904
0.969584
1.096781
1.191603
1.213850
1.185140
1.132666
1.003910
0.783747
0.492011
0.221263
-0.150987
-0.418586
-0.654059
-0.785859
-0.911012
-0.947348
-0.958249
-0.958475
-0.956357
-0.894487
-0.811794
-0.736981
-0.621848
-0.483232
-0.363680
-0.223134
0.040825
0.241414
0.507159
0.771298
0.985080
1.127231
1.252023
1.303265
1.253579
1.215818
1.101799
0.895495
0.630248
0.331641
-0.016409
-0.347354
-0.600624
-0.857732
-0.973631
-1.043835
-1.145195
-1.197193
-1.178349
-1.155408
-1.097946
-0.992690
-0.798201
-0.611151
-0.442510
-0.254038
-0.006543
0.202269
0.401349
0.577337
0.784097
0.925728
1.048241
1.152593
1.264078
1.302971
1.285753
1.189026
1.015417
0.800770
0.440236
0.065813
-0.290281
-0.580551
-0.845859
-0.968952
-1.032294
-1.058021
-1.094640
-1.050684
-0.998333
-0.891188
-0.753650
-0.550284
-0.349750
-0.111524
0.119329
0.331282
0.585328
0.801211
0.930841
1.071102
1.173434
1.225680
1.194836
1.177606
1.112592
0.944731
0.693229
0.393528
0.029127
-0.299156
-0.565362
-0.802394
-0.917286
-0.943428
-1.018205
-1.046022
-1.002031
-0.965380
-0.944615
-0.872259
-0.755532
-0.644494
-0.544268
-0.340629
-0.158095
0.029077
0.180174
0.339951
0.490500
0.622022
0.757030
0.873251
1.028509
1.096769
1.129274
1.114384
1.046738
0.858150
0.588260
0.329180
0.011613
-0.316827
-0.575522
-0.793364
-0.968901
-1.088598
-1.124755
-1.144987
-1.100402
-1.057908
-1.024214
-0.962474
-0.827994
-0.690485
-0.511732
-0.260849
0.024965
0.241383
0.404086
0.572488
0.750539
0.946151
1.083152
1.229748
1.352399
1.361590
1.291306
1.147823
0.910791
0.652931
0.378716
0.051217
-0.227283
-0.390806
-0.659162
-0.867430
-0.986298
-1.079525
-1.204027
-1.193390
-1.140011
-1.088833
-0.963242
-0.695766
-0.470977
-0.229426
0.024101
0.264225
0.423212
0.620352
0.799660
0.940148
1.108250
1.232179
1.259060
1.282051
1.197647
1.057830
0.823109
0.641277
0.325302
0.005807
-0.325841
-0.615909
-0.910815
-1.115747
-1.203715
-1.218245
-1.213789
-1.150937
-1.028515
-0.898270
-0.780573
-0.574510
-0.332381
-0.099427
0.178967
0.442628
0.666457
0.841756
0.968878
1.042443
1.042443
1.044730
1.010608
0.940021
0.806335
0.642754
0.382831
0.116214
-0.200394
-0.482009
-0.708681
-0.853623
-0.974906
-1.008407
-1.028248
-1.014057
-0.939523
-0.823392
-0.675589
-0.516835
-0.346593
-0.160449
0.030798
0.257235
0.495081
0.719872
0.893802
1.018277
1.097087
1.129737
1.157929
1.152337
1.036117
0.835503
0.561740
0.285052
-0.070003
-0.368832
-0.587717
-0.749115
-0.929448
-1.015474
-1.018202
-1.021218
-1.045648
-0.995163
-0.898916
-0.809417
-0.657162
-0.427713
-0.206502
0.039614
0.318259
0.543204
0.805094
1.027862
1.177833
1.282761
1.349396
1.332854
1.201371
1.073091
0.788217
0.407650
0.020028
-0.288244
-0.590680
-0.783489
-0.899583
-0.971323
-1.012826
-1.039376
-1.059485
-1.043816
-0.965578
-0.850181
-0.726664
-0.534581
-0.230449
0.026874
0.281206
0.578979
0.879909
1.077713
1.279369
1.457586
1.522567
1.506088
1.386153
1.087866
0.702041
0.349163
-0.025999
-0.373285
-0.580665
-0.689116
-0.806928
-0.900972
-0.974154
-1.029225
-1.122383
-1.113710
-1.124175
-1.061100
-0.958746
-0.814695
-0.700343
-0.473609
-0.239893
-0.072883
0.128356
0.374247
0.571310
0.782251
1.098249
1.351585
1.391736
1.392010
1.308192
1.161693
0.963563
0.869537
0.701682
0.505129
0.277065
0.009088
-0.269012
-0.455319
-0.692819
-0.920126
-1.064795
-1.159303
-1.223338
-1.175144
-1.092453
-1.000902
-0.881493
-0.763719
-0.571443
-0.351210
-0.081328
0.183721
0.434065
0.696465
0.920056
1.101825
1.201419
1.291942
1.270274
1.182533
1.051363
0.932910
0.670889
0.444093
0.166447
-0.133442
-0.503547
-0.745328
-1.020208
-1.162638
-1.247672
-1.254494
-1.191146
-1.081441
-0.972464
-0.833922
-0.608641
-0.386764
-0.143028
0.077881
0.355505
0.547918
0.725174
0.880797
1.063917
1.176022
1.275169
1.301620
1.273710
1.192312
0.949179
0.724272
0.453464
0.146521
-0.222915
-0.511504
-0.785524
-0.976783
-1.125668
-1.186152
-1.158179
-1.155424
-1.109682
-1.030194
-0.905667
-0.781185
-0.581239
-0.378994
-0.128854
0.079344
0.301520
0.487190
0.724205
0.885697
1.053776
1.188178
1.271019
1.223482
1.178266
0.976672
0.761329
0.567479
0.280122
0.008353
-0.175387
-0.401692
-0.683293
-0.867286
-1.015029
-1.174668
-1.201441
-1.171737
-1.096207
-1.035048
-0.883558
-0.708325
-0.555704
-0.337000
-0.124818
0.068835
0.218152
0.488565
0.706663
0.939595
1.166166
1.336674
1.337932
1.250542
1.106859
0.889702
0.589842
0.338696
0.085469
-0.230108
-0.535806
-0.760531
-0.988397
-1.177373
-1.265436
-1.262395
-1.227160
-1.070039
-0.839882
-0.605309
-0.377175
-0.119510
0.096566
0.346941
0.589903
0.815254
1.021574
1.182810
1.186194
1.214076
1.168850
1.056452
0.911417
0.781587
0.559167
0.378727
0.166658
-0.049179
-0.315815
-0.495722
-0.711823
-0.870262
-1.065331
-1.153000
-1.199255
-1.183240
-1.138071
-0.958635
-0.724559
-0.534624
-0.306882
0.000246
0.275681
0.493626
0.767166
0.994812
1.120361
1.210611
1.287928
1.238017
1.158332
1.061107
0.918791
0.715925
0.454096
0.178355
-0.173972
-0.500526
-0.794892
-1.019286
-1.138172
-1.158703
-1.176626
-1.168850
-1.098930
-1.058102
-0.973622
-0.848441
-0.621231
-0.407565
-0.172465
0.087063
0.343300
0.528035
0.764825
0.950645
1.039675
1.122120
1.120553
1.054915
0.944221
0.840080
0.653786
0.465419
0.202309
-0.049523
-0.359507
-0.623858
-0.847883
-1.029359
-1.144238
-1.155039
-1.095131
-1.017406
-0.881447
-0.734081
-0.505875
-0.304086
0.016715
0.327170
0.607901
0.828749
1.058589
1.186763
1.280396
1.352721
1.301009
1.106269
0.892675
0.598190
0.245380
-0.057398
-0.324070
-0.625714
-0.858433
-1.026584
-1.181823
-1.252153
-1.234265
-1.132118
-0.964569
-0.752772
-0.490372
-0.249706
-0.010611
0.225310
0.459678
0.692328
0.952120
1.171518
1.320829
1.392799
1.330923
1.115449
0.872677
0.619279
0.279329
-0.047285
-0.339829
-0.609176
-0.878431
-1.035814
-1.176974
-1.258817
-1.320248
-1.303594
-1.190569
-1.017557
-0.775982
-0.484003
-0.203311
0.033746
0.289491
0.512920
0.720101
0.895880
1.022240
1.132657
1.205093
1.225009
1.121501
0.998064
0.790677
0.561753
0.226918
-0.009372
-0.273490
-0.553343
-0.902612
-1.125708
-1.320605
-1.469056
-1.483155
-1.347603
-1.216399
-0.985483
-0.662660
-0.407439
-0.129515
0.117760
0.313013
0.497410
0.743761
0.917590
1.090098
1.219244
1.263311
1.215462
1.108572
0.994435
0.819184
0.522808
0.223416
-0.062408
-0.375710
-0.658837
-0.864093
-1.011754
-1.096091
-1.129043
-1.135045
-1.061153
-0.967730
-0.855452
-0.661007
-0.411259
-0.104969
0.161057
0.451725
0.705581
0.906598
1.063186
1.229454
1.323517
1.334423
1.247558
1.046088
0.756119
0.432051
0.128979
-0.142484
-0.361984
-0.583621
-0.796571
-0.994401
-1.151763
-1.209629
-1.199693
-1.101007
-0.975610
-0.787229
-0.647782
-0.395539
-0.113682
0.147054
0.440449
0.717597
0.973339
1.176922
1.340056
1.383912
1.375614
1.186896
0.965489
0.632339
0.264971
-0.076919
-0.365426
-0.657930
-0.799869
-0.928674
-1.070170
-1.129703
-1.153035
-1.088109
-0.965744
-0.748630
-0.456171
-0.176104
0.082453
0.284514
0.447404
0.603414
0.719420
0.815999
0.929799
1.026455
1.062432
1.089315
1.021416
0.903704
0.722004
0.435540
0.163518
-0.114185
-0.350363
-0.563630
-0.720490
-0.854246
-0.920579
-0.988914
-1.024662
-1.017017
-0.992496
-0.950214
-0.851497
-0.694410
-0.541299
-0.287440
0.007477
0.300661
0.554720
0.798034
0.915513
0.956576
1.040557
1.062598
1.061206
1.070540
1.068143
0.965035
0.822613
0.624729
0.396369
0.087331
-0.232919
-0.516363
-0.754906
-0.955985
-1.072524
-1.117039
-1.110650
-1.069775
-1.032620
-0.919664
-0.808475
-0.652376
-0.486327
-0.259237
-0.003078
0.287789
0.549735
0.791881
0.962041
1.043333
1.059477
1.121814
1.185641
1.247281
1.180405
1.047199
0.729275
0.370872
-0.000323
-0.289179
-0.550729
-0.652000
-0.750482
-0.815378
-0.860760
-0.887778
-0.924041
-0.920531
-0.904631
-0.849222
-0.752222
-0.633565
-0.426556
-0.231429
0.049870
0.339279
0.604674
0.852458
1.069028
1.148154
1.230731
1.267204
1.250756
1.175909
1.004304
0.767220
0.440115
0.009104
-0.353907
-0.616029
-0.844252
-0.998024
-1.055721
-1.111224
-1.147991
-1.115341
-1.053363
-0.938262
-0.757850
-0.523513
-0.333608
-0.102334
0.109210
0.288317
0.466308
0.676675
0.850051
1.018568
1.086595
1.165889
1.116252
1.080568
1.000518
0.869568
0.611496
0.350263
0.069454
-0.306116
-0.569158
-0.770531
-0.918416
-1.027789
-1.068139
-1.062882
-1.060239
-1.030548
-0.969215
-0.870527
-0.690948
-0.458901
-0.218000
0.012790
0.258527
0.424486
0.547980
0.716459
0.871613
0.980294
1.060248
1.102406
1.150578
1.053145
0.998087
0.923926
0.773133
0.524127
0.256448
-0.097468
-0.442402
-0.744924
-0.968655
-1.086146
-1.123262
-1.162281
-1.121825
-1.127733
-1.139732
-1.080468
-0.940481
-0.815135
-0.674020
-0.437646
-0.236872
-0.080541
0.106243
0.331695
0.487835
0.625927
0.763025
0.908000
1.032656
1.196517
1.340472
1.325772
1.278776
1.132454
0.831543
0.446650
0.176523
-0.160005
-0.503578
-0.703538
-0.842949
-0.944130
-0.982292
-0.985344
-1.036551
-1.054513
-1.049804
-1.047748
-0.996136
-0.804656
-0.564361
-0.382976
-0.136787
0.187474
0.409729
0.556492
0.768883
0.976336
1.143104
1.266020
1.379514
1.440638
1.347350
1.155631
0.797805
0.421630
0.031760
-0.316108
-0.641887
-0.803883
-0.929273
-1.057470
-1.152439
-1.189784
-1.225065
-1.249008
-1.166034
-0.984452
-0.826081
-0.594653
-0.330474
-0.059273
0.157373
0.395439
0.608798
0.821706
0.982662
1.119523
1.249202
1.370267
1.428434
1.366192
1.226419
0.995897
0.664898
0.239072
-0.126264
-0.472152
-0.736355
-0.927571
-0.995229
-1.085913
-1.100515
-1.072312
-1.008293
-0.937017
-0.780266
-0.643785
-0.536930
-0.372483
-0.177813
0.038777
0.261551
0.518274
0.705050
0.799246
0.910133
1.030442
1.112602
1.154016
1.218309
1.192961
1.067744
0.811307
0.474989
0.081098
-0.312419
-0.602699
-0.787780
-0.887921
-0.941117
-0.993128
-1.067659
-1.095388
-1.111257
-1.047856
-0.924765
-0.755062
-0.611794
-0.410918
-0.172259
0.082414
0.335932
0.600853
0.825708
1.001097
1.119252
1.230649
1.288022
1.273637
1.214209
1.000755
0.714382
0.384128
0.040539
-0.351969
-0.608284
-0.781679
-0.882929
-0.911116
-0.892658
-0.904278
-0.945184
-0.975234
-0.933664
-0.884180
-0.750445
-0.564243
-0.373526
-0.188479
0.022076
0.233017
0.426169
0.662129
0.845210
1.001325
1.098082
1.133311
1.152385
1.127191
1.070736
0.970884
0.797903
0.550519
0.281232
-0.010161
-0.248476
-0.478732
-0.665206
-0.827395
-0.924128
-1.045203
-1.097281
-1.119159
-1.069760
-0.981897
-0.849495
-0.667723
-0.520397
-0.340231
-0.160770
0.028826
0.258476
0.535446
0.762042
0.961092
1.122867
1.222802
1.254178
1.249429
1.211423
1.090787
0.917102
0.670402
0.366491
-0.002716
-0.306641
-0.651811
-0.957596
-1.106877
-1.234730
-1.271927
-1.218157
-1.072955
-0.946445
-0.716465
-0.522731
-0.330566
-0.137301
0.051184
0.237589
0.434625
0.634774
0.876218
1.070176
1.203050
1.302024
1.318700
1.207380
0.981087
0.759294
0.482621
0.149591
-0.198234
-0.478477
-0.790207
-1.074045
-1.208324
-1.272045
-1.312363
-1.280484
-1.185054
-1.110153
-0.945239
-0.758959
-0.490854
-0.241646
0.072371
0.296479
0.511920
0.701665
0.812644
0.933132
1.013876
1.110195
1.120706
1.150923
1.050281
0.867167
0.678555
0.476284
0.195626
-0.033577
-0.234772
-0.457545
-0.726191
-0.885350
-1.083256
-1.271280
-1.376605
-1.389007
-1.327384
-1.204433
-0.962744
-0.700133
-0.435642
-0.163407
0.085123
0.307384
0.515551
0.736880
0.906751
1.069023
1.265842
1.389132
1.403607
1.346375
1.239491
1.025017
0.762254
0.547444
0.289802
0.020540
-0.233292
-0.547109
-0.833037
-1.037694
-1.201058
-1.319244
-1.325516
-1.269247
-1.177099
-1.047043
-0.822630
-0.553213
-0.341624
-0.090513
0.208709
0.441085
0.642769
0.869805
1.009002
1.110063
1.206077
1.277029
1.280257
1.211003
1.076391
0.819224
0.484750
0.175073
-0.128702
-0.434439
-0.690295
-0.871483
-1.064344
-1.186866
-1.242310
-1.249882
-1.164767
-1.047561
-0.841044
-0.634299
-0.422580
-0.232910
-0.026971
0.139998
0.366505
0.610478
0.787618
0.965462
1.118801
1.195835
1.218544
1.245391
1.205391
1.101191
0.911681
0.734128
0.418945
0.110859
-0.196496
-0.561246
-0.851744
-0.990371
-1.129201
-1.218448
-1.180316
-1.159098
-1.097296
-0.984073
-0.826153
-0.657835
-0.507122
-0.342500
-0.197541
-0.045104
0.171836
0.370772
0.543010
0.756587
0.965028
1.138794
1.248399
1.297740
1.310664
1.279109
1.186598
1.043693
0.805573
0.539922
0.191113
-0.157113
-0.448857
-0.659240
-0.836796
-0.937149
-1.048187
-1.088364
-1.070620
-1.034318
-0.978007
-0.872007
-0.755591
-0.606281
-0.434536
-0.291007
-0.080769
0.124855
0.351973
0.561048
0.804578
0.987440
1.180572
1.326493
1.378673
1.395451
1.300743
1.074134
0.717837
0.386432
-0.031199
-0.420129
-0.724917
-0.918341
-1.081250
-1.143888
-1.096301
-1.043756
-1.026671
-0.939060
-0.811389
-0.730262
-0.620450
-0.486632
-0.432226
-0.341652
-0.196886
-0.032184
0.156521
0.415386
0.607143
0.832711
0.995528
1.146604
1.226739
1.313921
1.334461
1.263987
1.096849
0.918302
0.646485
0.278978
-0.042402
-0.311602
-0.678778
-0.963098
-1.126304
-1.225182
-1.264419
-1.178404
-1.102361
-1.054941
-0.964489
-0.866799
-0.717685
-0.532935
-0.379527
-0.272324
-0.063621
0.167923
0.430185
0.737156
1.057764
1.226549
1.332885
1.327385
1.302713
1.254036
1.131323
0.959234
0.798981
0.551057
0.306127
0.056152
-0.231680
-0.492762
-0.706909
-0.922951
-1.092176
-1.179896
-1.218925
-1.219873
-1.168456
-1.044956
-0.905883
-0.763882
-0.513937
-0.304196
-0.094702
0.193503
0.467090
0.698785
0.922819
1.123731
1.228938
1.211649
1.053657
0.865192
0.635042
0.411801
0.202379
0.002549
-0.244459
-0.483486
-0.751680
-0.971825
-1.121622
-1.156086
-1.124034
-1.046072
-0.869012
-0.695786
-0.533444
-0.368107
-0.214512
-0.072334
0.217723
0.492346
0.797476
1.104039
1.362304
1.399780
1.445218
1.384180
1.244840
0.991977
0.758172
0.474873
0.106512
-0.217877
-0.455689
-0.664363
-0.860556
-0.937087
-0.969947
-1.000447
-1.049688
-1.027875
-0.958358
-0.881880
-0.789400
-0.665544
-0.497340
-0.332443
-0.116569
0.094888
0.407023
0.629518
0.812955
0.971984
1.111787
1.185338
1.226695
1.255094
1.155826
1.050522
0.896990
0.630785
0.314508
0.044894
-0.254057
-0.559164
-0.724720
-0.829510
-0.953155
-1.032951
-1.079134
-1.077661
-1.081165
-1.040019
-0.955225
-0.847140
-0.756798
-0.601921
-0.445408
-0.223257
0.016297
0.270628
0.489989
0.690726
0.896693
1.045713
1.181954
1.302604
1.413336
1.378304
1.262170
1.074509
0.775061
0.468552
0.139193
-0.152378
-0.409678
-0.620839
-0.830597
-0.992789
-1.106482
-1.177777
-1.172391
-1.157810
-1.089860
-1.020084
-0.881141
-0.741309
-0.488023
-0.260574
0.033562
0.271623
0.564699
0.802315
1.075078
1.233354
1.349133
1.381612
1.310015
1.113658
0.922181
0.718201
0.448102
0.205457
-0.010008
-0.245580
-0.494624
-0.695325
-0.923271
-1.074559
-1.175332
-1.258599
-1.281561
-1.221322
-1.109879
-0.949633
-0.776325
-0.583149
-0.297387
-0.067614
0.145219
0.367946
0.567186
0.721811
0.866354
1.026070
1.145633
1.221898
1.216571
1.162516
1.022669
0.882902
0.633886
0.361903
0.081235
-0.213462
-0.509107
-0.733634
-0.912858
-1.038914
-1.168693
-1.193545
-1.153065
-1.147596
-1.076308
-0.908872
-0.755750
-0.531185
-0.225498
0.019808
0.322346
0.565838
0.795566
0.971152
1.087139
1.178588
1.213456
1.127996
0.975287
0.834779
0.647028
0.402873
0.147845
-0.061178
-0.354579
-0.660029
-0.901430
-1.081352
-1.284926
-1.331729
-1.326712
-1.205183
-1.010366
-0.759269
-0.445894
-0.182865
0.083815
0.360582
0.606970
0.766184
1.036259
1.231935
1.279679
1.329475
1.278341
1.074398
0.783761
0.563497
0.307626
0.101157
-0.149977
-0.326746
-0.584597
-0.847697
-1.040575
-1.170254
-1.261599
-1.258417
-1.119296
-1.011563
-0.905774
-0.700986
-0.400024
-0.150594
0.188107
0.577424
0.854716
1.061012
1.211851
1.308932
1.300731
1.304856
1.183357
1.010683
0.692346
0.388405
-0.024604
-0.390434
-0.685439
-0.862638
-0.983878
-1.095976
-1.069578
-1.040806
-1.024844
-1.012378
-0.807812
-0.671639
-0.492762
-0.310536
-0.090166
-0.000920
0.087469
0.213770
0.425994
0.617127
0.880367
1.131310
1.311830
1.392662
1.344016
1.229774
0.997029
0.695712
0.357659
0.072084
-0.249958
-0.492719
-0.744672
-1.005550
-1.178586
-1.258146
-1.312061
-1.292171
-1.168522
-0.982465
-0.762713
-0.533730
-0.274481
-0.043229
0.140811
0.399455
0.656609
0.917923
1.196235
1.462419
1.549173
1.548199
1.445981
1.191498
0.913859
0.656260
0.316300
-0.068256
-0.375660
-0.674746
-0.980469
-1.154185
-1.173968
-1.140960
-1.087814
-0.991457
-0.858911
-0.773865
-0.696636
-0.605396
-0.505548
-0.387562
-0.222424
-0.037355
0.217283
0.457703
0.708535
0.941357
1.166308
1.267150
1.385331
1.399631
1.281338
1.053454
0.790798
0.447163
0.088914
-0.287228
-0.587817
-0.798156
-0.949341
-1.042185
-1.038010
-0.988894
-0.929924
-0.937571
-0.849027
-0.779664
-0.673618
-0.598354
-0.405633
-0.256999
-0.035256
0.122824
0.355592
0.567849
0.724857
0.860078
1.053017
1.156443
1.202334
1.226482
1.189005
0.974314
0.765676
0.556350
0.239556
-0.103020
-0.348275
-0.620263
-0.916829
-1.063353
-1.110158
-1.140891
-1.141728
-1.068231
-0.961885
-0.870217
-0.715403
-0.540086
-0.326728
-0.049382
0.212366
0.446594
0.687422
0.912307
1.061808
1.187207
1.296543
1.383442
1.373136
1.265432
1.075670
0.796247
0.375417
-0.005564
-0.332489
-0.635811
-0.909042
-1.046588
-1.178340
-1.290111
-1.317240
-1.238638
-1.123569
-0.991524
-0.822602
-0.650471
-0.426897
-0.231963
0.005382
0.253171
0.535952
0.723758
0.948747
1.114217
1.200767
1.269115
1.250661
1.165560
1.020986
0.810641
0.530830
0.241061
-0.054608
-0.275929
-0.469541
-0.657745
-0.834077
-0.967157
-1.120694
-1.197454
-1.225226
-1.174238
-1.075425
-0.961766
-0.799022
-0.631775
-0.429829
-0.247060
-0.019067
0.201671
0.468718
0.697215
0.895007
1.005720
1.112057
1.173326
1.245658
1.317856
1.291317
1.166675
0.924212
0.579159
0.146712
-0.178800
-0.474347
-0.688893
-0.812599
-0.897426
-0.957203
-0.995573
-1.020476
-1.014745
-0.957483
-0.868291
-0.732319
-0.594773
-0.390311
-0.138627
0.125901
0.312420
0.598346
0.776883
0.898806
1.032311
1.188616
1.230472
1.223109
1.210667
1.107311
0.900747
0.624763
0.339127
0.019800
-0.279188
-0.529177
-0.714211
-0.814592
-0.884904
-1.018342
-1.093287
-1.090563
-1.118729
-1.106417
-0.969989
-0.751944
-0.563228
-0.316012
-0.069977
0.152373
0.293680
0.486249
0.636521
0.761222
0.853016
0.963911
1.013867
1.038553
1.093834
1.117776
1.065262
0.877553
0.708483
0.391994
0.087622
-0.202985
-0.403280
-0.658362
-0.816377
-0.941253
-1.015126
-1.054889
-1.069510
-1.121770
-1.094043
-0.988376
-0.873041
-0.659842
-0.385671
-0.137867
0.097096
0.344233
0.546581
0.755541
0.915626
1.044302
1.139338
1.193150
1.200141
1.157293
1.006519
0.791439
0.518948
0.223539
-0.027177
-0.286918
-0.456608
-0.616898
-0.704309
-0.842738
-0.907820
-0.959656
-0.950624
-1.001701
-1.008177
-0.946072
-0.907366
-0.794717
-0.575675
-0.311871
0.011254
0.309095
0.557212
0.801800
1.005467
1.098190
1.193713
1.267939
1.261595
1.180039
1.043707
0.857682
0.575450
0.233263
-0.050794
-0.331408
-0.596765
-0.751479
-0.912901
-1.107652
-1.250417
-1.311070
-1.316307
-1.220438
-1.027160
-0.764647
-0.510436
-0.250311
0.027770
0.402724
0.717605
1.052284
1.368139
1.625846
1.632848
1.541376
1.341878
0.970975
0.600551
0.270024
-0.050722
-0.356328
-0.587921
-0.855599
-1.065691
-1.237235
-1.402553
-1.411095
-1.238002
-1.023684
-0.761890
-0.392112
-0.140073
0.061539
0.307831
0.637273
0.931240
1.247646
1.466513
1.536290
1.420237
1.227393
0.996037
0.668158
0.325979
0.016265
-0.249079
-0.507208
-0.676714
-0.870086
-1.014908
-1.093503
-1.117526
-1.130550
-1.034345
-0.937076
-0.818827
-0.714969
-0.544004
-0.287190
-0.020408
0.265160
0.557519
0.893995
1.112420
1.384079
1.511131
1.566466
1.365200
1.146464
0.744967
0.353968
-0.032124
-0.366504
-0.642388
-0.824084
-0.975810
-1.091778
-1.115262
-1.132385
-1.066140
-0.979113
-0.814334
-0.628400
-0.413253
-0.220829
-0.008676
0.105621
0.309770
0.498121
0.661307
0.811041
1.036277
1.194047
1.272164
1.246815
1.219827
1.083797
0.836002
0.574985
0.333259
-0.009011
-0.324820
-0.562967
-0.756787
-0.927442
-1.120134
-1.183053
-1.247092
-1.300234
-1.267104
-1.064836
-0.916144
-0.752477
-0.599852
-0.386081
-0.155435
0.099756
0.360331
0.659660
0.878706
1.038600
1.141470
1.190265
1.231190
1.172085
1.106833
0.977686
0.724408
0.373827
0.038415
-0.295166
-0.601726
-0.758877
-0.858047
-0.901965
-0.963266
-1.013577
-1.065948
-1.047257
-0.992612
-0.872882
-0.695716
-0.419736
-0.174703
0.068770
0.288943
0.536303
0.710843
0.942753
1.133579
1.298480
1.357601
1.387558
1.306395
1.150649
0.947874
0.655667
0.275789
-0.157249
-0.529013
-0.864690
-1.107040
-1.249670
-1.256969
-1.241966
-1.180561
-1.038816
-0.876955
-0.740859
-0.556143
-0.393313
-0.220534
-0.041970
0.114986
0.289131
0.457520
0.618770
0.786365
0.990877
1.139888
1.262409
1.286446
1.256944
1.172368
0.952672
0.693562
0.446833
0.117266
-0.234848
-0.518155
-0.787072
-1.003617
-1.126937
-1.173383
-1.136500
-1.101262
-1.042760
-0.972559
-0.873175
-0.721481
-0.503455
-0.290273
-0.037819
0.176036
0.344086
0.464176
0.571741
0.676536
0.789052
0.891329
0.954234
1.043899
1.109842
1.080182
1.019351
1.019498
0.913015
0.708364
0.427325
0.104892
-0.316705
-0.691181
-0.946787
-1.108346
-1.177597
-1.197301
-1.162867
-1.150631
-1.097185
-1.010875
-0.869735
-0.695192
-0.489717
-0.294605
-0.105538
0.110625
0.325537
0.532573
0.798706
0.985595
1.135411
1.220524
1.260057
1.229353
1.146146
1.048171
0.830310
0.575496
0.258893
-0.070785
-0.441201
-0.695218
-0.919223
-1.055985
-1.078024
-1.073692
-1.066281
-1.035852
-0.989612
-0.943846
-0.816097
-0.676654
-0.483714
-0.303010
-0.103396
0.104690
0.344602
0.540152
0.745655
0.906276
1.030467
1.100733
1.136135
1.126662
1.059032
1.006421
0.875325
0.717654
0.506649
0.244746
-0.125277
-0.409408
-0.689184
-0.923585
-1.039204
-1.072552
-1.162829
-1.199208
-1.187721
-1.146875
-1.083341
-0.915498
-0.665590
-0.425227
-0.173817
0.098457
0.317673
0.444799
0.654415
0.814473
0.934871
1.026536
1.094212
1.051642
0.993740
0.904493
0.790152
0.637105
0.447357
0.194747
-0.142118
-0.433535
-0.744988
-0.974941
-1.145312
-1.211749
-1.262136
-1.212289
-1.135200
-1.011867
-0.872073
-0.716227
-0.472836
-0.235223
-0.025357
0.268844
0.566165
0.780435
1.014177
1.235388
1.305425
1.329195
1.320289
1.182359
0.989697
0.830447
0.505752
0.133238
-0.266943
-0.626008
-1.031361
-1.237707
-1.365382
-1.376970
-1.322140
-1.189489
-1.030267
-0.891427
-0.743991
-0.547283
-0.340296
-0.140904
0.092023
0.283345
0.414328
0.572490
0.640488
0.733787
0.834675
0.916273
0.989827
1.124664
1.234362
1.272317
1.224934
1.105616
0.890439
0.521728
0.219326
-0.064690
-0.348190
-0.556296
-0.723934
-0.901674
-1.012265
-1.136072
-1.207855
-1.203913
-1.194793
-1.176909
-1.128596
-0.967544
-0.752908
-0.513987
-0.218367
0.068353
0.168415
0.305300
0.577383
0.742221
0.990970
1.231252
1.372986
1.318336
1.256415
1.126915
1.008592
0.886238
0.782558
0.623548
0.345745
0.096148
-0.178624
-0.508859
-0.738696
-0.778989
-0.916424
-0.993160
-1.001245
-1.049221
-1.099728
-1.017715
-0.885060
-0.674968
-0.391957
-0.059177
0.232867
0.551808
0.828403
1.096946
1.295875
1.416148
1.503924
1.496048
1.338126
1.153648
1.011818
0.695090
0.359333
0.065509
-0.231458
-0.496394
-0.650891
-0.783546
-0.791845
-0.910599
-0.951075
-0.992141
-0.968882
-0.996384
-0.938328
-0.943486
-0.894463
-0.805272
-0.616598
-0.398131
-0.123636
0.145828
0.433150
0.628718
0.781764
0.966322
1.101540
1.227794
1.290901
1.351881
1.203386
0.986622
0.576715
0.195796
-0.252722
-0.600791
-0.834076
-0.913787
-0.965725
-0.978147
-0.957428
-1.006039
-1.020380
-1.011106
-0.914639
-0.828431
-0.682987
-0.567946
-0.448413
-0.325126
-0.126482
0.121953
0.439159
0.723079
0.989180
1.202383
1.310378
1.383767
1.447467
1.471143
1.440982
1.348604
1.097791
0.715999
0.262548
-0.192165
-0.599411
-0.895884
-1.079670
-1.206365
-1.296288
-1.328896
-1.368815
-1.373088
-1.277513
-1.158893
-0.980008
-0.750379
-0.478452
-0.248237
0.031675
0.248833
0.452121
0.604968
0.766941
0.846288
0.899978
0.972287
1.069880
1.113068
1.069598
1.010494
0.932223
0.754758
0.525040
0.375536
0.152451
-0.169224
-0.489920
-0.794964
-1.045300
-1.197196
-1.282707
-1.199097
-1.037881
-0.856281
-0.646551
-0.373821
-0.201837
0.106088
0.338928
0.673037
0.940748
1.199923
1.205057
1.319472
1.308677
1.267838
1.137605
1.091333
0.877033
0.516885
0.149915
-0.123281
-0.439391
-0.698341
-0.808613
-0.986439
-1.095785
-1.096044
-1.167199
-1.287669
-1.161823
-1.055193
-0.953778
-0.730112
-0.391990
-0.172807
0.075318
0.301013
0.516427
0.686398
0.836555
0.913521
0.971477
1.026842
1.120004
1.155121
1.174230
1.186302
1.060597
0.816621
0.552037
0.280396
-0.098662
-0.362592
-0.563363
-0.717317
-0.844194
-0.928062
-1.035265
-1.135018
-1.153328
-1.120626
-1.058798
-0.923015
-0.746927
-0.571048
-0.425707
-0.191967
0.016706
0.243826
0.525067
0.804322
1.071881
1.276088
1.358406
1.326189
1.264262
1.094904
0.957708
0.745762
0.477593
0.098069
-0.215917
-0.545320
-0.844740
-1.034449
-1.149468
-1.257522
-1.315220
-1.291490
-1.226818
-1.064833
-0.835632
-0.566903
-0.262870
0.013457
0.251447
0.468287
0.675527
0.938760
1.125584
1.359866
1.545478
1.552172
1.460496
1.293585
1.009438
0.667629
0.273392
-0.166237
-0.557050
-0.799877
-1.003079
-1.043309
-1.072615
-1.122520
-1.228639
-1.298781
-1.304221
-1.253271
-1.072198
-0.837782
-0.588871
-0.348035
-0.089864
0.140354
0.277950
0.406389
0.501160
0.566466
0.620150
0.687475
0.723446
0.778766
0.864632
1.083323
1.266620
1.467236
1.579370
1.479488
1.132486
0.605194
0.032464
-0.460887
-0.909874
-1.223799
-1.352620
-1.421179
-1.490252
-1.432976
-1.327770
-1.209857
-1.104022
-0.982355
-0.805150
-0.674428
-0.444243
-0.214916
-0.019247
0.142809
0.323573
0.437253
0.623377
0.818319
1.011756
1.147784
1.281311
1.332534
1.335347
1.275559
1.097191
0.866547
0.540327
0.218849
-0.101636
-0.357492
-0.637841
-0.848072
-1.034605
-1.167165
-1.259589
-1.221943
-1.114061
-0.967684
-0.791274
-0.573887
-0.364824
-0.165459
0.005767
0.221734
0.440958
0.642799
0.827035
1.034805
1.178132
1.330281
1.389065
1.383636
1.282736
1.040336
0.644351
0.186578
-0.204128
-0.544949
-0.823604
-0.968064
-1.055867
-1.151859
-1.241231
-1.249809
-1.202460
-1.067362
-0.885924
-0.687285
-0.438940
-0.208433
0.022405
0.207898
0.431339
0.616875
0.822995
1.008970
1.167047
1.287363
1.312430
1.208037
1.046560
0.874559
0.596422
0.290117
-0.042117
-0.318886
-0.694926
-0.985768
-1.126085
-1.176148
-1.188413
-1.113983
-1.039526
-0.999297
-0.903600
-0.820867
-0.684866
-0.489091
-0.301003
-0.163258
-0.008793
0.087753
0.138923
0.244912
0.440999
0.578019
0.772550
0.963797
1.075046
1.098634
1.141393
1.129030
1.073157
0.887911
0.640023
0.241238
-0.223887
-0.639564
-0.921758
-1.149580
-1.196200
-1.171564
-1.132408
-1.097486
-0.989386
-0.830126
-0.652169
-0.451821
-0.171481
0.055825
0.202691
0.406703
0.556320
0.669776
0.802741
0.946834
1.048457
1.150734
1.164757
1.169644
1.131721
1.074044
0.973683
0.830347
0.574627
0.260472
-0.125446
-0.451959
-0.666281
-0.781034
-0.899867
-0.958157
-1.026131
-1.084582
-1.168204
-1.119758
-1.028937
-0.900899
-0.737994
-0.555709
-0.387531
-0.157630
0.072261
0.279184
0.538010
0.779404
0.909117
1.065941
1.183685
1.232459
1.209680
1.178922
1.062529
0.846340
0.516283
0.124872
-0.260732
-0.650360
-0.955199
-1.123371
-1.169962
-1.178082
-1.125710
-1.055818
-0.956783
-0.844873
-0.727897
-0.590511
-0.388456
-0.209975
0.023945
0.229887
0.401145
0.563705
0.704305
0.761954
0.861217
0.936112
0.975240
0.992447
1.023657
1.034369
1.025306
0.936361
0.743828
0.472296
0.052144
-0.355155
-0.676924
-0.917548
-1.072992
-1.103857
-1.070952
-1.080401
-0.988357
-0.901900
-0.800661
-0.661547
-0.494364
-0.371876
-0.171872
0.048928
0.227066
0.445279
0.682895
0.841122
0.985509
1.102014
1.156745
1.157872
1.066843
0.979185
0.893074
0.719022
0.476894
0.188715
-0.186732
-0.577215
-0.868160
-1.102129
-1.198316
-1.191374
-1.178693
-1.150564
-1.042982
-0.920541
-0.777983
-0.635908
-0.413011
-0.229876
-0.027827
0.173438
0.421937
0.624029
0.847995
1.052116
1.197888
1.281185
1.301689
1.244889
1.074537
0.913538
0.602012
0.264895
-0.089545
-0.430125
-0.766099
-0.978899
-1.084755
-1.174310
-1.113608
-1.078187
-1.006903
-0.975047
-0.876162
-0.810888
-0.649984
-0.411563
-0.182267
0.030990
0.280789
0.478102
0.624452
0.775247
0.912956
0.989288
1.057950
1.114041
1.099515
1.073501
0.903299
0.716934
0.463212
0.141636
-0.174229
-0.423147
-0.691065
-0.935539
-1.059453
-1.137506
-1.164362
-1.153097
-1.101928
-1.041762
-0.902915
-0.731892
-0.524486
-0.277160
0.067666
0.300169
0.520252
0.766100
0.970638
1.152001
1.326664
1.486148
1.553553
1.518132
1.389922
1.088007
0.647358
0.234114
-0.174763
-0.620550
-0.892944
-0.995166
-1.105196
-1.114483
-1.028610
-0.948554
-0.907485
-0.856720
-0.750707
-0.699723
-0.642781
-0.563073
-0.444764
-0.327028
-0.216286
-0.104179
0.069012
0.216745
0.327538
0.474518
0.667659
0.796590
0.904439
1.050051
1.216285
1.299018
1.301947
1.281955
1.093303
0.847308
0.580623
0.198140
-0.163287
-0.411876
-0.749138
-1.020484
-1.070716
-1.131556
-1.278974
-1.318188
-1.270834
-1.198986
-1.108056
-0.865371
-0.585732
-0.385117
-0.162254
0.081252
0.318230
0.519141
0.739482
0.916538
1.045907
1.109082
1.164512
1.166868
1.115658
1.061752
0.965626
0.737924
0.471077
0.200527
-0.100937
-0.363407
-0.530412
-0.691893
-0.861971
-1.001248
-1.094379
-1.136453
-1.160249
-1.110581
-0.975456
-0.791053
-0.562058
-0.298085
-0.019779
0.230221
0.390092
0.520464
0.696488
0.832270
0.915855
1.033690
1.133156
1.166231
1.123588
1.066441
0.920092
0.690261
0.452230
0.172261
-0.159923
-0.444381
-0.704756
-0.920234
-1.038683
-1.069045
-1.128335
-1.125665
-1.096311
-1.063704
-0.953254
-0.864685
-0.707187
-0.567072
-0.376365
-0.197155
0.093296
0.343979
0.621167
0.855470
1.013391
1.091061
1.156713
1.183411
1.151079
1.125806
1.058851
0.931373
0.691549
0.441168
0.081006
-0.248860
-0.537510
-0.734225
-0.859848
-0.900551
-0.873526
-0.843038
-0.816009
-0.817684
-0.826087
-0.799638
-0.773759
-0.715510
-0.509317
-0.189949
0.160858
0.444862
0.803800
1.033670
1.173216
1.228391
1.334861
1.326073
1.278554
1.229439
1.101951
0.875267
0.603773
0.217600
-0.162050
-0.500871
-0.745518
-0.944196
-0.933376
-0.970279
-1.020984
-1.066026
-1.072946
-1.024761
-0.897975
-0.751076
-0.542591
-0.314922
-0.170704
0.002186
0.241247
0.476397
0.758266
1.002252
1.155834
1.312418
1.404329
1.394887
1.275088
1.172699
0.951850
0.651056
0.214580
-0.114948
-0.451743
-0.738519
-0.939281
-1.023609
-1.032424
-1.100521
-1.147954
-1.168907
-1.108939
-1.082978
-0.903166
-0.647979
-0.387367
-0.156322
0.074873
0.258800
0.430357
0.569879
0.731343
0.866092
0.981703
1.036949
1.112397
1.165014
1.167517
1.150824
1.001873
0.789349
0.533541
0.205620
-0.176470
-0.422226
-0.668244
-0.889613
-1.008920
-1.003345
-1.093355
-1.151958
-1.147871
-1.101214
-1.063539
-0.902218
-0.622842
-0.412093
-0.215164
-0.002215
0.150303
0.238831
0.341599
0.406954
0.509645
0.644538
0.770598
0.912825
1.127485
1.252566
1.374419
1.327296
1.223596
0.986530
0.750099
0.506678
0.257159
-0.041270
-0.297059
-0.727830
-1.094375
-1.313765
-1.464503
-1.562038
-1.454801
-1.353177
-1.172194
-0.972723
-0.780071
-0.584910
-0.372753
-0.219806
0.022513
0.260754
0.575307
0.812991
1.107988
1.335598
1.495438
1.512082
1.422295
1.172026
0.793586
0.443897
0.118343
-0.139824
-0.460792
-0.719218
-0.883179
-1.090474
-1.226546
-1.237580
-1.194613
-1.198343
-1.122663
-0.996701
-0.796659
-0.603339
-0.360088
-0.120890
0.049949
0.194198
0.437235
0.616746
0.803866
0.954643
1.131994
1.151574
1.111738
1.016703
0.892022
0.643789
0.395440
0.169810
-0.115678
-0.386345
-0.610749
-0.812196
-0.991867
-1.048289
-1.143421
-1.202910
-1.194803
-1.125972
-1.070108
-0.845346
-0.584057
-0.347233
-0.060992
0.230404
0.441661
0.645983
0.882171
1.055543
1.189134
1.358065
1.456756
1.537627
1.411282
1.273790
1.019665
0.660419
0.258418
-0.098910
-0.422030
-0.658008
-0.868354
-1.022454
-1.062350
-1.057039
-1.107656
-1.065303
-1.020226
-0.930919
-0.889247
-0.745822
-0.590777
-0.476881
-0.311107
-0.071087
0.174568
0.426606
0.698641
0.866682
0.994044
0.972792
1.021491
1.107638
1.158712
1.131182
1.064437
0.839277
0.410452
0.038986
-0.369207
-0.684731
-0.913540
-0.971886
-1.057313
-1.144195
-1.129751
-1.126037
-1.096663
-0.976383
-0.728727
-0.509510
-0.268965
-0.063616
0.169553
0.387667
0.567316
0.721282
0.926898
1.057020
1.115940
1.161666
1.193132
1.139571
1.047400
0.980744
0.811766
0.594951
0.301931
0.022673
-0.328288
-0.585207
-0.789740
-0.905166
-1.039869
-1.107758
-1.157493
-1.158675
-1.121915
-1.002421
-0.843009
-0.696958
-0.496692
-0.324088
-0.204920
-0.060246
0.110363
0.266287
0.460207
0.681278
0.869341
0.974831
1.038675
1.032831
0.993916
0.915349
0.822423
0.666264
0.393726
0.107764
-0.222441
-0.502673
-0.790852
-0.969641
-1.065648
-1.146129
-1.151991
-1.112319
-1.021672
-0.905110
-0.690571
-0.448576
-0.226879
0.015197
0.294612
0.558491
0.736298
0.996598
1.238731
1.351261
1.415566
1.504680
1.481691
1.393732
1.134137
0.841519
0.475711
0.085661
-0.303457
-0.577528
-0.824731
-1.019014
-1.146578
-1.216816
-1.183075
-1.113081
-1.048677
-0.972863
-0.846566
-0.729120
-0.575295
-0.409781
-0.159618
0.038554
0.267260
0.467430
0.688693
0.877455
1.072141
1.207298
1.322929
1.348543
1.307549
1.208751
1.055397
0.875437
0.662574
0.406865
0.078862
-0.326063
-0.768186
-1.110838
-1.319732
-1.388513
-1.285823
-1.180174
-1.039529
-0.955328
-0.849970
-0.764901
-0.602626
-0.397734
-0.209238
-0.072508
0.135123
0.340344
0.530032
0.726187
0.976661
1.150955
1.288384
1.305679
1.296913
1.182113
0.896066
0.583738
0.285182
-0.067557
-0.397868
-0.649368
-0.859131
-1.026659
-1.152969
-1.186789
-1.147326
-1.149457
-1.095248
-0.997264
-0.899551
-0.784463
-0.559165
-0.356016
-0.093450
0.110425
0.312595
0.502748
0.689127
0.826418
0.978395
1.134476
1.168244
1.188135
1.125698
1.016565
0.826060
0.671194
0.388365
0.102320
-0.253815
-0.469143
-0.760217
-0.978313
-1.113778
-1.222593
-1.348360
-1.391014
-1.287951
-1.219342
-0.958812
-0.685894
-0.389771
-0.146656
0.133371
0.299004
0.445210
0.626734
0.768688
0.882845
0.995252
1.065193
1.129314
1.149641
1.160493
1.094706
1.021422
0.934480
0.856676
0.657582
0.434996
0.074154
-0.368335
-0.766819
-1.066876
-1.251328
-1.276459
-1.244570
-1.237708
-1.183840
-1.130040
-1.069828
-0.923819
-0.782610
-0.595340
-0.417087
-0.208451
-0.048536
0.131571
0.299321
0.467332
0.592113
0.658325
0.782365
0.831805
0.935777
0.966685
1.005151
0.967251
0.945880
0.755719
0.598297
0.397206
0.177350
-0.165160
-0.452155
-0.824591
-1.095029
-1.327365
-1.419510
-1.400130
-1.249238
-1.134960
-0.926762
-0.656758
-0.424203
-0.158869
0.235362
0.558919
0.799738
1.089358
1.329100
1.383936
1.406397
1.347526
1.192729
0.957847
0.777660
0.483672
0.169945
-0.119738
-0.446229
-0.759680
-0.961042
-1.099714
-1.201958
-1.127262
-1.101101
-1.067164
-0.974903
-0.885783
-0.752303
-0.565484
-0.327532
-0.049145
0.206395
0.373084
0.554980
0.727130
0.872516
1.021347
1.147114
1.199841
1.217609
1.160705
1.020964
0.844826
0.703919
0.387906
0.100515
-0.203282
-0.493663
-0.870801
-1.093677
-1.286854
-1.340245
-1.379867
-1.267381
-1.130568
-0.980192
-0.835992
-0.628906
-0.441403
-0.205251
0.056193
0.276429
0.497165
0.661556
0.761270
0.820398
0.918091
0.982926
1.083107
1.110606
1.123884
1.099661
1.015475
0.887559
0.712047
0.444166
0.070836
-0.278069
-0.696056
-0.980284
-1.209481
-1.266799
-1.339989
-1.274920
-1.195584
-1.055433
-0.960118
-0.758447
-0.568978
-0.333866
-0.066852
0.182464
0.365895
0.515926
0.648029
0.723133
0.844744
0.980154
1.114343
1.134612
1.141788
1.111979
1.001216
0.891884
0.759867
0.516637
0.133806
-0.315282
-0.777248
-1.170192
-1.418836
-1.533265
-1.476655
-1.400530
-1.267399
-1.097406
-0.875998
-0.673393
-0.434913
-0.222935
0.004827
0.173117
0.366601
0.536996
0.695780
0.836259
0.982219
1.067654
1.153022
1.188134
1.111684
1.036171
0.943442
0.830522
0.674154
0.460949
0.102911
-0.282559
-0.693789
-1.018575
-1.258056
-1.380853
-1.399007
-1.349811
-1.285806
-1.178891
-1.004866
-0.853594
-0.677787
-0.465870
-0.177624
0.061684
0.356355
0.541014
0.722892
0.829335
0.950582
1.005287
1.086173
1.075234
1.069668
1.004088
0.906802
0.800559
0.679621
0.464093
0.179253
-0.152086
-0.490213
-0.753883
-0.926247
-0.987416
-1.009145
-1.057965
-1.046995
-1.035259
-0.988347
-0.894304
-0.720239
-0.540095
-0.345860
-0.194036
-0.010767
0.216128
0.349912
0.507547
0.741886
0.972484
1.105170
1.234671
1.300676
1.283187
1.172854
1.082541
0.978883
0.804006
0.550536
0.183745
-0.189319
-0.555659
-0.858209
-1.110665
-1.205615
-1.240933
-1.243656
-1.224916
-1.089160
-0.974156
-0.830726
-0.727129
-0.509169
-0.345959
-0.130276
0.055572
0.260126
0.373975
0.524677
0.636112
0.754089
0.845505
0.943365
1.011471
1.067422
1.063786
1.047519
0.937938
0.648909
0.332814
-0.130548
-0.550469
-0.887158
-1.079933
-1.181431
-1.189923
-1.170612
-1.174147
-1.162938
-1.158609
-0.993002
-0.801780
-0.519235
-0.243752
-0.023555
0.136488
0.273486
0.358922
0.492805
0.671105
0.755430
0.814501
0.910120
0.985576
1.051241
1.171763
1.242927
1.184601
0.967744
0.689000
0.360862
0.084197
-0.290095
-0.524965
-0.690052
-0.859383
-1.079198
-1.142648
-1.194976
-1.239671
-1.155752
-0.946173
-0.680744
-0.404307
-0.144738
0.103775
0.295740
0.530538
0.733047
0.948345
1.137008
1.266817
1.236071
1.169486
1.004568
0.772241
0.501106
0.284910
0.097925
-0.121313
-0.397714
-0.629274
-0.801669
-0.962128
-1.030683
-1.074736
-1.063959
-1.086435
-1.043173
-0.955975
-0.725470
-0.493485
-0.223484
0.001438
0.275570
0.485169
0.754986
0.975974
1.156655
1.293725
1.387564
1.354078
1.301588
1.205958
0.962057
0.726414
0.485202
0.166633
-0.175457
-0.475708
-0.795858
-1.054531
-1.219539
-1.334236
-1.345470
-1.305290
-1.189738
-1.072165
-0.896091
-0.694363
-0.475874
-0.331056
-0.124681
0.064080
0.246240
0.495720
0.743288
0.966341
1.155728
1.310978
1.376216
1.371248
1.309757
1.161831
0.950529
0.719441
0.447772
0.074670
-0.293485
-0.563181
-0.917814
-1.187850
-1.273212
-1.234681
-1.209999
-1.130259
-1.004444
-0.948424
-0.838671
-0.742125
-0.539680
-0.352764
-0.095622
0.114202
0.288056
0.459795
0.647375
0.771918
0.905664
1.083263
1.165276
1.246601
1.285821
1.165116
0.893185
0.643170
0.270340
-0.144339
-0.429559
-0.638881
-0.829798
-0.942645
-0.987225
-0.981549
-0.970268
-0.965089
-0.902447
-0.812457
-0.728238
-0.601374
-0.408793
-0.272335
-0.051961
0.134640
0.334499
0.539247
0.778451
0.943358
1.064749
1.171609
1.245771
1.279491
1.224158
1.239337
1.181797
1.131752
0.767497
0.452612
0.038967
-0.330800
-0.860854
-1.056125
-1.207451
-1.279966
-1.312141
-1.242711
-1.120201
-1.042339
-0.955029
-0.870318
-0.755339
-0.604326
-0.421212
-0.272927
-0.081593
0.087685
0.238306
0.342177
0.522774
0.662886
0.821108
0.922211
1.000052
1.024222
1.056768
1.043658
0.948557
0.753058
0.494868
0.098930
-0.322566
-0.690701
-0.938136
-1.094745
-1.139701
-1.155293
-1.151700
-1.106867
-1.066359
-0.955981
-0.779171
-0.526002
-0.249625
-0.007507
0.162760
0.406389
0.524808
0.655532
0.853337
1.001223
1.025535
1.054685
1.036387
0.904089
0.888171
0.893654
0.893654
0.752798
0.559632
0.244336
-0.127598
-0.492268
-0.792801
-1.124786
-1.331120
-1.497553
-1.597167
-1.604231
-1.433703
-1.231187
-1.056745
-0.838525
-0.558513
-0.349571
-0.110888
0.164800
0.367096
0.538882
0.728648
0.771204
0.829806
0.923594
0.974397
1.077725
1.097121
1.021299
1.068916
0.967565
0.756692
0.504292
0.215908
-0.275534
-0.593730
-0.899071
-1.003920
-0.985872
-0.978306
-1.017712
-0.964942
-0.905589
-0.706025
-0.552318
-0.242991
0.039174
0.271574
0.391658
0.603665
0.750508
0.894496
1.037942
1.083093
1.121963
1.073215
1.044143
0.994875
1.003637
0.941639
0.803772
0.546709
0.229369
-0.182955
-0.529375
-0.731932
-0.923927
-1.023735
-1.031866
-1.059603
-1.124676
-1.080129
-1.076144
-1.077257
-0.955179
-0.839583
-0.743040
-0.518466
-0.250887
-0.093613
0.137092
0.392717
0.555547
0.676933
0.884113
1.055011
1.177802
1.221897
1.274477
1.218430
1.109617
0.937082
0.662588
0.323834
0.025670
-0.349294
-0.659148
-0.863648
-1.007820
-1.127842
-1.177548
-1.202509
-1.154328
-1.060569
-0.975921
-0.783467
-0.584189
-0.389074
-0.198903
0.004121
0.109798
0.261614
0.387392
0.495943
0.632853
0.815339
0.964278
1.125632
1.286047
1.339986
1.340367
1.089675
0.795028
0.435831
0.086769
-0.208863
-0.450282
-0.611336
-0.749559
-0.861903
-0.994366
-1.015720
-1.084439
-1.098108
-1.051415
-0.940461
-0.773322
-0.518245
-0.254585
-0.019306
0.153403
0.393005
0.549757
0.700479
0.849310
1.024675
1.107495
1.151714
1.164094
1.125270
0.891800
0.574560
0.242311
-0.093473
-0.389304
-0.629981
-0.784395
-0.869691
-0.989691
-1.119951
-1.173485
-1.199029
-1.217826
-1.106248
-0.963520
-0.678372
-0.418431
-0.158580
0.055930
0.301921
0.474763
0.648714
0.813569
0.960638
1.068597
1.105544
1.095847
1.068157
1.001246
0.833711
0.672789
0.517580
0.392508
0.198902
0.084377
-0.143978
-0.456724
-0.752571
-1.070478
-1.286838
-1.383897
-1.332344
-1.319323
-1.153897
-1.025391
-0.900073
-0.786705
-0.572713
-0.397586
-0.158957
0.069215
0.389200
0.612730
0.876992
1.047154
1.239600
1.385565
1.455243
1.499400
1.448312
1.271889
0.895419
0.533260
0.064026
-0.345309
-0.694719
-0.883762
-1.061387
-1.084993
-1.109876
-1.112326
-1.078841
-0.945580
-0.901527
-0.816839
-0.658450
-0.528010
-0.371231
-0.164171
0.073092
0.330665
0.587058
0.778432
0.961167
1.117428
1.203920
1.225311
1.189503
1.111423
0.929294
0.706050
0.445744
0.183554
-0.158549
-0.439618
-0.692260
-0.877684
-0.982977
-1.028217
-1.028217
-0.993975
-0.948183
-0.890772
-0.783672
-0.628769
-0.443591
-0.239541
0.032706
0.298479
0.527993
0.760664
1.001158
1.127353
1.214316
1.239160
1.259133
1.232103
1.160313
1.098748
0.967373
0.655160
0.302210
-0.089258
-0.505480
-0.840512
-1.011498
-1.105438
-1.131913
-1.075477
-1.042234
-1.028916
-0.967835
-0.883890
-0.839455
-0.749440
-0.561303
-0.410773
-0.239443
-0.048833
0.171481
0.293392
0.503561
0.687155
0.872469
1.004133
1.162491
1.210973
1.232325
1.224827
1.163986
1.046800
0.816011
0.468721
0.058569
-0.295773
-0.642184
-0.915003
-1.040550
-1.096562
-1.155019
-1.161655
-1.094297
-0.998650
-0.843111
-0.666844
-0.496210
-0.316260
-0.147859
-0.014841
0.191571
0.342395
0.545560
0.733064
0.914673
1.011319
1.168101
1.195087
1.115567
1.008600
0.903634
0.602152
0.284161
-0.125640
-0.511985
-0.889016
-1.135661
-1.326307
-1.269459
-1.197233
-1.150373
-1.030982
-0.863594
-0.777156
-0.668007
-0.532934
-0.462747
-0.415024
-0.303303
-0.141166
0.000045
0.267121
0.565492
0.807713
0.921579
1.080668
1.243479
1.338536
1.420888
1.536572
1.536612
1.325760
0.993490
0.602334
0.147256
-0.221111
-0.513682
-0.692473
-0.787299
-0.833283
-0.890862
-0.914448
-0.957174
-0.952625
-0.940662
-0.917615
-0.898315
-0.839192
-0.781987
-0.670387
-0.493651
-0.251819
0.075471
0.372140
0.734145
1.072598
1.315515
1.461695
1.628646
1.649308
1.497446
1.238586
0.915798
0.470552
-0.024919
-0.407992
-0.619877
-0.748103
-0.835066
-0.846389
-0.860027
-0.919044
-0.967435
-0.981708
-0.957266
-0.939878
-0.881974
-0.878289
-0.785749
-0.688834
-0.542531
-0.400366
-0.083817
0.195152
0.512036
0.872120
1.260222
1.507057
1.690650
1.767277
1.668500
1.472574
1.203810
0.867898
0.460861
0.137898
-0.119358
-0.384849
-0.593956
-0.694207
-0.791614
-0.900132
-0.919490
-0.962241
-0.961676
-0.946898
-0.942447
-0.937579
-0.854039
-0.761510
-0.626652
-0.379725
-0.037111
0.295395
0.569203
0.862778
1.122246
1.251171
1.378671
1.485453
1.483768
1.360818
1.201310
0.878337
0.486026
0.140445
-0.242394
-0.581483
-0.780765
-0.877823
-1.010421
-1.073164
-1.088072
-1.059647
-1.023432
-0.921228
-0.770284
-0.615901
-0.491792
-0.312143
-0.145530
0.089371
0.344749
0.646131
0.894690
1.120094
1.292973
1.371405
1.412032
1.415529
1.352953
1.125722
0.795570
0.402668
-0.013877
-0.366675
-0.633815
-0.838240
-0.946596
-1.056664
-1.138633
-1.151573
-1.053623
-0.961696
-0.839320
-0.762371
-0.672370
-0.575193
-0.422123
-0.225828
0.079273
0.385545
0.797811
1.143313
1.394856
1.590283
1.660445
1.537371
1.278796
1.072375
0.723458
0.353710
-0.066580
-0.451563
-0.855862
-1.135617
-1.277508
-1.264794
-1.217183
-1.128996
-1.030422
-0.947970
-0.866390
-0.710745
-0.594526
-0.446929
-0.300756
-0.202124
-0.031153
0.216131
0.392135
0.608641
0.892110
1.091555
1.262411
1.417933
1.511403
1.449317
1.312970
1.150652
0.892088
0.550710
0.147183
-0.246652
-0.686430
-0.998226
-1.177430
-1.194576
-1.175583
-1.073789
-0.986355
-0.943741
-0.877184
-0.767917
-0.758051
-0.578410
-0.422385
-0.289363
-0.159732
0.109694
0.285346
0.525935
0.842373
1.114870
1.247740
1.371317
1.390943
1.333744
1.181802
1.066676
0.757990
0.345745
-0.068184
-0.507726
-0.941780
-1.220089
-1.297412
-1.379544
-1.295485
-1.155348
-1.024980
-0.934143
-0.850951
-0.755615
-0.712052
-0.647938
-0.533360
-0.416135
-0.317793
-0.162292
-0.022051
0.048496
0.251866
0.467782
0.760464
1.045055
1.424311
1.629935
1.732063
1.684080
1.591645
1.428352
1.144520
0.817110
0.460512
0.110187
-0.276763
-0.615549
-0.881018
-1.083848
-1.220909
-1.351102
-1.285717
-1.135185
-1.030030
-0.901754
-0.718086
-0.660782
-0.636699
-0.498716
-0.320032
-0.054914
0.192161
0.450722
0.644169
0.827834
0.906320
1.102629
1.286199
1.430267
1.545872
1.502793
1.335087
0.985086
0.612146
0.189379
-0.142410
-0.483849
-0.658784
-0.808590
-0.985550
-1.114333
-1.092745
-1.052727
-0.988304
-0.909985
-0.726290
-0.611895
-0.470779
-0.263579
-0.029044
0.109935
0.331580
0.539906
0.733671
0.886516
1.102649
1.262984
1.346309
1.417509
1.393528
1.229916
0.886193
0.483923
-0.047794
-0.464328
-0.852034
-1.106965
-1.241688
-1.241130
-1.230236
-1.179557
-1.083445
-0.986301
-0.924362
-0.829315
-0.679637
-0.541627
-0.349097
-0.125826
0.103805
0.286114
0.490127
0.663026
0.810649
0.952395
1.097509
1.229187
1.325810
1.413755
1.439683
1.276203
0.994294
0.569123
0.150039
-0.260600
-0.537963
-0.765552
-0.866274
-0.982819
-1.062648
-1.077208
-1.041410
-1.000053
-0.933062
-0.855174
-0.716176
-0.604663
-0.425365
-0.221704
-0.029876
0.140685
0.361095
0.556450
0.746743
0.923131
1.087089
1.188152
1.290464
1.309790
1.282856
1.173235
0.893702
0.588596
0.211438
-0.154089
-0.505415
-0.703658
-0.933630
-1.014856
-1.059986
-1.087557
-1.069978
-1.013145
-0.957275
-0.886625
-0.825334
-0.755686
-0.629722
-0.511928
-0.354576
-0.092589
0.233811
0.483630
0.742086
0.969215
1.154909
1.274637
1.339988
1.369481
1.341252
1.158596
0.864712
0.495853
0.121841
-0.259330
-0.633113
-0.895911
-0.983361
-1.054676
-1.143854
-1.119030
-1.050912
-1.006833
-0.925099
-0.769763
-0.605171
-0.478661
-0.351672
-0.255283
-0.042648
0.200103
0.437261
0.649733
0.918354
1.076567
1.188147
1.283578
1.331284
1.324804
1.322849
1.196991
0.968367
0.770663
0.461878
0.075997
-0.209746
-0.461833
-0.709709
-0.888167
-0.977449
-1.027817
-1.001282
-0.950217
-0.890179
-0.811378
-0.824596
-0.834581
-0.814959
-0.758913
-0.751974
-0.616092
-0.428642
-0.256658
-0.052888
0.262774
0.599276
0.950744
1.309091
1.608416
1.784364
1.784017
1.716005
1.490760
1.139418
0.798796
0.479178
0.177467
-0.137813
-0.390841
-0.697996
-0.901264
-1.162180
-1.235450
-1.226125
-1.141856
-1.048788
-0.900281
-0.883664
-0.769241
-0.758535
-0.663571
-0.578638
-0.394843
-0.171425
0.175118
0.400005
0.653161
0.921915
1.058724
1.199630
1.364478
1.472257
1.469333
1.370112
1.199845
0.946055
0.603944
0.306752
-0.000579
-0.366969
-0.698239
-0.917412
-1.086343
-1.233993
-1.290631
-1.208296
-1.128392
-1.020396
-0.868257
-0.656212
-0.515883
-0.347640
-0.196229
0.028518
0.268863
0.544667
0.908544
1.213854
1.436363
1.539943
1.579432
1.421272
1.218501
0.965110
0.729357
0.345650
-0.024975
-0.384495
-0.708877
-1.027767
-1.206250
-1.281842
-1.303888
-1.248894
-1.193911
-1.059816
-0.941046
-0.816585
-0.621708
-0.449456
-0.247583
0.016340
0.291806
0.551388
0.921867
1.155038
1.261876
1.430507
1.508394
1.428213
1.342634
1.086918
0.802057
0.348904
-0.034399
-0.264810
-0.444812
-0.647005
-0.731673
-0.790680
-0.961771
-0.994838
-1.039767
-1.045163
-1.078305
-1.018085
-0.920397
-0.845465
-0.738219
-0.574354
-0.456771
-0.269361
-0.058223
0.113261
0.346046
0.523616
0.692915
0.906961
1.151863
1.303104
1.351856
1.332330
1.228123
1.008098
0.763612
0.463081
0.198819
-0.148329
-0.345186
-0.641261
-0.788586
-0.941119
-0.977371
-1.028975
-0.980197
-0.940299
-0.915057
-0.916958
-0.913345
-0.848498
-0.781532
-0.613944
-0.420556
-0.160829
0.128782
0.461793
0.714701
1.001154
1.190231
1.303269
1.374255
1.360897
1.327136
1.148675
0.950238
0.663872
0.345856
0.027796
-0.263802
-0.542709
-0.749134
-0.881116
-0.983535
-0.990369
-1.053642
-1.004623
-0.959060
-0.959060
-0.938748
-0.826782
-0.730444
-0.498815
-0.237295
0.062490
0.419734
0.813216
1.166241
1.465730
1.731830
1.791284
1.648964
1.368629
1.049716
0.699200
0.462262
0.201706
-0.002741
-0.244426
-0.456042
-0.811943
-1.057741
-1.261585
-1.325188
-1.332883
-1.199962
-0.932842
-0.709399
-0.478886
-0.278710
-0.104817
0.051410
0.306976
0.492696
0.751675
1.108663
1.339117
1.542504
1.835462
2.056578
2.089888
1.942982
1.659676
1.162588
0.565873
0.062208
-0.232276
-0.538116
-0.734410
-0.982244
-1.202915
-1.456928
-1.547516
-1.492363
-1.371823
-1.203009
-1.072504
-1.028469
-1.047366
-0.935015
-0.926617
-0.825784
-0.792885
-0.740538
-0.805414
-0.820401
-0.815386
-0.797342
-0.781734
-0.675249
-0.503030
-0.371972
-0.112333
0.056626
0.367785
0.675407
0.801607
0.935636
1.114628
1.126886
1.265178
1.629291
1.857176
1.996572
2.023133
1.774848
1.281347
0.817738
0.275338
-0.206524
-0.595170
-0.815498
-1.043516
-1.140844
-1.304006
-1.424522
-1.547730
-1.639021
-1.565591
-1.337445
-1.202611
-0.918871
-0.717494
-0.530313
-0.440434
-0.302274
-0.146073
0.104770
0.292220
0.449090
0.587137
0.672238
0.774694
0.741456
0.747120
0.804527
0.733220
0.606177
0.500957
0.172113
-0.131265
-0.663169
-1.254224
-1.784174
-2.486078
-2.794765
-2.644930
-2.563605
-2.213638
-1.402650
-0.707770
-0.022012
1.003274
1.501198
2.058046
2.122872
2.069194
1.556800
1.372037
1.092806
0.915004
0.682372
0.647380
0.497407
0.440640
0.233601
0.160351
0.174084
0.111762
-0.053687
0.121191
0.243781
0.013018
-0.044384
-0.072631
-0.838553
-1.223509
-1.332650
-1.626459
-1.855865
-1.356349
-1.281284
-1.185382
-0.834952
-0.188476
0.238813
0.623800
1.260908
1.561675
1.602433
1.804225
1.968391
1.716208
1.666239
1.454295
1.010051
0.515416
0.232631
-0.233354
-0.630610
-0.792056
-0.954882
-1.027306
-0.832110
-0.864558
-0.788419
-0.702721
-0.757892
-0.814532
-0.686288
-0.851686
-0.781887
-0.496574
-0.306726
0.305392
0.962276
1.448902
1.872316
1.886930
1.660019
1.423760
1.259207
1.107974
1.159462
1.013406
0.800900
0.639534
0.205322
0.073189
0.005796
-0.067664
-0.166562
-0.206853
-0.416948
-0.619744
-0.851388
-1.041516
-1.154569
-1.347306
-1.549116
-1.354851
-1.419870
-1.081825
-0.768910
-0.387624
-0.239609
0.231614
0.377985
0.924152
1.280979
1.775287
2.020630
2.037628
1.778744
1.484896
1.076567
0.474671
0.098820
-0.099427
-0.161653
-0.240707
-0.447129
-0.542358
-0.737354
-1.004202
-1.273634
-1.208250
-1.331516
-1.104152
-1.006640
-0.838895
-0.484637
-0.156187
0.056761
0.452646
0.741500
0.860193
1.139802
1.112445
1.023307
1.023230
1.027191
0.840573
0.871249
0.999716
1.094163
0.961793
0.803893
0.764364
0.613292
0.067144
-0.179912
-0.298201
-0.921949
-1.020661
-0.754440
-0.560852
-0.197293
0.049044
-0.180182
-0.454588
-0.727355
-0.769862
-0.362155
-0.216484
0.046048
0.383502
0.517018
0.492981
0.773380
0.891542
1.002546
0.859894
0.765083
0.636087
0.667637
0.591485
0.555994
0.612231
0.318666
0.217352
0.064554
-0.014550
-0.342894
-0.226114
-0.555762
-0.933643
-1.234188
-1.321954
-1.382231
-1.308305
-1.183343
-1.172373
-1.264007
-1.343744
-1.315001
-0.999424
-0.633316
0.046124
0.485427
0.864243
1.105325
1.199451
0.984594
1.012479
1.083246
0.960992
0.932476
0.906789
0.862418
0.782358
0.840239
0.581352
0.425300
0.194271
-0.083507
-0.187191
0.036149
-0.227810
-0.382207
-0.728797
-1.184951
-2.171436
-2.557658
-3.058983
-3.677084
-4.059063
-4.254804
-4.447936
-4.785933
