4.015526
4.015526
2.471148
0.870576
0.626779
0.070936
-0.976302
-0.612525
-0.170028
-1.398072
-1.901509
-1.852798
-1.568772
-1.561695
-1.008236
-0.781882
-0.466456
-0.144142
0.179775
0.224372
0.154798
0.272732
-0.040058
-0.181942
-0.113850
-0.527822
-1.192616
-1.545281
-1.452713
-1.498420
-1.385497
-1.023604
-1.042187
-1.055561
-1.373462
-0.965832
-0.849484
-0.699162
-0.476617
-0.043761
0.148923
0.293519
0.369540
0.399520
0.179285
0.124968
-0.191773
-0.104584
-0.020726
-0.029243
0.042684
-0.037261
-0.045392
-0.447951
-0.120969
-0.165073
-0.177669
0.141838
-0.005448
-0.497896
-0.969320
-1.085104
-1.141943
-1.169873
-0.684099
-0.225456
-0.160855
-0.072761
0.346121
0.389835
0.371115
0.765795
0.771394
0.449884
0.370147
0.354947
0.339764
0.242326
0.522276
0.497862
0.317969
0.235595
0.168487
0.153754
0.221834
0.322898
0.517703
0.126151
0.319548
0.444179
-0.080677
-0.080428
-0.143066
-0.173261
-0.310510
0.281575
0.219742
0.782872
0.819016
-0.126173
-0.150833
-0.229075
-1.202887
-1.370979
-1.275766
-1.119240
-1.133696
-0.192643
-0.134256
0.683595
0.755232
0.830230
1.113560
1.405591
1.420907
1.305661
1.278177
1.073788
0.567254
0.331770
-0.013571
-0.454816
-0.865784
-1.089024
-1.199071
-1.326392
-1.362711
-1.335118
-1.330662
-1.141993
-0.761189
-0.246096
0.056112
0.407475
0.523660
0.466902
0.578987
0.774928
0.851738
0.653474
0.384540
0.123674
-0.368083
-0.855316
-0.920551
-0.743852
-0.544783
-0.530804
0.070378
0.510351
0.340200
0.244904
0.592008
0.872465
0.571639
0.735167
1.337505
1.182254
0.801953
0.905805
0.970458
0.346894
0.655149
0.546346
0.540234
0.672657
0.759165
0.601052
0.688904
0.650140
0.537387
0.102655
-0.046056
-0.047210
-0.444711
-0.710637
-0.446121
-0.508055
-0.685605
-0.162297
0.499710
0.660977
0.848187
1.218142
1.181218
0.972757
0.997725
1.394419
0.778783
0.297795
-0.347658
-0.946917
-1.689641
-1.903512
-1.549297
-1.398272
-1.221767
-1.183943
-1.168356
-1.228492
-1.080964
-0.984176
-0.724572
-0.067486
0.055990
0.178719
0.536892
0.333415
0.113360
0.021414
0.218813
0.217792
0.465570
0.895740
0.787305
0.398396
-0.152241
-0.560696
-0.943643
-1.175025
-1.180610
-1.033959
-1.124457
-1.278351
-1.114836
-1.052795
-0.999072
-0.756563
-0.650863
-0.355784
0.086283
0.463910
0.815352
1.193300
1.382866
1.386792
1.443825
1.310946
1.273649
1.113056
0.783893
0.443107
0.244784
-0.109078
-0.260261
-0.252269
-0.401227
-0.434304
-0.517888
-0.389061
-0.514418
-0.383209
-0.202359
0.088422
0.155620
0.658505
1.336955
2.040669
2.308853
2.615049
2.394154
1.990445
1.392622
1.157968
1.106198
1.110241
1.088742
0.844564
0.467436
-0.149837
-0.751535
-1.427991
-1.903253
-1.916091
-2.532567
-2.907794
-2.517386
-2.786653
-2.431864
-1.590552
-0.548586
-0.226668
0.738519
0.855609
0.918232
0.873575
0.767247
0.727496
0.600337
-0.303598
-0.549572
-0.737443
-0.890164
-1.067562
-0.571314
-0.656676
-0.944004
-1.087509
-1.300814
-1.304767
-1.302909
-1.048117
-0.824052
-0.546610
0.011219
0.381362
0.407248
0.385791
0.349793
0.456714
0.346148
0.477613
0.634504
0.781080
0.695816
0.757116
0.878713
0.897497
1.014768
1.032062
1.124575
1.256857
1.401968
1.509879
1.570240
1.365318
1.089460
0.803674
0.553390
0.308763
0.259302
0.151378
-0.043740
-0.253361
-0.530234
-0.755726
-0.906788
-1.048325
-1.186022
-1.222612
-1.133859
-1.015444
-0.829229
-0.562280
-0.304303
-0.024626
0.237374
0.579935
0.885502
1.213867
1.487626
1.440574
1.416333
1.354930
1.116054
0.861227
0.835458
0.691473
0.436101
0.301587
0.054868
-0.258315
-0.482806
-0.735887
-0.932254
-1.047400
-1.099866
-1.158138
-1.151083
-1.112693
-1.119921
-1.045906
-0.896889
-0.745182
-0.554884
-0.322658
0.017642
0.249383
0.442054
0.603020
0.750518
0.821357
0.869966
0.987302
1.044092
1.002889
0.906971
0.748283
0.584576
0.387521
0.138812
-0.154063
-0.446808
-0.464184
-0.829967
-1.049340
-0.924883
-0.967151
-1.216042
-1.135770
-0.969857
-1.066079
-0.907337
-0.710320
-0.477363
-0.152998
0.139340
0.406543
0.712824
0.930336
1.036749
1.105581
1.195696
1.162059
1.094910
0.914947
0.655814
0.545899
0.117555
-0.199860
-0.279131
-0.479931
-0.645293
-0.772813
-0.609064
-0.629287
-0.676169
-0.636391
-0.580276
-0.762198
-0.924731
-0.809834
-0.645304
-0.437152
-0.151515
0.106878
0.482748
0.524872
0.738445
0.880407
1.012470
1.094985
1.043468
1.009109
0.876293
0.654731
0.521338
0.144945
0.016671
-0.067612
-0.341444
-0.588005
-0.739019
-0.852041
-1.242437
-1.136004
-1.155870
-0.940705
-1.116885
-1.005800
-0.768957
-0.596587
-0.561334
-0.068090
0.215994
0.507109
0.564473
0.802490
1.023200
1.203676
1.326912
1.425090
1.533705
1.356202
1.278671
1.087193
0.784856
0.615482
0.151771
-0.180225
-0.526475
-0.803180
-1.031521
-1.209115
-1.138462
-1.201733
-1.176465
-1.072691
-0.965963
-0.803449
-0.793614
-0.571853
-0.305644
-0.053426
0.012229
0.264647
0.822844
1.063962
1.283715
1.684342
1.726098
1.532594
1.204046
1.142665
0.985265
0.723112
0.589032
0.190200
0.011321
-0.381608
-0.646840
-0.843331
-0.966831
-1.024303
-1.115382
-0.924947
-1.131768
-1.015287
-0.907333
-0.980883
-0.965758
-0.793387
-0.636827
-0.456515
-0.205691
0.209135
0.408887
0.635760
0.792480
1.102369
1.051406
1.168746
1.419328
1.448860
1.134983
1.081196
0.822662
0.508206
-0.072364
-0.313558
-0.503916
-0.711503
-0.801867
-0.856713
-0.886749
-1.115313
-1.110413
-1.093447
-1.042210
-0.791074
-0.672005
-0.546197
-0.414647
-0.269301
-0.097593
0.057038
0.439478
0.576905
0.870682
0.992457
1.218259
1.325374
1.211627
1.110043
1.162377
0.984723
0.703097
0.551208
0.481656
0.171998
-0.168294
-0.331086
-0.568125
-0.863247
-1.179753
-1.204343
-1.222746
-1.214808
-1.011111
-0.952941
-0.639649
-0.479547
-0.321685
-0.126722
0.058574
0.218764
0.320060
0.590125
0.667290
0.905684
0.949100
0.986277
1.065273
1.086629
1.084476
1.029534
0.928993
0.713893
0.356641
0.059083
-0.223988
-0.523790
-0.731443
-0.827977
-0.887531
-0.936179
-0.933018
-0.915272
-0.907118
-0.850366
-0.789934
-0.678698
-0.537139
-0.356578
-0.192471
-0.044672
0.138970
0.267875
0.418408
0.534124
0.652158
0.778606
0.887078
0.965701
1.045392
1.095081
1.080778
0.952886
0.759274
0.515644
0.196430
-0.166491
-0.457928
-0.665978
-0.900512
-1.014954
-1.065731
-1.100155
-1.094138
-1.076484
-1.018782
-0.958829
-0.841014
-0.727855
-0.587034
-0.411257
-0.252165
-0.115947
0.046860
0.218311
0.481385
0.758834
1.092402
1.334392
1.446664
1.473600
1.446591
1.305396
1.044111
0.892321
0.618791
0.287806
-0.070982
-0.323392
-0.595186
-0.825365
-0.958958
-1.010423
-1.064090
-1.023063
-0.985143
-0.922580
-0.795687
-0.603447
-0.390346
-0.197707
0.059623
0.263521
0.377958
0.504349
0.628091
0.745275
0.816088
0.935674
1.009955
1.068350
1.057008
1.017591
0.932729
0.793837
0.537977
0.197327
-0.215055
-0.564081
-0.933351
-1.158577
-1.248526
-1.218771
-1.189398
-1.129300
-0.979842
-0.874195
-0.753580
-0.570600
-0.344947
-0.098933
0.139542
0.367327
0.581712
0.753206
0.879543
0.961085
1.043288
1.054021
1.024077
0.940915
0.806613
0.649202
0.372421
0.131503
-0.145082
-0.425167
-0.648862
-0.800548
-0.930325
-1.029074
-1.046444
-1.024911
-0.918491
-0.765083
-0.609417
-0.437442
-0.255383
-0.093037
0.092059
0.258035
0.487480
0.650166
0.795222
0.861837
0.959495
1.010400
1.025819
1.029717
0.999470
0.838507
0.603697
0.324089
0.003892
-0.296175
-0.556290
-0.744304
-0.901707
-0.942304
-0.979327
-0.934679
-0.894991
-0.816026
-0.750113
-0.693105
-0.543618
-0.382297
-0.197944
0.054190
0.299330
0.533078
0.696793
0.850956
0.910766
0.974515
1.017822
1.054424
1.044282
1.004430
0.836584
0.512893
0.140040
-0.161170
-0.526978
-0.766208
-0.886800
-0.931969
-0.982391
-0.984844
-0.946206
-0.920227
-0.850247
-0.747685
-0.628039
-0.466230
-0.269626
-0.084664
0.160429
0.400341
0.668725
0.863049
1.106851
1.220435
1.324447
1.329595
1.253855
1.042499
0.701463
0.355123
0.036133
-0.256500
-0.463610
-0.631718
-0.729102
-0.877703
-1.012006
-1.085974
-1.099758
-1.034990
-1.004379
-0.901586
-0.799739
-0.669977
-0.563603
-0.394936
-0.158836
0.009887
0.185398
0.371799
0.513999
0.699065
0.875411
1.045052
1.131302
1.192728
1.167408
1.089717
1.055411
0.986225
0.811271
0.617574
0.381197
0.078896
-0.297777
-0.521773
-0.758720
-0.952976
-1.110240
-1.183724
-1.136765
-1.072103
-0.983150
-0.851295
-0.704794
-0.586077
-0.491047
-0.336442
-0.110363
0.098629
0.340815
0.616477
0.896542
1.056969
1.125439
1.090629
0.964939
0.830978
0.639456
0.521597
0.341372
0.117030
-0.177872
-0.502763
-0.860800
-1.193835
-1.147855
-1.020769
-1.147931
-0.855996
-0.600528
-0.608953
-0.796139
-0.655758
-0.487634
-0.608570
-0.275191
0.216348
0.693152
0.882948
1.334867
1.444647
1.518642
1.620110
1.671707
1.384321
1.020119
0.633877
0.533371
0.358714
0.393281
0.378157
-0.046752
-0.408388
-0.791006
-0.953590
-1.065800
-0.739042
-0.705861
-1.023853
-0.915947
-0.885668
-1.102456
-0.961598
-0.471072
-0.240111
0.022471
0.562367
0.428834
0.298606
0.532779
0.697294
0.932137
1.549896
2.082601
1.740884
1.374890
0.933727
0.224997
-0.371107
-0.307751
-0.563620
-0.809683
-0.634320
-0.513506
-0.740219
-0.882319
-1.027051
-1.456364
-1.864574
-1.919270
-1.598101
-1.158238
-0.699283
-0.148576
0.087404
0.387843
0.584651
0.788782
1.056392
1.350641
1.681913
1.899064
1.667187
1.295267
0.751767
0.439750
0.026167
0.037802
0.061836
0.183107
-0.118258
-0.302206
-0.476692
-0.686507
-0.858005
-0.969520
-0.980982
-0.944617
-0.807991
-0.605238
-0.423062
-0.325674
-0.125321
0.031784
0.218452
0.415218
0.681991
0.876317
1.053826
1.099942
1.214060
1.321285
1.341388
1.280336
1.222743
1.017944
0.578773
0.265057
0.029586
-0.385400
-0.573324
-0.718819
-0.876140
-1.196648
-1.268209
-1.469129
-1.295120
-1.210733
-1.005856
-0.678695
-0.346245
-0.161997
0.038969
0.359475
0.508304
0.707400
0.865559
0.995640
1.080105
1.174278
1.179229
0.995066
0.953169
0.734979
0.590142
0.265318
0.081258
-0.278320
-0.498132
-0.814913
-0.942085
-1.027859
-1.047988
-1.074579
-1.074069
-0.930002
-0.881587
-0.831353
-0.619154
-0.338273
-0.305584
-0.022899
0.293671
0.493934
0.652576
0.944334
1.087275
1.001155
0.891425
0.906304
0.714867
0.687092
0.644404
0.696618
0.388161
0.184193
-0.220400
-0.491405
-0.850842
-1.017192
-1.136524
-1.177556
-1.186834
-1.115675
-1.017432
-0.928803
-0.802043
-0.378447
-0.215078
0.239458
0.761873
0.966361
0.887195
0.999988
1.081624
0.949225
1.057485
1.072920
1.030704
0.655535
0.433583
0.074395
-0.229013
-0.488882
-0.759071
-1.032097
-0.902033
-0.718993
-0.524980
-0.277848
-0.239934
-0.444842
-0.554925
-0.641729
-0.696245
-0.381182
-0.096905
0.141146
0.344689
0.647766
0.824882
0.969979
1.112562
1.156595
1.051662
0.843984
0.676287
0.374592
0.052946
-0.262582
-0.519044
-0.761673
-0.940782
-1.081772
-1.174409
-1.231991
-1.226657
-1.169753
-1.023398
-0.796229
-0.505461
-0.222336
0.016238
0.331203
0.556542
0.706780
0.794222
0.881121
0.916177
0.938517
0.968611
0.972128
0.919242
0.801788
0.607363
0.350331
0.111196
-0.172064
-0.456260
-0.753257
-0.913182
-1.111697
-1.220203
-1.258211
-1.179576
-1.087918
-0.916266
-0.632800
-0.394719
-0.144879
0.091834
0.288443
0.478425
0.630565
0.741881
0.877330
0.997439
1.006656
1.039625
1.064659
0.999759
0.862339
0.675850
0.398254
0.104294
-0.248642
-0.515975
-0.755213
-0.910448
-1.008236
-1.064665
-1.051862
-0.987013
-0.918575
-0.769326
-0.568798
-0.337761
-0.119781
0.126889
0.371711
0.565247
0.710493
0.805167
0.945194
0.977853
1.027601
1.030830
0.969793
0.829291
0.563469
0.289521
-0.008475
-0.278219
-0.583788
-0.790250
-0.919887
-1.022358
-1.102099
-1.093211
-1.005628
-0.901968
-0.794265
-0.628841
-0.357193
-0.117318
0.157662
0.391259
0.718005
0.944683
1.147205
1.263311
1.320056
1.274157
1.081563
0.871065
0.568712
0.276736
-0.006879
-0.274336
-0.526341
-0.722975
-0.883574
-1.009417
-1.040388
-1.014864
-0.984537
-0.893439
-0.738218
-0.527212
-0.320069
-0.116606
0.157329
0.337054
0.442601
0.604566
0.732821
0.826751
0.896675
0.990353
1.049923
1.057768
0.991656
0.827947
0.628327
0.326113
0.009595
-0.262251
-0.515576
-0.697951
-0.868358
-0.935734
-1.008207
-1.033418
-1.050896
-1.025799
-0.977637
-0.935185
-0.785208
-0.580113
-0.390097
-0.114752
0.119171
0.313291
0.472339
0.593276
1.002349
1.125596
1.266386
1.346076
1.399470
1.098717
1.048969
0.899372
0.623499
0.385985
0.101777
-0.229917
-0.485844
-0.702713
-0.835114
-0.964034
-1.015673
-1.047626
-1.037816
-1.040414
-1.006491
-0.921990
-0.744866
-0.547162
-0.299069
-0.075694
0.261576
0.492030
0.695067
0.817697
0.930293
0.974989
0.958174
0.992559
1.061309
1.043914
0.913208
0.687510
0.445559
0.139149
-0.162931
-0.397987
-0.531099
-0.665785
-0.784862
-0.829102
-0.881428
-0.936452
-0.908625
-0.881966
-0.781472
-0.672420
-0.508944
-0.291677
-0.097438
0.172805
0.376680
0.577051
0.699132
0.846800
0.923430
0.971880
1.041120
1.078925
1.016948
0.866234
0.708803
0.437401
0.038827
-0.267840
-0.528320
-0.767922
-0.926905
-0.985455
-1.023887
-1.093688
-1.098470
-1.056614
-0.979616
-0.800856
-0.608498
-0.413210
-0.155644
0.073375
0.257417
0.407730
0.907442
1.003197
1.120351
1.184189
1.243225
0.956249
0.939289
0.913012
0.832009
0.658023
0.429104
0.159135
-0.172584
-0.484216
-0.728753
-0.913051
-1.044457
-1.113307
-1.178927
-1.181576
-1.146095
-1.086582
-0.957450
-0.786382
-0.531425
-0.315766
-0.094221
0.122901
0.299564
0.422369
0.520956
0.973451
1.355254
1.412264
1.454679
1.489015
1.159287
0.842697
0.793247
0.664728
0.466192
0.224252
-0.132279
-0.424720
-0.667860
-0.872156
-1.019380
-1.101523
-1.120962
-1.114701
-1.082351
-1.028651
-0.911286
-0.760860
-0.675454
-0.566697
-0.380762
-0.226400
-0.127695
0.034952
0.292237
0.455810
0.589815
0.705385
0.808526
0.861877
0.906092
0.988733
1.048142
1.050581
1.006993
0.797619
0.538494
0.283519
-0.022005
-0.364098
-0.611070
-0.786104
-0.959888
-1.023979
-1.025784
-1.004949
-0.963024
-0.922747
-0.840029
-0.774235
-0.629253
-0.429189
-0.244637
-0.022899
0.200033
0.372603
0.500885
0.661124
0.853768
0.989128
1.151227
1.255558
1.309166
1.214382
1.045218
0.749382
0.360257
-0.007090
-0.361519
-0.680391
-0.618798
-0.757721
-0.981880
-0.995608
-1.018710
-1.300279
-1.316107
-1.116944
-1.096407
-0.975789
-0.780157
-0.511621
-0.254976
-0.025671
0.259584
0.480738
0.939337
1.351093
1.455786
1.868826
1.918196
1.681284
1.378279
1.295055
0.806247
0.550317
0.230724
-0.092119
-0.431087
-0.686514
-0.928019
-1.034606
-1.192751
-1.228720
-1.222782
-1.141961
-1.044927
-0.887342
-0.685946
-0.555480
-0.392062
-0.261177
-0.111623
0.033744
0.192522
0.358899
0.497058
0.913324
1.323732
1.720805
1.798054
1.860954
1.586838
1.218312
0.679550
0.381659
-0.039310
-0.405825
-0.727226
-0.909210
-1.173714
-1.251416
-1.074091
-0.892377
-0.952209
-0.950823
-0.875682
-0.987180
-1.056087
-0.859494
-0.485707
-0.242335
0.026946
0.243200
0.482797
0.630220
1.100159
1.185505
1.291897
1.409382
1.456423
1.174248
1.109859
0.927321
0.637433
0.275411
-0.096014
-0.526370
-0.751791
-1.052904
-1.118587
-1.305887
-1.399357
-1.441812
-1.287661
-1.238715
-1.016870
-0.747721
-0.534873
-0.369892
-0.211671
-0.055848
0.092191
0.539651
0.674170
1.157945
1.299772
1.412442
1.184772
1.235707
0.944932
0.952654
0.886291
0.747034
0.524192
0.309397
0.008834
-0.213006
-0.455454
-0.623014
-0.805074
-0.899959
-0.948384
-0.949200
-0.936546
-0.898664
-0.837860
-0.751275
-0.672159
-0.571843
-0.406353
-0.240792
-0.042459
0.175454
0.444050
0.660732
0.836614
0.950134
1.028118
1.073478
1.069605
1.074751
1.017032
0.881607
0.638114
0.323118
-0.012133
-0.330339
-0.664546
-0.921050
-1.084689
-1.202166
-1.280561
-1.213609
-1.039700
-0.845491
-0.584488
-0.353563
-0.105172
0.074338
0.248171
0.401663
0.571373
0.752541
0.939472
1.125344
1.116457
1.252226
1.151105
0.923443
0.648840
0.497055
0.092475
-0.016496
-0.306205
-0.542141
-0.861858
-1.103441
-1.427254
-1.480222
-1.513924
-1.467873
-1.314538
-1.009871
-0.855855
-0.477227
-0.279932
0.047855
0.209150
0.525932
0.615667
0.894497
0.949990
0.985097
1.021331
1.017044
0.998931
0.834627
0.625759
0.417040
0.294315
0.172963
0.149536
0.127920
0.085992
-0.283843
-0.496106
-0.664270
-0.828179
-0.950680
-0.820587
-0.776103
-0.872157
-0.931067
-0.756332
-0.759528
-0.583815
-0.230530
0.194562
0.366528
0.674031
0.811851
0.915783
0.981854
1.062718
1.171121
1.230252
1.241115
1.226023
0.890628
0.560259
0.204953
-0.179699
-0.400498
-0.580393
-0.615987
-0.833244
-0.975105
-1.137209
-1.204735
-1.214124
-1.218299
-0.932373
-0.787533
-0.442681
-0.431209
-0.235582
-0.039240
0.128377
0.275690
0.642437
0.979943
1.079890
0.987256
1.088943
1.124404
0.939871
0.900730
0.964040
0.780584
0.469308
0.399346
0.100361
-0.174314
-0.418323
-0.609378
-0.805892
-0.963207
-1.237094
-1.262864
-1.409164
-1.262186
-1.091143
-0.706730
-0.491681
-0.094163
0.096064
0.262675
0.467305
0.619642
0.783218
0.889098
0.984737
1.068947
1.122869
1.153842
1.393730
1.258092
1.058693
0.826990
0.552734
0.030622
-0.194652
-0.459844
-0.703010
-0.914310
-1.115090
-1.224827
-1.267437
-1.265550
-1.177662
-1.082058
-0.908220
-0.718010
-0.567349
-0.343819
-0.146381
0.051687
0.225317
0.420244
0.531943
0.666224
0.755369
0.867261
0.986263
1.046430
1.086323
1.114745
1.068654
0.969523
0.713123
0.471807
0.209636
-0.110141
-0.391143
-0.577954
-0.734877
-0.899725
-0.967543
-1.011113
-1.023731
-0.995010
-0.954005
-0.887814
-0.757001
-0.614268
-0.408137
-0.247772
-0.003612
0.161112
0.372112
0.544624
0.717170
0.859908
0.993028
1.108388
1.139793
1.162652
1.137242
0.953917
0.729976
0.483908
0.150509
-0.227943
-0.486298
-0.733600
-0.964458
-1.056351
-1.036045
-1.045527
-0.998293
-0.933509
-0.768866
-0.679352
-0.562681
-0.415336
-0.312147
-0.188396
-0.110180
0.030242
0.211585
0.408126
0.509642
0.664363
0.821123
0.883548
0.928343
0.991815
1.044546
1.070139
0.954054
0.859055
0.694477
0.404417
0.092148
-0.180075
-0.476430
-0.761640
-0.953161
-1.102620
-1.165297
-1.125193
-1.115122
-1.067190
-0.930138
-0.790271
-0.631449
-0.465601
-0.236486
-0.104318
0.019193
0.198603
0.382867
0.530317
0.680730
0.822274
0.893359
0.925421
1.008609
1.011539
1.045780
0.995564
0.877920
0.689691
0.499416
0.279246
-0.105183
-0.359767
-0.593133
-0.808648
-1.036834
-1.104566
-1.077779
-1.067371
-1.046312
-0.884429
-0.716004
-0.563507
-0.435053
-0.265626
-0.110196
0.114686
0.299560
0.536323
0.828230
1.033647
1.149616
1.227357
1.114241
0.959770
0.690915
0.447891
0.214450
0.032023
-0.212890
-0.428476
-0.699640
-0.992595
-1.212690
-1.304528
-1.361160
-1.217035
-1.062189
-0.864835
-0.613376
-0.373968
-0.195094
-0.020469
0.285992
0.486525
0.686171
0.882862
1.063664
1.192430
1.209177
1.256470
1.259496
1.140515
0.895409
0.603893
0.287111
-0.071662
-0.346017
-0.596445
-0.821843
-0.968908
-1.084131
-1.153709
-1.190228
-1.123221
-1.007806
-0.924954
-0.756534
-0.617118
-0.449066
-0.257334
-0.047308
0.150663
0.336975
0.506045
0.610874
0.720107
0.845989
0.939765
1.076436
1.167484
1.129727
1.128898
1.073767
0.882709
0.575356
0.374241
0.046549
-0.310217
-0.574259
-0.718775
-0.845098
-0.968407
-0.990227
-0.987198
-1.003347
-0.991152
-0.954353
-0.869161
-0.726628
-0.565017
-0.357601
-0.181054
0.046596
0.202128
0.358629
0.483682
0.634580
0.768832
0.871609
0.982240
1.062790
1.067400
0.953612
0.805025
0.616971
0.385469
0.052342
-0.237309
-0.497475
-0.727769
-0.953581
-1.029334
-1.068825
-1.106945
-1.140470
-1.177295
-0.863046
-0.568795
-0.495854
-0.039934
0.441389
0.377953
0.311476
0.496602
0.678500
0.545308
0.705364
0.808657
1.229256
0.987121
1.281045
1.477510
1.193673
0.592003
0.346208
-0.141565
-0.637559
-0.673727
-0.733580
-0.882853
-1.025140
-1.126177
-1.181860
-1.191907
-1.176418
-1.032794
-0.934237
-0.783880
-0.544847
-0.373835
-0.227294
-0.054819
0.198942
0.347647
0.532244
0.660232
0.792898
0.879122
0.909492
0.963332
0.999569
0.991200
0.905237
0.793227
0.657891
0.499228
0.243633
-0.016587
-0.262991
-0.516687
-0.805784
-0.951010
-1.093140
-1.149483
-1.152990
-1.150638
-0.961009
-0.742767
-0.591047
-0.343700
-0.097533
0.031217
0.151104
0.310644
0.591020
0.805190
0.982942
1.146045
1.283063
1.160701
1.050634
0.939893
0.737914
0.554282
0.265446
0.062194
-0.222245
-0.531045
-0.870861
-1.055114
-1.234187
-1.355584
-1.330750
-1.157899
-0.958616
-0.644669
-0.374183
-0.105834
0.178290
0.379357
0.568302
0.727744
0.933788
1.020043
1.070599
1.044234
1.013969
0.955077
0.742761
0.586792
0.407430
0.116043
-0.161795
-0.362547
-0.604032
-0.870335
-0.998788
-1.095537
-1.142587
-1.055108
-0.977432
-0.856699
-0.728376
-0.535790
-0.315115
-0.075004
0.255043
0.519258
0.738700
0.882825
1.025414
1.160967
1.159239
1.154989
1.115587
0.937800
0.626722
0.308884
-0.006736
-0.347424
-0.663299
-0.932303
-1.028905
-1.164605
-1.261189
-1.226306
-1.066813
-0.988221
-0.780812
-0.553916
-0.284690
-0.142148
0.005134
0.108144
0.159285
0.229841
0.337973
0.498803
0.751933
0.981590
1.149278
1.228258
1.249710
1.125424
0.910961
0.734869
0.464758
0.221850
-0.168524
-0.445498
-0.714310
-0.929755
-1.085847
-1.074883
-1.035280
-1.043926
-0.946684
-0.754324
-0.584438
-0.329805
-0.114273
0.103339
0.294850
0.443834
0.577011
0.736068
0.941442
1.044569
1.139141
1.167066
1.111488
0.919558
0.656056
0.442354
0.166532
-0.139794
-0.379056
-0.684692
-0.906638
-1.096451
-1.177880
-1.212622
-1.130834
-1.034050
-0.963410
-0.860149
-0.714913
-0.601004
-0.480860
-0.303025
0.249115
0.739301
0.932219
1.083256
1.234574
1.073831
0.850410
0.961251
1.036898
1.036898
0.991489
0.809958
0.636739
0.451302
0.159546
-0.202246
-0.501032
-0.763034
-1.011829
-1.115788
-1.165675
-1.109028
-1.024346
-0.987495
-0.845481
-0.721578
-0.583408
-0.439348
-0.283865
-0.106107
0.046466
0.198170
0.363747
0.561267
0.655339
0.770115
0.917439
0.984236
0.977165
1.007971
0.956701
0.831251
0.630265
0.481916
0.228730
-0.078837
-0.333859
-0.585906
-0.820059
-1.003619
-1.028556
-1.048497
-1.046826
-0.988914
-0.937073
-0.900692
-0.762454
-0.597874
-0.081623
0.158674
0.433544
0.595316
0.772723
0.581208
0.702167
0.810118
0.880768
0.951379
0.950593
0.860083
0.694702
0.442806
0.402274
0.393391
0.033102
-0.330016
-0.670276
-0.755432
-1.293347
-1.422846
-1.447643
-1.417841
-1.352410
-1.261643
-1.038349
-0.536156
0.098868
0.398385
0.671774
0.962232
0.901670
0.755108
0.896132
1.024207
1.054571
1.095238
1.090933
0.420473
0.306108
0.154368
-0.110163
-0.289423
-0.473622
-0.369319
-0.199097
-0.086552
-0.299375
-0.440477
-0.847746
-1.321418
-1.402334
-1.148037
-1.243860
-0.843424
-0.761206
-0.881302
-0.980610
-0.550324
-0.644325
-0.119087
0.534778
1.121563
1.311250
1.439563
1.552713
1.284586
0.963642
1.023900
1.061688
0.710640
0.524603
0.277504
-0.005796
-0.307832
-0.608893
-0.835831
-1.003088
-1.064644
-1.205591
-1.245759
-1.442941
-1.407344
-1.385918
-1.259744
-0.790797
-0.166229
0.012297
0.217228
0.435153
0.660193
0.578556
0.758821
1.216448
1.624493
1.403129
1.418899
1.395794
0.999537
0.546690
0.350495
0.367161
0.081288
-0.286951
-0.587798
-0.861843
-1.363453
-1.764699
-1.619113
-1.363197
-1.097972
-0.722586
-0.443518
-0.657228
-0.450285
-0.236125
-0.047104
0.192670
0.489911
0.342186
0.162607
0.141512
0.413575
0.588582
1.137291
1.252359
1.231962
1.158010
1.211392
0.563149
0.478968
0.756570
0.537232
0.260174
0.223641
-0.049805
-0.742141
-1.181947
-1.484999
-1.342660
-1.084897
-1.231247
-1.360299
-0.912207
-0.906537
-0.754781
-0.108499
0.386805
0.301627
0.214735
0.055622
-0.109558
0.141333
0.376106
0.580453
0.744889
0.849653
1.003367
1.029154
0.983202
0.910035
0.731574
0.500384
0.196655
0.000935
0.106611
-0.078544
-0.307917
-0.439394
-0.574087
-1.015938
-1.077161
-1.088221
-1.165171
-1.111424
-1.025485
-0.899369
-0.828439
-0.549403
-0.287032
-0.000343
0.358183
0.782308
0.867332
1.044224
1.178542
1.029310
1.021762
1.200089
0.980302
0.663962
0.515952
0.245606
0.287108
0.263515
0.145198
-0.130947
-0.277758
-0.966742
-1.422343
-1.699408
-1.519841
-1.481450
-1.130593
-0.971883
-0.417148
-0.118546
-0.064370
0.057271
0.410606
0.414254
0.439965
0.704420
1.025598
1.104395
1.099245
1.224241
1.245406
1.056856
0.724542
0.396179
-0.183641
-0.443577
-0.956943
-1.082707
-0.876449
-0.927977
-1.136181
-1.044974
-0.671984
-0.814650
-0.433980
-0.266712
-0.098652
0.145841
0.564154
0.831873
1.104668
1.249106
1.081194
0.873094
0.866326
0.760106
0.639206
0.437051
0.122076
-0.448856
-0.505939
-0.482919
-0.391805
-0.498745
-0.511829
-0.833969
-1.055307
-1.301579
-1.182077
-1.013432
-0.839789
-0.602937
-0.181371
0.017832
0.225871
0.421942
0.571330
0.521879
0.821107
0.990229
1.084875
1.138052
1.041619
0.787870
0.365456
0.028325
-0.036839
-0.057712
-0.409089
-0.618947
-0.687376
-1.111035
-1.520462
-1.380973
-1.242550
-1.052178
-0.928140
-0.674855
-0.493555
-0.286589
0.236658
0.363456
0.569930
0.690823
1.087165
0.764582
1.223131
1.275301
1.198506
0.828462
0.716203
0.437252
0.423472
0.329355
0.248247
0.117462
-0.271755
-0.634262
-0.879971
-1.079881
-1.294048
-1.378830
-1.354250
-1.276917
-1.072018
-0.867168
-0.577990
-0.407274
-0.154947
0.050894
0.265971
0.444016
0.631807
0.774742
0.866753
0.968277
1.077070
1.131863
1.177888
1.170472
1.025553
0.751524
0.441926
0.106394
-0.331387
-0.598112
-0.788200
-0.927710
-1.036195
-1.032300
-0.999956
-0.969970
-0.914172
-0.769282
-0.643568
-0.463402
-0.269832
-0.045015
0.172240
0.358662
0.572638
0.708986
0.882995
0.978319
1.099039
1.140736
1.167091
1.173369
1.045818
0.897959
0.636798
0.273204
-0.183885
-0.585733
-0.941964
-1.236241
-1.359029
-1.330298
-1.289174
-1.141358
-0.992401
-0.838786
-0.710801
-0.520293
-0.389439
-0.218746
0.034258
0.221750
0.386217
0.524739
0.655739
0.794476
0.887789
1.011387
1.149209
1.228935
1.260536
1.213344
1.108011
0.934524
0.654391
0.299618
-0.087869
-0.391147
-0.755138
-0.987449
-1.178051
-1.206176
-1.258612
-1.245933
-1.103263
-0.965124
-0.835903
-0.601485
-0.368700
-0.213446
-0.058905
0.104735
0.240229
0.378323
0.554775
0.705943
0.850637
0.926463
0.965261
0.962379
0.960949
0.959759
0.899469
0.891307
0.827173
0.641342
0.383350
0.092656
-0.257820
-0.580392
-0.797393
-0.963361
-1.049861
-1.044791
-1.073258
-1.058082
-0.972187
-0.884696
-0.763153
-0.611381
-0.371751
-0.192473
-0.009163
0.195710
0.400374
0.564163
0.711666
0.846933
0.919849
0.974379
1.004623
0.995529
0.987087
0.944742
0.779164
0.555624
0.265275
-0.029642
-0.405420
-0.640452
-0.842082
-0.963323
-1.001199
-1.018269
-1.007877
-0.996944
-0.932402
-0.877440
-0.739485
-0.589424
-0.419482
-0.252643
-0.050967
0.139064
0.341697
0.501933
0.714326
0.834329
0.929596
0.987623
1.041011
1.072217
0.993973
0.940836
0.864009
0.706552
0.511020
0.275504
-0.001409
-0.295515
-0.596168
-0.835799
-1.032847
-1.196711
-1.335543
-1.355263
-1.392213
-1.317318
-1.177538
-0.983655
-0.672112
-0.391119
-0.140622
0.162370
0.375282
0.540609
0.661337
0.825518
0.934493
1.004613
1.056532
1.031809
0.974434
0.842943
0.714943
0.518348
0.329972
0.124008
-0.200780
-0.473731
-0.751093
-1.004360
-1.170794
-1.235355
-1.216478
-1.169892
-1.052241
-0.903946
-0.773117
-0.594389
-0.418038
-0.217834
0.008920
0.265154
0.517939
0.707018
0.976581
1.122356
1.202322
1.199925
1.177019
1.044479
0.844159
0.707025
0.452052
0.138402
-0.183717
-0.513738
-0.801635
-1.005029
-1.136026
-1.184105
-1.168120
-1.108067
-1.066040
-0.988017
-0.831684
-0.637877
-0.404745
-0.195068
0.102280
0.257916
0.419475
0.577046
0.685322
0.754599
0.825714
0.877910
0.923034
0.986368
1.037665
1.018357
1.025256
0.943814
0.767248
0.556970
0.286955
-0.001508
-0.402852
-0.635019
-0.813275
-0.949613
-1.078677
-1.166195
-1.138096
-1.143140
-1.135841
-1.020324
-0.890222
-0.680671
-0.554635
-0.352256
-0.089452
0.142800
0.289501
0.449858
0.875502
1.062372
1.168074
1.240655
1.264046
1.143505
0.962850
0.939483
0.817299
0.739073
0.559980
0.414532
0.343323
0.311883
0.073693
-0.162778
-0.416382
-0.693744
-1.053893
-1.123071
-1.081934
-1.098451
-1.012266
-0.956271
-0.703743
-0.555940
-0.290329
-0.098143
0.203974
0.433243
0.571534
0.758341
0.948321
1.064626
1.107833
1.125413
1.141836
1.110829
1.048412
0.827807
0.508529
0.253496
-0.150083
-0.471987
-0.656023
-0.829519
-0.968332
-1.041097
-1.056709
-1.088543
-0.978705
-0.899812
-0.843316
-0.760279
-0.727221
-0.645065
-0.515557
-0.309701
-0.059312
0.147034
0.394245
0.506903
0.618446
0.694940
0.828722
1.029959
1.152947
1.255458
1.235693
1.054284
0.712755
0.292364
-0.111278
-0.483623
-0.754187
-0.943092
-0.985258
-1.015596
-1.045836
-1.026716
-0.964853
-0.913917
-0.794508
-0.708933
-0.570858
-0.512217
-0.422955
-0.299048
-0.138026
0.119557
0.361178
0.594864
0.789568
0.978344
1.068062
1.104485
1.232033
1.280404
1.269139
1.178479
1.032649
0.717195
0.261142
-0.147793
-0.497816
-0.792225
-0.964851
-1.043235
-1.090341
-1.135228
-1.134833
-1.122344
-1.052937
-0.919597
-0.795269
-0.641667
-0.424732
-0.241695
-0.018884
0.160533
0.443733
0.621239
0.806013
0.942339
1.013371
1.034526
0.996413
0.969297
0.929829
0.893018
0.838337
0.671656
0.521948
0.322608
0.121405
-0.145537
-0.398727
-0.626566
-0.841461
-0.966955
-0.982194
-0.918744
-0.821655
-0.742920
-0.514821
-0.359579
-0.197639
0.077741
0.311730
0.521051
0.654251
0.852403
0.920761
1.017104
1.015282
1.005593
1.049008
1.037215
0.887420
0.668290
0.356341
-0.025945
-0.452392
-0.727236
-0.897272
-1.053363
-1.125254
-1.132345
-1.103523
-1.127048
-1.030286
-0.865376
-0.773123
-0.567729
-0.365957
-0.143118
0.055589
0.311901
0.419118
0.522152
0.735233
0.836354
0.832320
0.949188
1.020877
1.023844
0.957911
1.037387
1.007389
0.834166
0.635932
0.361573
0.017068
-0.326304
-0.478097
-0.713209
-0.853043
-0.932808
-1.065356
-1.155685
-1.098377
-1.015903
-0.907950
-0.794739
-0.629356
-0.523322
-0.418465
-0.210052
0.015044
0.286211
0.493057
0.724830
0.840997
0.963220
0.995957
1.042325
1.095360
1.083956
0.974474
0.759193
0.460294
0.078674
-0.319619
-0.624805
-0.839252
-0.980884
-1.020430
-1.062240
-1.015625
-0.988671
-0.926226
-0.772908
-0.609841
-0.432892
-0.253798
-0.040795
0.134237
0.346502
0.555067
0.741371
0.906408
1.013983
1.109343
1.154474
1.123563
1.066210
0.863132
0.641477
0.318667
-0.016635
-0.332572
-0.596813
-0.812202
-0.960656
-1.030959
-1.060924
-1.048833
-1.016681
-0.990622
-0.944356
-0.833438
-0.712668
-0.556260
-0.381636
-0.128652
0.032727
0.154357
0.304809
0.384959
0.468671
0.473287
0.523915
0.582548
0.653315
0.738692
0.871509
1.067972
1.183199
1.242125
1.162564
0.953682
0.615851
0.109272
-0.277958
-0.672708
-0.981593
-1.171081
-1.231710
-1.217777
-1.156586
-1.087699
-1.027439
-0.965203
-0.884814
-0.819230
-0.694665
-0.472590
-0.257494
-0.085294
0.061436
0.305380
0.424703
0.548112
0.725970
0.862750
1.029147
1.152861
1.277966
1.348223
1.365080
1.206959
0.944804
0.669663
0.312835
-0.027326
-0.290472
-0.533968
-0.793950
-1.089657
-1.262523
-1.416230
-1.445314
-1.289287
-1.146919
-0.860122
-0.590305
-0.350074
-0.121892
0.116619
0.297760
0.412601
0.583166
0.662459
0.768519
0.873843
0.983277
1.127886
1.220217
1.220217
1.090519
0.797702
0.377477
-0.129418
-0.508573
-0.799958
-0.972239
-1.070218
-1.118619
-1.085314
-1.096881
-1.099520
-0.950179
-0.762487
-0.585394
-0.403705
-0.143736
0.010861
0.162331
0.317339
0.435830
0.635300
0.781384
0.904241
0.985287
1.022050
0.991644
0.852782
0.719825
0.589982
0.372747
0.022598
-0.262566
-0.508965
-0.802563
-0.991849
-1.088253
-1.163434
-1.162973
-1.216532
-1.195292
-1.044822
-0.921617
-0.763143
-0.558496
0.049595
0.531356
0.681166
0.728024
0.821231
0.621005
0.378272
0.498540
0.665758
0.789843
0.805231
0.846291
0.905259
0.879219
0.786099
0.654074
0.367415
0.057296
-0.369170
-0.720509
-1.042653
-1.255481
-1.380325
-1.396110
-1.318642
-1.254360
-1.134725
-0.911273
-0.702637
-0.447766
-0.252225
-0.019521
0.060211
0.202902
0.219315
0.802330
0.926011
1.045296
1.677979
1.726129
1.818408
1.824915
1.778398
1.195430
1.155370
0.410294
0.182781
-0.136153
-0.466261
-0.782321
-0.987499
-1.103868
-1.198558
-1.258942
-1.292579
-1.253565
-1.238083
-1.108992
-0.905031
-0.776275
-0.517228
-0.317833
-0.161420
0.030100
0.276556
0.423351
0.545006
0.711801
0.861054
0.995529
1.143562
1.220463
1.259143
1.185491
1.071429
0.856316
0.470872
0.077687
-0.450058
-0.934513
-1.292158
-1.426529
-1.444944
-1.390799
-1.171364
-1.029808
-0.909075
-0.758845
-0.574305
-0.451093
-0.309331
-0.092780
0.124112
0.276141
0.414643
0.513653
0.625698
0.632899
0.737239
0.784339
0.855577
0.882286
0.944233
0.996986
1.062899
0.981047
0.870693
0.493794
0.094882
-0.349015
-0.706543
-0.996782
-1.100901
-1.134772
-1.152185
-1.141097
-0.981262
-0.866244
-0.716743
-0.541959
-0.266869
-0.138244
0.029496
0.170258
0.307826
0.431663
0.531740
0.676437
0.802336
0.904305
0.954210
0.943261
0.953431
0.928308
0.847428
0.715912
0.495015
0.172718
-0.242512
-0.587416
-0.878049
-1.089957
-1.149193
-1.147803
-1.090700
-1.050174
-0.975708
-0.888916
-0.771431
-0.621141
-0.449386
-0.221851
0.012497
0.233948
0.419072
0.597961
0.828744
0.970078
1.066606
1.125303
1.131808
1.072737
0.874216
0.717165
0.477614
0.164660
-0.146672
-0.400017
-0.631484
-0.808947
-0.900942
-0.975584
-0.960920
-0.909160
-0.884680
-0.837949
-0.753302
-0.669041
-0.544219
-0.368753
-0.158967
-0.001368
0.193827
0.395640
0.547179
0.706151
0.846587
0.937729
0.968450
1.015420
1.017396
0.984524
0.884008
0.749646
0.496554
0.205488
-0.126328
-0.382039
-0.706323
-0.908185
-1.081388
-1.140966
-1.159179
-1.128036
-1.015045
-0.887396
-0.760240
-0.594032
-0.403218
-0.171038
0.077207
0.306230
0.534251
0.746140
0.929281
1.086661
1.273925
1.360611
1.409337
1.386058
1.302824
1.110636
0.650850
0.235788
-0.188170
-0.643922
-0.965785
-1.055890
-1.067382
-1.064784
-1.005396
-0.937792
-0.900370
-0.865015
-0.843380
-0.774886
-0.677274
-0.558461
-0.477592
-0.353524
-0.186493
-0.123208
-0.002905
0.198021
0.322812
0.431763
0.587716
0.748988
0.902873
1.017470
1.157161
1.214561
1.212412
1.114443
0.939494
0.753983
0.471359
0.239780
-0.128324
-0.354133
-0.629630
-0.857684
-0.993274
-1.035364
-1.040874
-1.024311
-0.965575
-0.928043
-0.852022
-0.710881
-0.642940
-0.516971
-0.339551
-0.144485
0.118614
0.336602
0.611445
0.813458
0.944814
1.003616
1.024341
1.036663
0.987635
0.965181
0.874711
0.749738
0.593869
0.342703
0.031536
-0.307417
-0.497690
-0.707644
-0.911507
-1.027072
-1.120485
-1.181034
-1.181771
-1.071055
-0.882814
-0.737602
-0.417315
-0.161800
0.068089
0.259728
0.481602
0.562344
0.626813
0.724284
0.889528
0.967367
1.082772
1.117445
1.176490
1.113060
1.038094
0.878842
0.686952
0.417562
-0.022347
-0.340221
-0.627052
-0.865781
-1.051640
-1.111422
-1.182749
-1.265613
-1.299773
-1.237133
-1.124620
-0.962585
-0.800221
-0.617343
-0.457782
-0.279463
-0.020573
0.169275
0.434245
0.607679
0.756120
0.855421
0.960004
1.074748
1.073914
1.091050
1.063646
0.959270
0.797972
0.587496
0.310694
-0.034446
-0.304003
-0.642417
-0.837395
-0.949871
-1.022049
-1.038571
-0.929837
-0.898612
-0.809971
-0.754588
-0.612399
-0.529565
-0.328075
-0.100539
0.172106
0.410280
0.631760
0.829557
0.959213
1.020880
1.088322
1.093376
1.093608
1.069388
0.975573
0.824239
0.582001
0.319763
-0.050584
-0.343752
-0.643128
-0.845219
-0.928729
-0.973877
-0.975734
-0.971928
-0.965825
-0.925139
-0.845810
-0.677975
-0.532309
-0.318179
-0.132349
0.062245
0.263601
0.444055
0.678213
0.816576
0.919643
1.002285
1.087231
1.149399
1.117525
1.112941
0.981257
0.751810
0.383255
0.062168
-0.255673
-0.550174
-0.817012
-0.983746
-1.053502
-1.093448
-1.168553
-1.138243
-1.045112
-1.014173
-0.886407
-0.714676
-0.446981
-0.247182
-0.055394
0.138654
0.312052
0.467090
0.563884
0.700124
0.809396
0.914676
0.987827
1.096757
1.218749
1.247309
1.188807
1.058099
0.834955
0.488564
0.011908
-0.365600
-0.700776
-0.978021
-1.103609
-1.093333
-1.064949
-1.057936
-1.014410
-0.946390
-0.904763
-0.736668
-0.606995
-0.467807
-0.286232
-0.135150
-0.084861
0.003941
0.164620
0.194909
0.317903
0.485339
0.632102
0.792245
0.955954
1.059160
1.193584
1.264633
1.230930
1.035772
0.849746
0.538796
0.178106
-0.098450
-0.336658
-0.573061
-0.838373
-0.965839
-1.120600
-1.213525
-1.155568
-1.083124
-0.930853
-0.779758
-0.674193
-0.563065
-0.379809
-0.153834
0.018382
0.281176
0.585301
0.796115
0.973212
1.169931
1.400268
1.407401
1.350064
1.212472
0.863490
0.487414
0.096351
-0.193090
-0.504758
-0.718974
-0.842282
-0.988574
-0.974903
-0.947540
-0.897448
-0.884602
-0.849286
-0.836575
-0.887338
-0.838505
-0.668044
-0.450363
-0.198048
0.070267
0.430590
0.631300
0.813828
0.981867
1.143201
1.267659
1.220348
1.176096
1.027316
0.749168
0.474520
0.173058
-0.080321
-0.381498
-0.546211
-0.756680
-0.821821
-0.851504
-0.973057
-1.035663
-1.061378
-1.044601
-0.988038
-0.838113
-0.602188
-0.417342
-0.165331
0.055209
0.288590
0.556904
0.772679
0.956403
1.081898
1.228436
1.254122
1.330084
1.336715
1.332050
1.179718
0.789443
0.357084
-0.071021
-0.553467
-0.899575
-0.987726
-1.068153
-1.065320
-1.024348
-0.954392
-0.908984
-0.743445
-0.685944
-0.525123
-0.267030
-0.209976
-0.233020
-0.150954
-0.001246
0.063010
0.329476
0.635830
0.898864
0.968406
1.028307
0.913603
1.017312
0.837436
0.682130
0.623923
0.467519
0.023078
-0.181801
-0.392576
-0.761036
-0.903782
-0.976830
-1.050874
-1.054934
-1.049917
-1.002230
-0.767993
-0.514063
-0.219837
-0.112824
0.030452
-0.044218
-0.092392
0.029257
0.392901
0.779973
1.097664
1.403437
1.476886
1.173082
0.867867
0.837322
0.845791
0.816265
0.959444
1.033663
0.694837
0.345088
-0.167233
-0.508400
-0.884864
-1.102546
-1.237983
-1.238339
-1.178967
-1.055294
-0.934399
-0.892943
-0.821335
-0.799039
-0.722080
-0.622181
-0.388401
-0.194327
0.057341
0.228120
0.476002
0.597940
0.766205
0.966243
1.077703
1.157624
1.124306
1.084310
0.994633
0.783110
0.530758
0.218013
-0.051371
-0.412144
-0.696832
-0.918176
-1.039418
-1.137993
-1.218880
-1.150613
-1.036257
-0.905925
-0.688047
-0.432602
-0.138449
0.089016
0.325679
0.513013
0.643596
0.788774
0.876916
0.991538
1.067473
1.158308
1.190098
1.153600
1.041853
0.856217
0.536131
0.147595
-0.233980
-0.559725
-0.901727
-1.087614
-1.187530
-1.241513
-1.219825
-1.213931
-1.118783
-1.041656
-0.911622
-0.784389
-0.592233
-0.403125
-0.185304
0.022258
0.235146
0.451775
0.679524
0.898416
1.191758
1.427457
1.562346
1.611737
1.527094
1.340428
1.070543
0.877415
0.654008
0.388100
0.056678
-0.387233
-0.837806
-1.259618
-1.523632
-1.576497
-1.457545
-1.267221
-1.104217
-0.943467
-0.845946
-0.721863
-0.546792
-0.359694
-0.105688
0.089839
0.282637
0.464386
0.621435
0.741404
0.850877
0.953798
0.970420
0.985414
0.982832
0.913629
0.774266
0.595524
0.294434
-0.006288
-0.326483
-0.563752
-0.839922
-0.978999
-1.119781
-1.173862
-1.154458
-1.174338
-1.086855
-0.992596
-0.859896
-0.719024
-0.480041
-0.248821
-0.035496
0.141292
0.320685
0.468245
0.636724
0.752859
0.930965
1.006226
1.087289
1.099797
1.080134
0.950233
0.748993
0.566294
0.330042
0.042353
-0.197774
-0.409485
-0.653308
-0.898180
-1.043464
-1.203048
-1.256669
-1.185939
-1.115364
-1.018063
-0.750458
-0.590453
-0.455008
-0.285276
0.047808
0.238748
0.433168
0.641394
0.831850
0.918910
0.966358
1.060990
1.138482
1.134911
1.169016
1.104479
1.045906
0.941522
0.840356
0.629071
0.382098
0.106427
-0.327497
-0.664487
-0.945131
-1.082612
-1.126378
-1.082527
-0.954348
-0.865596
-0.859398
-0.875747
-0.817003
-0.699510
-0.611738
-0.414579
-0.162313
0.001417
0.106240
0.200159
0.428559
0.585412
0.694285
0.806765
0.941761
1.010727
0.984262
1.075802
1.125635
1.039316
0.786289
0.524054
0.246966
-0.112913
-0.399241
-0.577114
-0.814204
-0.916846
-1.028597
-1.060629
-1.031831
-0.918912
-0.849263
-0.752130
-0.521220
-0.333697
-0.140225
0.155208
0.436930
0.683784
0.908800
1.186941
1.321437
1.399416
1.353698
1.200385
0.962349
0.712371
0.406813
0.091382
-0.207188
-0.474676
-0.760114
-0.917469
-1.037598
-1.101222
-1.041868
-1.015314
-0.942488
-0.857303
-0.783134
-0.668224
-0.519028
-0.362100
-0.195897
0.004987
0.181722
0.336882
0.570038
0.734688
0.972791
1.098571
1.193319
1.163183
1.158588
1.063728
0.868460
0.727854
0.521668
0.204949
-0.108079
-0.400880
-0.654981
-0.867422
-1.025683
-1.068134
-1.092327
-1.060308
-1.044837
-0.944942
-0.873660
-0.720590
-0.576693
-0.390378
-0.146900
0.035449
0.234664
0.394284
0.542462
0.699735
0.828325
0.937970
1.041186
1.102696
1.130986
1.091837
1.060841
0.972916
0.763595
0.447218
0.114581
-0.207182
-0.640002
-0.918255
-1.072415
-1.135189
-1.209270
-1.165523
-1.068595
-1.016638
-0.923851
-0.739248
-0.565390
-0.347356
-0.118345
0.089486
0.284150
0.449755
0.605082
0.725359
0.888326
0.972361
1.075687
1.138025
1.119543
1.080096
0.894360
0.746444
0.527263
0.288547
-0.017777
-0.366438
-0.676672
-0.959492
-1.205379
-1.312702
-1.286610
-1.207261
-1.124724
-0.948841
-0.781385
-0.598193
-0.427743
-0.267927
-0.038101
0.117573
0.332983
0.488985
0.675778
0.847926
0.994544
1.099671
1.205550
1.246253
1.234935
1.132388
1.020692
0.896326
0.686957
0.415136
0.080496
-0.249343
-0.699091
-1.014911
-1.220660
-1.336722
-1.357235
-1.272063
-1.116809
-1.023996
-0.887293
-0.729913
-0.556333
-0.392765
-0.206466
0.014608
0.294457
0.472995
0.686439
0.828561
0.978201
0.981965
1.061669
1.032953
0.996998
0.953383
0.836561
0.701767
0.620992
0.429665
0.164367
-0.181097
-0.421571
-0.698400
-0.904170
-0.981372
-0.978795
-1.073357
-1.150143
-1.133282
-1.081074
-0.979674
-0.787038
-0.586767
-0.245589
0.002034
0.213826
0.452535
0.647911
0.704997
0.802357
0.967029
1.055918
1.088016
1.145447
1.104659
1.016601
0.917435
0.795605
0.627127
0.366220
0.113813
-0.234427
-0.506046
-0.734392
-0.947807
-1.057457
-1.140431
-1.148026
-1.196078
-1.047732
-0.923533
-0.732954
-0.548278
-0.395206
-0.283729
-0.101424
0.029336
0.130501
0.278426
0.529876
0.651922
0.742606
0.856489
0.935263
0.943083
0.918500
0.962317
0.955337
0.830753
0.636434
0.308305
-0.089954
-0.506704
-0.764746
-0.947158
-1.055087
-1.066065
-1.083712
-1.124556
-1.125531
-1.123563
-1.007286
-0.837831
-0.527019
-0.306645
-0.060917
0.110507
0.251696
0.421558
0.470026
0.608129
0.709206
0.826807
0.832437
0.937684
0.992132
1.028582
1.014818
0.949215
0.719323
0.560391
0.252103
-0.014912
-0.329571
-0.587794
-0.821629
-0.956672
-1.041853
-1.082026
-1.030683
-0.958578
-0.837194
-0.645382
-0.439999
-0.184621
0.086947
0.319194
0.492205
0.656208
0.819855
0.888174
0.972021
0.987522
0.975737
0.952466
0.818303
0.684811
0.548122
0.361842
0.098832
-0.197962
-0.460796
-0.721518
-0.943622
-1.072967
-1.089312
-1.050487
-1.069741
-1.042396
-0.877910
-0.745561
-0.580781
-0.370928
-0.091141
0.036664
0.258129
0.428632
0.631574
0.808130
0.938819
1.037968
1.143759
1.150184
1.138782
1.076384
0.945901
0.755686
0.525062
0.243937
-0.102887
-0.370074
-0.757748
-1.009692
-1.186358
-1.222723
-1.227147
-1.160308
-1.004790
-0.895420
-0.796322
-0.632337
-0.446656
-0.306480
-0.135779
0.058351
0.223847
0.411137
0.653560
0.843464
1.065387
1.209684
1.277450
1.291475
1.248360
1.128485
0.895376
0.735210
0.471142
0.123372
-0.209580
-0.526003
-0.868808
-1.159536
-1.300911
-1.349255
-1.322114
-1.172660
-1.076455
-0.981784
-0.774858
-0.635880
-0.496129
-0.309196
0.023381
0.206115
0.390741
0.545772
0.736820
0.814617
0.847878
0.966897
1.040453
1.041963
1.021481
0.907905
0.731202
0.549443
0.251705
-0.076577
-0.353012
-0.527938
-0.795754
-0.897818
-0.959200
-0.948725
-0.920151
-0.846373
-0.726435
-0.608377
-0.513385
-0.433141
-0.322167
-0.190228
-0.090600
0.035806
0.168850
0.334085
0.487872
0.651021
0.809291
0.911954
0.983778
1.014656
1.000212
1.073359
1.374755
1.713483
1.395417
0.793115
0.356758
-0.145014
-1.041019
-1.321318
-1.271138
-1.410826
-1.415925
-1.245650
-1.085130
-0.927389
-0.747348
-0.905461
-0.813298
-0.656848
-0.394520
-0.229415
-0.031556
0.194415
0.365548
0.515965
0.622621
0.740851
0.797542
0.870421
0.877761
0.897367
0.918294
0.901470
0.776188
0.604105
0.364161
0.061908
-0.305110
-0.571935
-0.785921
-0.956565
-1.085467
-1.176457
-1.175189
-1.195166
-1.163084
-0.992670
-0.791661
-0.490757
-0.242200
0.013061
0.216826
0.451916
0.596025
0.720601
0.942229
1.067122
1.133634
1.139956
1.144166
1.031879
0.921809
0.815664
0.661116
0.452549
0.253582
-0.042491
-0.312576
-0.593746
-0.875254
-1.205340
-1.410361
-1.479000
-1.559696
-1.512209
-1.244286
-1.052720
-0.847026
-0.649400
-0.221417
-0.003463
0.227084
0.458110
0.630545
0.662437
0.672940
0.723615
0.707627
0.725073
0.722028
0.761620
0.872589
0.883516
0.943284
0.995181
0.894302
0.706598
0.330569
-0.043124
-0.433597
-0.770530
-0.988209
-1.064868
-0.980552
-0.925814
-0.858182
-0.768910
-0.566669
-0.359768
-0.185381
0.105758
0.360230
0.545180
0.642497
0.740352
0.821378
0.858211
0.879668
1.020462
1.055236
1.125062
1.098382
1.096648
0.864802
0.679984
0.501262
0.175261
-0.154878
-0.412845
-0.625347
-0.836711
-0.917878
-0.911753
-1.036148
-1.109703
-1.215833
-1.296255
-1.352837
-1.313967
-1.192483
-1.062424
-0.852383
-0.574461
-0.357073
-0.084828
0.186239
0.444085
0.684391
1.021976
1.243942
1.402308
1.580335
1.626197
1.523412
1.341661
1.095219
0.740532
0.292027
-0.037336
-0.324913
-0.568519
-0.768522
-0.969862
-1.069888
-1.175990
-1.248559
-1.206361
-1.128223
-1.037546
-0.900629
-0.701971
-0.521587
-0.291278
-0.108445
0.027363
0.248533
0.419860
0.528044
0.673143
0.841495
0.971275
1.042771
1.160301
1.245117
1.240784
1.118575
0.874923
0.582229
0.216392
-0.126076
-0.450678
-0.683745
-0.822354
-1.038608
-1.184541
-1.296041
-1.314982
-1.248825
-1.120736
-0.841597
-0.548912
-0.291964
-0.136678
0.043836
0.216373
0.315651
0.475881
0.694538
0.872556
0.963133
1.078083
1.130315
1.130187
1.081047
0.939664
0.681663
0.444528
0.109516
-0.142312
-0.473097
-0.707160
-0.928044
-1.117045
-1.271166
-1.334367
-1.381936
-1.279824
-1.180507
-1.042297
-0.816897
-0.539527
-0.338559
-0.098041
0.220276
0.409151
0.610894
0.728558
0.846889
0.896792
0.941957
0.942561
0.886551
0.832638
0.691164
0.565042
0.500019
0.392287
0.274912
0.169956
-0.047227
-0.329329
-0.547667
-0.744212
-1.010228
-1.127374
-1.205316
-1.255568
-1.221787
-1.106199
-0.919657
-0.741043
-0.499489
-0.265780
-0.030981
0.219335
0.485714
0.699290
0.853377
0.993660
1.094938
1.169061
1.289810
1.381412
1.360839
1.234765
0.949444
0.572609
0.083163
-0.303227
-0.639080
-0.857196
-1.035302
-1.082020
-1.048869
-1.017356
-0.988644
-0.853044
-0.765371
-0.673969
-0.597658
-0.468667
-0.310223
-0.150618
0.025539
0.245123
0.579473
0.796952
0.998927
1.179801
1.264227
1.301513
1.189901
1.123753
0.994331
0.848421
0.549099
0.260927
-0.065413
-0.391474
-0.738938
-0.979367
-1.133870
-1.222931
-1.305478
-1.257062
-1.150937
-0.993306
-0.777855
-0.594273
-0.305587
-0.073080
0.137099
0.372167
0.567154
0.791874
0.949598
1.108377
1.223257
1.350260
1.347549
1.319788
1.238079
1.094921
0.934332
0.664419
0.281892
-0.084757
-0.549616
-0.938480
-1.154344
-1.256780
-1.241530
-1.138366
-1.007277
-0.949526
-0.848859
-0.762656
-0.703848
-0.569443
-0.481606
-0.366972
-0.182733
-0.025997
0.128526
0.265298
0.501254
0.615688
0.776955
0.854460
0.965086
1.039182
1.073660
1.104737
1.059518
0.944943
0.753969
0.356352
0.017808
-0.262531
-0.587497
-0.865625
-0.952440
-1.060442
-1.209747
-1.206395
-1.120401
-1.056835
-0.860344
-0.680165
-0.405035
-0.236366
-0.039296
0.125508
0.291322
0.385380
0.506852
0.666568
0.768427
0.869085
0.976234
1.003016
1.057043
1.081510
1.007575
0.820114
0.474103
0.021438
-0.541167
-0.957357
-1.257913
-1.408101
-1.433112
-1.380852
-1.235106
-1.091021
-0.929734
-0.717836
-0.600995
-0.540977
-0.545660
-0.511131
-0.528605
-0.405744
-0.193329
0.028445
0.336425
0.575216
0.728183
0.904497
1.079535
1.189864
1.294499
1.470504
1.600317
1.456597
1.282213
0.927734
0.599033
0.158108
-0.087258
-0.365746
-0.474867
-0.570556
-0.708190
-0.770491
-0.814568
-0.868616
-0.948962
-1.009389
-1.018624
-1.007480
-0.965664
-0.838131
-0.678306
-0.371316
-0.106435
0.181274
0.509854
0.828546
1.019572
1.200850
1.459991
1.547542
1.476526
1.307321
1.000051
0.632738
0.154835
-0.170914
-0.400338
-0.520376
-0.662034
-0.721375
-0.703999
-0.758756
-0.801091
-0.840344
-0.829172
-0.804644
-0.834442
-0.830519
-0.732160
-0.684165
-0.553865
-0.411713
-0.103471
0.123906
0.436581
0.761137
1.064548
1.281522
1.441116
1.546545
1.508944
1.428512
1.291555
0.998435
0.650500
0.263978
-0.074188
-0.370214
-0.541967
-0.628102
-0.759286
-0.827283
-0.881832
-0.927380
-0.925746
-0.918699
-0.848716
-0.807067
-0.755380
-0.653842
-0.530064
-0.364538
-0.145946
0.119825
0.406277
0.699146
0.992669
1.175404
1.439987
1.556374
1.558852
1.500458
1.307024
0.960464
0.495714
0.156760
-0.230937
-0.501015
-0.687329
-0.793698
-0.849431
-0.884744
-0.932778
-0.930056
-0.883075
-0.823649
-0.774505
-0.642821
-0.478456
-0.323717
-0.156246
0.037693
0.325266
0.566864
0.766618
0.956575
1.142484
1.255709
1.245538
1.240827
1.195806
0.995981
0.709569
0.374678
0.068164
-0.269722
-0.551809
-0.738055
-0.878026
-1.006722
-1.094647
-1.085496
-1.040579
-0.957017
-0.771346
-0.665513
-0.543110
-0.476674
-0.330124
-0.167096
0.069495
0.391650
0.679721
0.963397
1.129901
1.261908
1.326270
1.271246
1.151072
1.036576
0.740644
0.393833
0.043782
-0.251139
-0.631173
-0.800874
-0.973878
-1.040893
-1.113803
-1.117737
-1.083007
-1.027625
-0.933754
-0.810412
-0.677488
-0.451133
-0.296471
-0.165965
0.017129
0.207533
0.338720
0.496270
0.776582
0.979596
1.142472
1.266649
1.349741
1.372406
1.216861
1.088750
0.890640
0.562135
0.092410
-0.259349
-0.599042
-0.911306
-1.142031
-1.169565
-1.209497
-1.157694
-1.141426
-0.996645
-0.910682
-0.788007
-0.717818
-0.567627
-0.355125
-0.175692
-0.024069
0.182017
0.350861
0.524596
0.703016
0.917815
1.046435
1.147979
1.220735
1.167799
1.092577
1.021716
0.743391
0.346618
-0.054936
-0.403300
-0.892245
-1.146319
-1.252321
-1.266110
-1.250704
-1.122690
-0.948376
-0.860606
-0.748547
-0.613851
-0.498868
-0.349367
-0.232988
-0.137799
-0.097197
-0.028358
-0.055079
-0.033133
0.158372
0.355437
0.558239
0.903018
1.172570
1.277538
1.332417
1.366445
1.367996
1.310474
1.176052
0.812059
0.552425
0.164836
-0.224621
-0.551498
-0.684803
-0.886674
-1.106941
-1.202060
-1.238924
-1.167743
-1.005926
-0.832408
-0.562973
-0.349599
-0.267110
-0.216927
-0.110778
0.055163
0.164725
0.344325
0.624270
0.811053
0.896455
1.056842
1.313031
1.392722
1.467467
1.480470
1.318894
0.920063
0.424452
-0.000823
-0.357014
-0.678502
-0.843797
-0.941122
-0.910682
-0.922555
-0.850878
-0.694546
-0.605743
-0.556266
-0.561626
-0.522186
-0.456700
-0.288519
-0.105352
0.076120
0.369875
0.573285
0.730020
0.824743
0.982495
1.103513
1.156793
1.254989
1.372591
1.257931
0.983962
0.569438
0.091978
-0.443106
-0.832791
-1.093073
-1.198526
-1.149698
-1.147329
-1.097647
-1.068370
-0.983586
-0.910720
-0.841931
-0.634918
-0.450660
-0.247916
-0.075640
0.147269
0.269575
0.404345
0.530348
0.693697
0.813893
0.994861
1.085862
1.226457
1.259097
1.264189
1.144360
0.964298
0.669062
0.230857
-0.144067
-0.469706
-0.733767
-0.956774
-1.001005
-1.042018
-1.068822
-1.003825
-0.855613
-0.830604
-0.696148
-0.609810
-0.528091
-0.397380
-0.234434
-0.091495
0.085154
0.368418
0.535245
0.749589
0.843339
0.981659
1.099338
1.073420
1.037139
1.087941
1.039078
0.773803
0.542255
0.291184
-0.009791
-0.376871
-0.569980
-0.790479
-1.090435
-0.887057
-0.872666
-0.884243
-0.809646
-0.601175
-0.881876
-0.795922
-0.723769
-0.597941
-0.418312
-0.271660
-0.050244
0.164843
0.358456
0.568327
0.752540
0.847641
0.905472
1.031727
1.082544
1.072947
1.494381
1.285393
0.816660
0.273142
-0.210392
-1.183402
-1.619859
-1.831314
-1.970671
-1.671090
-1.349822
-1.078098
-0.841259
-0.568444
-0.205766
-0.253673
-0.140577
0.111415
0.279427
0.038480
0.189503
0.458210
0.579859
0.695754
0.765774
0.824665
0.781901
0.702715
0.700808
0.682990
0.626643
1.091316
0.990743
0.873696
0.732496
0.571083
-0.375131
-0.548789
-0.965091
-1.199379
-1.349699
-0.728545
-0.767679
-0.510837
-0.485322
-0.595330
-1.192440
-0.821587
-0.956500
-0.893577
-0.621928
-0.351416
-0.560439
0.118597
0.681517
0.839031
1.007175
1.626284
1.813263
1.559666
1.654491
1.653526
1.275167
0.511181
0.182123
-0.173734
-0.498353
-0.983232
-1.125902
-1.036484
-0.921500
-0.847471
-0.613081
-0.616909
-0.843849
-1.085450
-1.243060
-1.156878
-0.812003
-0.719723
-0.359675
0.088983
0.230430
0.110816
0.482396
0.562518
0.666916
0.678793
0.985646
1.098603
1.248603
1.282139
1.046417
0.797313
0.489091
0.062532
-0.108058
-0.060661
-0.023383
-0.374201
-0.354172
-0.532395
-0.667977
-0.734694
-0.513969
-0.787010
-1.097054
-1.027852
-1.262530
-1.421717
-1.226503
-0.867701
-0.772906
-0.328253
0.755699
1.187814
1.402089
2.178501
2.844112
2.259704
2.002965
1.725841
0.860789
0.138130
0.023705
0.102614
-0.129400
-0.397765
-0.847058
-0.974438
-1.093089
-1.139273
-0.809916
-0.705026
-0.892582
-1.095939
-0.999468
-1.170239
-1.155101
-0.649729
-0.617813
0.171069
0.931978
1.522759
1.346562
2.024664
2.084793
1.541967
1.214211
1.142428
1.103022
0.300442
-0.096853
0.001400
0.111003
-0.371024
-0.147715
0.119555
-0.128161
-0.415818
-0.527834
-0.666833
-0.727171
-0.675957
-0.611785
-0.443693
-0.304888
-0.299181
-0.248338
-0.787157
-0.631904
-1.109070
-1.443120
-1.177738
-0.290193
0.162155
0.561054
1.660535
2.087851
1.825931
1.904695
1.924330
1.850415
0.958223
0.782741
0.347204
0.455097
-0.018148
-0.155597
-0.003669
-0.293155
-0.682237
-0.804341
-0.736132
-0.757741
-1.048351
-1.083966
-1.129584
-0.950251
-0.944251
-0.675182
-0.304247
-0.195102
-0.276837
-0.040583
0.210364
0.469310
0.706179
1.148323
1.236257
1.284518
1.300386
1.251933
1.186748
1.091796
0.873399
0.573687
0.290518
0.027210
-0.291362
-0.475979
-0.637275
-0.734598
-0.830412
-0.908470
-0.845617
-0.804491
-0.835270
-0.820044
-0.764462
-0.669077
-0.545495
-0.341527
-0.020300
0.333516
0.613664
0.906923
1.335289
1.580834
1.686163
1.695822
1.543702
1.269914
0.877835
0.563232
0.280932
0.062999
-0.223358
-0.412132
-0.563675
-0.732733
-0.872899
-0.854024
-0.871504
-0.859393
-0.856364
-0.827406
-0.816217
-0.657488
-0.393540
-0.174537
0.167366
0.431024
0.684340
0.963209
1.208680
1.494466
1.673071
1.817595
1.805941
1.623383
1.408956
1.138078
0.933362
0.728808
0.606015
0.476529
0.316153
0.203933
-0.178195
-0.380634
-0.431938
-0.434364
-0.468598
-0.403483
-0.926222
-1.734295
-2.418991
-2.462459
-3.088822
-3.043074
-2.407123
-2.433458
-2.310834
-1.612829
-0.971641
-0.946284
0.021226
0.108156
0.228392
0.326644
0.490827
0.489803
0.554046
0.719637
1.026906
1.159044
1.373315
1.429090
1.671175
1.774024
1.946084
2.060877
1.938069
1.599443
0.988377
0.506481
0.023298
-0.429443
-0.564115
-0.696012
-0.729948
-0.886897
-1.046659
-1.401561
-1.482266
-1.579137
-1.775457
-1.736796
-1.359552
-1.150251
-0.984188
-0.706480
-0.259885
-0.165315
0.018975
0.328526
0.426522
0.509222
0.432973
0.460342
0.483251
0.496119
0.635860
0.570579
0.543305
0.265855
0.024580
-0.254452
-0.531995
-0.862110
-1.389520
-1.820826
-2.087728
-2.240013
-2.040744
-1.938631
-1.302030
-0.946782
-0.696106
-0.304780
0.283109
0.741779
0.930102
1.405486
1.348785
1.225068
0.960485
0.673905
0.779692
0.967273
0.988003
0.848273
0.927487
0.621206
0.043429
-0.161840
0.024915
-0.105474
-0.050484
0.057505
0.395907
0.306026
0.281265
0.136809
-0.196277
-0.580809
-1.192556
-1.549347
-1.495131
-1.277965
-1.350708
-1.044121
-0.123705
0.286642
0.544843
1.070240
1.365633
1.271065
1.083095
1.233701
1.003556
1.013040
0.844720
0.667953
0.408258
0.437185
0.001178
-0.219238
-0.456094
-0.480537
-0.585635
-0.357020
-0.388902
-0.523994
-0.598216
-0.967954
-1.101484
-1.227670
-1.189240
-1.211697
-0.754990
-0.412717
-0.021932
0.489925
0.889216
1.145924
1.096368
1.020404
1.165404
1.368846
1.537327
1.655527
1.551248
1.412140
1.020080
0.544002
0.453295
0.434731
0.150419
-0.027955
0.001798
-0.139097
-0.393748
-0.543904
-0.745185
-0.911228
-1.400956
-1.667065
-1.618933
-1.678565
-1.453605
-1.083169
-0.451046
-0.166186
0.377424
0.581475
0.844356
1.066372
1.201677
1.315681
1.506694
1.608168
1.430456
1.310846
1.130592
0.831538
0.656289
0.581908
0.425829
0.271178
-0.073746
-0.367701
-0.578871
-0.830113
-1.045845
-1.230278
-1.186235
-1.236965
-1.197661
-0.926930
-0.646954
-0.353117
-0.098643
0.245864
0.483085
0.694883
0.789582
0.877935
0.950725
0.932174
0.980506
0.979817
0.996896
0.946893
0.761346
0.584222
0.553143
0.470356
0.295530
-0.017867
-0.127316
-0.469224
-0.837671
-0.983020
-0.938581
-1.022648
-1.075814
-1.036964
-0.915647
-0.866688
-0.610909
-0.320257
-0.015763
0.164813
0.335310
0.386027
0.471797
0.699747
0.702378
0.901103
0.903003
0.783452
0.778877
0.865286
0.924043
1.056646
1.224038
1.016234
0.668793
0.411187
0.027464
-0.397955
-0.686955
-0.947617
-1.254895
-1.516052
-1.423406
-1.274874
-1.221148
-1.109579
-0.842802
-0.756484
-0.820973
-0.621578
-0.412488
-0.261105
0.066377
0.301818
0.664876
0.921632
1.095366
0.990146
1.024464
1.019356
0.874048
0.879279
1.104494
0.919453
0.984686
0.788091
0.446238
-0.090294
-0.187689
-0.646824
-0.828675
-0.623301
-1.043944
-1.364168
-1.650373
-2.020441
-2.740691
-3.004212
-2.779131
-2.667853
-2.861740
-2.027614
-1.516471
-1.662959
