5.227820
3.938321
2.916521
1.683011
0.725492
-0.682371
-1.146362
-1.062157
-1.048344
-1.453319
-1.412613
-0.752409
-0.412717
-0.500998
-0.419202
-0.429924
-0.890459
-1.373579
-1.418215
-1.315880
-1.032446
-0.748016
-0.547807
-0.259320
-0.125515
-0.073555
-0.072117
0.063509
0.166976
0.228515
0.285861
0.329705
0.298838
0.153704
-0.010869
-0.169971
-0.130240
-0.260935
-0.258331
-0.127128
0.091697
0.136065
0.406021
0.681232
0.877104
1.062770
1.161189
1.237673
1.258559
1.248169
1.126159
0.720565
0.304431
-0.235906
-0.730424
-1.145024
-1.232780
-1.217289
-1.034511
-0.831832
-0.667603
-0.547559
-0.435287
-0.422822
-0.356511
-0.370170
-0.317724
-0.284658
-0.193658
-0.224180
-0.330450
-0.220086
-0.193403
-0.232600
0.028017
0.490614
0.738128
0.919401
1.146351
1.009052
0.613862
0.253796
-0.027442
-0.145804
-0.193547
-0.261188
-0.194332
-0.183693
-0.429136
-0.731846
-0.759625
-0.754283
-0.650874
-0.371322
-0.632730
-0.372038
-0.275493
0.307670
0.777211
1.143513
1.590330
1.383215
0.706828
0.146895
0.215275
-0.303217
-0.421363
-0.454936
-0.567758
-0.655152
-0.757955
-0.713626
-0.723247
-0.726997
-0.660312
-0.472927
-0.233214
-0.098603
-0.102371
-0.212041
-0.512657
-0.675073
-0.871582
-0.894198
-0.557689
-0.264210
-0.198261
0.012226
0.185619
0.729302
0.858231
1.044448
1.214596
0.747403
0.226547
-0.360598
-0.496387
-0.788077
-0.528595
-0.734746
-0.446065
-0.363203
-0.147560
0.231322
0.523230
0.970152
1.199431
1.398811
1.273270
1.135663
0.879349
0.609387
0.284826
0.499122
0.424070
0.404003
0.328182
0.305994
-0.040640
-0.402031
-0.455995
-0.776902
-1.060043
-0.964751
-0.634553
-0.784133
-0.626278
-0.195768
-0.094589
-0.257709
-0.210562
-0.214879
-0.171323
-0.449083
-0.414239
-0.452660
-0.201564
-0.130155
0.252582
0.387699
0.461458
0.497009
0.183458
-0.148900
0.031536
0.133426
0.042350
0.184312
0.133883
0.132075
-0.026119
-0.143135
-0.324686
-0.270321
-0.467392
-0.337626
-0.006938
0.274733
0.479581
0.643427
0.814468
0.589653
0.285631
-0.011310
-0.328230
-0.678120
-0.809281
-0.746802
-0.715552
-0.443261
-0.205953
0.058823
0.029918
0.428244
0.305537
0.402105
0.432124
0.695204
0.476130
0.490700
0.285265
0.076450
-0.103465
-0.118268
-0.088513
0.225106
0.047333
-0.151710
-0.377809
-0.748212
-1.135870
-0.979258
-0.151740
0.036325
0.416630
0.975673
1.086499
0.478330
0.516947
0.498221
0.157518
0.158973
0.415772
0.464104
0.766506
0.619943
0.527994
0.517950
0.189743
-0.155579
-0.483581
-0.359093
-0.720541
-0.332361
-0.161528
0.035516
-0.201631
-0.215190
-0.455992
-0.684570
-0.850049
-0.724333
-0.581918
-0.479193
-0.387194
-0.285296
-0.386217
-0.282020
-0.048278
0.138480
0.534149
0.854702
0.910340
0.838310
0.794974
0.543390
0.237628
0.131951
0.075149
-0.215096
0.019084
0.187248
0.178059
0.233132
0.481480
0.431734
0.524618
0.524744
0.481595
0.303704
0.531062
0.337677
0.214969
-0.001054
-0.029721
-0.125564
-0.405005
-0.359322
-0.645393
-0.470777
-0.615827
-0.630896
-0.520939
-0.378055
-0.499629
-0.726607
-0.476344
-0.680683
-0.540762
-0.224451
-0.125037
0.214413
0.612953
0.905495
1.018444
1.000203
1.005762
0.665142
0.438132
-0.045574
0.027846
-0.335081
-0.437595
-0.226475
0.107498
-0.231996
0.026219
-0.042350
0.029307
-0.292365
-0.091835
-0.486181
-0.632907
-0.981081
-0.830249
-0.587857
-0.229631
0.117157
0.262388
0.186249
0.162191
-0.058857
-0.186509
-0.325560
-0.338178
-0.395241
-0.192371
0.210220
0.542753
0.793042
0.749298
0.710272
0.493646
0.117106
-0.222965
-0.337375
-0.622388
-0.271563
-0.416954
-0.404514
-0.383636
-0.229518
-0.703956
-0.618831
-0.630530
-0.600379
-0.613144
0.184325
0.607902
0.936458
1.066335
1.574554
1.336006
1.143889
0.954807
0.896894
0.609018
0.204735
0.168960
0.013867
-0.485137
-1.024447
-1.364237
-1.571897
-1.517039
-1.262449
-0.842009
-0.658548
-0.403367
-0.271654
0.032191
0.075481
0.213403
0.404809
0.467114
0.880830
1.226924
1.122936
1.015711
1.046095
0.382409
-0.142181
-0.135074
-0.113777
-0.126568
0.331484
0.411120
0.577055
0.559502
0.453983
0.161333
-0.116390
-0.513935
-1.070787
-1.539876
-1.592441
-1.387534
-1.125639
-0.868673
-0.322339
-0.113444
0.034932
0.327671
0.715097
0.845547
0.795007
0.858406
0.844574
0.545936
0.442330
0.422612
0.192164
-0.232331
-0.317195
-0.556716
-0.859110
-0.767551
-0.722866
-0.703157
-0.758641
-0.784597
-0.854312
-1.149195
-0.690092
-0.185825
0.031408
0.148973
0.555554
0.287955
-0.090521
-0.065740
-0.095751
-0.101686
-0.011700
-0.120033
-0.090657
0.501833
0.553906
1.176946
1.629440
1.902927
1.394028
1.264072
0.751729
0.737700
0.580268
0.468093
0.020558
0.203444
-0.510093
-1.020757
-1.319683
-0.818511
-1.293048
-0.897112
-0.432418
0.002043
0.141319
0.316746
0.476849
0.583096
0.461009
0.446013
0.379182
0.178174
-0.295768
-0.675142
-1.038138
-1.348816
-1.678465
-1.399669
-0.620184
0.065592
0.434348
1.206868
1.521195
1.188568
0.651516
0.401539
-0.060447
-0.567919
-0.550423
-0.626750
-0.448525
-0.208697
0.014902
0.080078
0.194095
0.236940
0.033432
-0.030994
-0.214560
-0.214663
-0.427839
-0.482111
-0.144810
0.206684
0.263515
0.282040
0.562221
0.618971
0.612336
0.987849
1.274874
1.010686
0.514936
0.117173
-0.224535
-0.332459
-0.605521
-0.421003
-0.217435
-0.283403
-0.490691
-0.202770
-0.402488
-0.760326
-0.656023
-0.527248
-0.380445
-0.083543
0.031123
0.273332
0.331760
0.277236
0.057852
0.062644
-0.176638
-0.157913
-0.024543
0.100121
0.202917
0.044801
-0.089719
-0.398197
-0.758240
-0.876885
-0.963746
-1.087456
-0.981474
-0.586852
-0.240992
0.160407
0.654903
1.042850
1.212911
1.227481
1.157138
0.871277
0.446525
0.116094
-0.240598
-0.713982
-0.849551
-0.834764
-0.699973
-0.504058
-0.129809
0.209817
0.588081
0.812919
0.939283
1.066436
1.015904
0.646921
0.207286
-0.173734
-0.441721
-0.729255
-0.660057
-0.630177
-0.438148
-0.358592
-0.345293
-0.396531
-0.250600
-0.082988
0.043608
0.183790
0.362296
0.487000
0.354290
0.142799
-0.092436
-0.256452
-0.240054
0.009017
0.245634
0.601004
0.644416
0.381829
0.147954
0.096336
-0.191519
-0.211348
-0.248760
-0.274530
-0.486085
-0.552614
-0.642793
-0.713818
-0.773569
-0.792558
-0.576605
-0.418787
-0.692988
-0.435165
-0.163420
-0.015454
-0.030251
0.505419
0.366744
0.324239
0.308351
0.403339
0.676420
0.881569
0.427638
0.387665
0.290356
-0.166437
-0.511622
-0.272778
-0.346968
-0.357241
-0.073278
0.163491
0.362075
0.422058
0.557411
0.619287
0.635776
0.672615
0.174949
-0.456367
-0.659740
-0.898524
-0.977696
-0.717338
-0.110036
0.024367
0.182881
0.396022
0.654592
0.570696
0.437119
0.370426
0.340212
0.553902
0.783667
0.848319
0.765921
0.577554
0.026371
-0.539633
-0.771918
-0.820002
-1.005977
-1.037823
-0.766561
-0.402716
-0.060974
0.219395
0.398777
0.322570
-0.527379
-0.785144
-1.025994
-0.851390
-0.896273
-0.321319
-0.207539
-0.065635
-0.016544
0.078556
0.298533
0.358516
0.531492
0.820399
1.325095
1.479295
1.441220
1.350658
1.016665
0.326915
0.252263
0.213067
0.091792
-0.001127
0.079257
0.009486
-0.047732
-0.015122
-0.206751
-0.370377
-0.516908
-0.580449
-0.524934
-0.409385
0.024518
0.133118
0.176919
0.259587
0.304520
0.233535
0.333157
0.581214
0.455396
-0.240185
-0.312084
-0.795315
-0.981925
-0.992037
-0.280675
-0.123077
0.060075
-0.036202
-0.147019
-0.318274
-0.631236
-0.665300
-0.788517
-0.419027
-0.385310
-0.403285
-0.503499
-0.283825
-0.135162
0.054452
0.396994
0.790507
0.873309
0.575184
0.557973
0.396102
0.082422
-0.164078
-0.551572
-0.414282
-0.228100
-0.141707
0.152549
0.613277
0.670443
0.725791
0.744609
0.375104
0.283936
0.166999
-0.337960
-0.349805
-0.301816
-0.290579
-0.380335
-0.081930
0.100143
0.345114
0.304434
-0.123977
-0.208260
-0.363254
-0.882912
-0.996609
-0.673829
-0.204209
0.238640
1.086424
1.527871
1.979355
1.652939
0.952577
0.453956
0.037189
-0.675168
-0.795455
-0.618377
-0.716286
-1.087920
-1.149289
-1.140228
-1.111309
-0.961394
-0.556011
0.079138
0.144018
0.470753
0.555781
0.400552
0.359438
0.109590
-0.404511
-0.356348
-0.151892
-0.309219
-0.211097
0.350259
0.588760
0.902310
0.859220
0.648491
0.459323
-0.414246
-1.229267
-1.213157
-0.885837
-0.902419
-0.825651
-0.350674
-0.296988
-0.178481
-0.134297
0.384988
0.389474
0.305945
0.159875
0.116466
-0.434272
-0.423811
-0.811391
-0.744031
-0.685718
-0.140269
0.403520
0.760450
1.103454
1.418746
1.719430
1.041184
0.428249
0.070896
-0.336753
-0.587501
-0.345756
-0.045321
0.017079
-0.413324
-0.488080
-0.635827
0.115277
0.190037
0.986400
1.030734
0.751743
0.471730
0.378367
-0.039562
-0.076658
-0.159523
-0.147143
-0.570409
-0.951565
-1.059081
-0.875602
-1.017246
-0.245880
0.408175
0.741063
1.117325
1.034776
0.269856
-0.044847
-0.600596
-1.153292
-0.920598
-0.516899
-0.399449
-0.086387
0.346211
0.278355
0.529905
0.424277
0.584189
0.468960
0.120459
-0.462583
-0.472251
-0.928632
-0.735114
-0.635165
-0.313340
-0.211270
0.459540
0.286112
0.950986
0.851083
1.196890
1.172051
1.182635
0.254613
0.480263
-0.292892
-0.642686
-0.600896
-0.459571
-0.708301
-0.501927
-0.729196
-0.866637
-0.666580
-0.636731
-0.841903
-0.489108
-0.596619
-0.368661
-0.207821
0.230046
0.125795
0.506345
0.440033
0.309433
0.201335
0.206358
0.123031
0.346272
0.688757
0.954508
1.020112
1.069000
0.928444
0.195187
0.118289
0.145533
0.138208
0.163642
0.070791
-0.021671
-0.195528
-0.329307
-0.521316
0.045537
0.146080
0.303685
0.371502
0.309774
0.149350
0.049869
-0.540437
-0.538905
-1.007960
-0.876043
-0.887571
-0.488645
-0.214614
0.499929
0.492939
0.025502
-0.332599
-0.578376
-1.184955
-1.145448
-1.134060
-0.695676
-0.777091
-0.330249
-0.090336
0.568631
0.748654
0.954137
1.165475
0.872165
0.671183
0.496979
0.037666
-0.170719
-0.208704
-0.549328
-0.680023
-0.558495
-0.425055
-0.527984
-0.353841
-0.122176
-0.140772
-0.107911
-0.026977
-0.141798
-0.484696
-0.406475
-0.293326
-0.201140
0.223825
0.408515
0.455368
0.445822
0.631365
0.636715
0.674330
0.718489
0.483785
0.216246
-0.050248
-0.289667
-0.379649
-0.648184
-0.858838
-0.805122
-0.540328
-0.255886
0.160786
0.530669
0.693466
0.803119
0.780710
0.590136
0.467532
0.118014
-0.252696
-0.701800
-0.750180
-0.825454
-0.732049
-0.357634
0.030112
-0.035095
0.122294
0.095185
0.092540
-0.103982
-0.039055
0.046930
0.104503
0.138426
0.164585
0.171905
-0.054097
-0.071991
0.000660
0.210252
0.371840
0.528513
0.711980
0.589171
0.113093
-0.051390
-0.525583
-0.692047
-0.886012
-0.857325
-0.799964
-0.475915
-0.116171
0.145570
0.657980
0.872621
0.881193
0.851519
0.654729
0.396190
0.173692
0.125463
-0.236235
-0.546228
-0.417780
-0.533604
-0.554619
-0.391802
-0.055946
-0.097969
0.057359
0.256693
0.325188
0.072750
-0.006420
-0.153518
-0.092455
-0.425735
-0.437265
-0.292757
-0.246450
-0.250921
0.100028
0.485223
0.498923
0.695616
0.664485
0.299594
0.175989
0.243273
0.298615
0.186286
0.215740
0.176913
-0.108825
-0.196025
-0.283285
-0.233424
-0.156798
-0.185332
-0.166017
-0.278560
-0.315614
-0.356097
-0.431799
-0.492136
-0.484265
-0.317800
-0.344587
-0.131930
0.011850
0.138513
0.401011
0.613606
0.778946
0.776183
0.672627
0.389991
-0.084671
-0.289248
-0.477662
-0.143136
0.029713
0.206118
0.342684
0.402100
0.288662
0.267299
0.258330
0.101432
-0.156618
-0.243524
-0.370336
-0.511503
-0.560574
-0.213538
-0.076770
-0.241909
-0.148302
0.070028
0.032760
0.152680
0.488777
0.593156
0.448570
0.090649
-0.112743
-0.496172
-0.403657
-0.533857
-0.439145
-0.448235
-0.283293
-0.142158
0.186285
0.545899
0.550086
0.768373
0.522425
0.155283
-0.058855
-0.270116
-0.638297
-0.595993
-0.487663
-0.274327
-0.114912
0.230452
0.153772
0.357351
0.302663
0.232312
0.029594
0.271118
0.296106
0.278683
0.139492
0.179556
-0.168905
-0.360337
-0.528338
-0.341540
-0.136171
0.260346
0.406103
0.512395
0.651543
0.343315
-0.175887
-0.361400
-0.695488
-0.782924
-0.666071
-0.690253
-0.627929
-0.430404
-0.365798
0.097395
0.851267
0.869659
1.310907
1.348893
0.562415
0.144369
0.164813
-0.601970
-0.730572
-0.841186
-0.807042
-0.709825
-0.179457
-0.101559
0.833079
1.431207
1.974124
1.803369
1.731512
0.868139
0.236019
-0.710799
-0.700757
-0.661193
-0.318292
-0.382755
-0.247921
-0.288696
0.065570
0.082656
0.170862
0.166163
0.444206
-0.242624
-0.081834
-0.396390
-0.549614
-0.736326
-0.446635
-0.710850
-0.546456
0.037516
-0.071155
0.152937
0.031394
0.144993
-0.229899
-0.284170
-0.609100
-0.411275
-0.406200
-0.286531
-0.203684
-0.116287
-0.146101
0.165387
0.434942
0.798036
1.200860
1.663674
1.781046
1.605146
1.418216
1.137491
0.692525
0.286562
0.224237
-0.414472
-0.553671
-0.690692
-0.895303
-0.746969
-0.065374
-0.187682
-0.061785
0.045058
-0.287402
-0.516929
-0.379650
-0.384698
-0.290394
-0.674492
-0.683622
-0.841771
-1.486334
-1.568250
-1.196321
-1.007372
-0.334438
0.388782
0.466004
0.176600
0.290477
-0.580207
-0.455865
-0.338260
0.217019
0.117554
1.087754
1.120754
1.066059
1.062211
1.047799
0.570854
0.475502
0.456127
0.401111
0.214092
0.099627
-0.066915
-0.086243
-0.153306
-0.300576
-0.439969
-0.448558
-0.492129
-0.320537
0.037075
0.553975
0.422551
0.189238
0.331114
0.365554
0.110028
0.452027
0.736160
0.463737
0.691520
0.602847
0.485320
0.442212
0.075949
-0.641530
-0.721478
-0.895827
-1.097294
-1.371217
-1.290146
-1.419745
-1.785498
-1.581772
-0.597599
-0.455564
0.084317
0.966280
1.109061
0.850441
1.217890
1.258652
1.134306
1.254067
1.270633
1.040012
0.720273
0.551626
0.165554
-0.140107
-0.169942
-0.112601
-0.138864
-0.003253
0.235396
0.314236
-0.328200
-0.447283
-0.997989
-1.007127
-1.114207
-0.537574
-0.327601
0.136038
0.103085
0.829704
0.812306
0.733766
0.328726
0.367951
-0.357138
-0.326623
-0.721362
-0.650204
-0.561344
-0.953601
-1.009249
-0.205689
0.075190
-0.209654
0.442249
0.275901
0.185152
0.428175
0.555714
0.247275
0.471945
-0.137437
-0.105167
-0.026130
0.189556
0.298744
0.671079
0.688557
0.598519
0.491778
0.187579
-0.133623
-0.442484
-0.508402
-0.657805
-0.973655
-0.746037
-0.620511
-1.043122
-0.941505
-0.636610
-0.591562
0.046882
1.135653
1.395440
1.700890
1.896065
1.408810
0.836641
0.601676
-0.023021
-0.249979
-0.817814
-0.744527
-1.287621
-0.880166
-0.930469
-0.563666
-0.721962
-0.592825
-0.454131
-0.328796
-0.623872
-0.474129
-0.001035
0.061158
0.109343
0.581306
0.554806
1.073618
1.118419
1.412461
1.355541
1.338421
0.624207
0.261348
-0.400097
-0.715580
-0.886197
-1.293418
-1.159031
-1.450418
-1.169953
-0.640738
-0.106716
-0.006615
0.961614
1.002727
0.963173
0.923297
0.527000
-0.249927
-0.065979
-0.719135
-0.509665
-0.086146
0.205889
-0.067751
0.611167
0.315975
0.081511
0.014423
-0.084838
-0.544352
-0.429164
-0.142611
0.061072
0.227354
0.370276
0.445021
-0.109692
-0.251330
-0.350274
-0.048019
0.188172
1.006155
1.238356
1.537653
1.062091
0.203112
-0.255110
-0.483123
-1.275151
-1.159683
-0.333051
-0.277180
-0.257506
0.288796
0.526836
0.380071
0.510203
0.235489
0.161545
-0.191075
-0.422233
-0.594210
-0.520765
-0.490889
-0.617517
-0.802702
-0.741789
-0.531106
-0.262307
-0.031297
0.451209
0.652139
0.796430
0.768961
0.548372
0.408178
0.060228
-0.221607
-0.357998
-0.144205
0.088097
0.153848
0.507455
0.405826
0.530481
0.173630
-0.002107
-0.289745
-0.719275
-1.317084
-1.278748
-1.165167
-0.698686
-0.251276
0.547612
0.575345
0.571750
0.513088
0.963856
1.036289
1.010857
1.117633
0.857457
0.448038
0.095121
-0.218256
-0.191549
-0.288464
-0.699748
-0.825771
-0.532437
-0.225546
-0.293702
0.007763
0.260613
0.246109
0.119038
0.207254
0.146896
-0.197217
-0.394734
-0.769101
-0.967950
-0.744133
-0.591336
-0.387715
-0.012306
0.039023
0.146322
0.107181
0.396756
0.476814
0.399580
0.208359
0.230792
0.147445
-0.395140
-0.487973
-0.515221
-0.559266
-0.596174
-0.221741
0.201192
0.355884
0.469977
0.434536
0.162311
0.163428
0.156087
0.193852
0.271958
0.445844
0.326081
0.203776
0.315810
0.325019
0.431637
0.616361
0.581513
0.349033
-0.124219
-0.548599
-0.850853
-0.958409
-0.795651
-0.627450
-0.250115
-0.061320
-0.062048
-0.082790
-0.088405
0.008569
-0.024587
0.202215
0.233454
0.302111
0.313206
0.195121
0.259080
0.261097
0.221151
0.170671
0.150198
0.172215
-0.069041
-0.083140
-0.056185
-0.019392
-0.187734
-0.165413
0.123641
0.144639
0.145703
0.343072
0.315415
0.248135
-0.057157
-0.112650
-0.410711
-0.523664
-0.453577
-0.366420
-0.281155
-0.184442
-0.006838
0.038554
0.017930
-0.005857
-0.042589
-0.058444
-0.098408
-0.137038
-0.138918
-0.142194
0.128755
0.153718
0.111341
0.378744
0.303416
0.188314
-0.146271
-0.135875
-0.128664
-0.082822
0.047667
0.057026
0.315013
0.263512
0.222393
0.136320
0.336532
0.366275
0.143793
0.243091
0.064829
-0.141797
-0.368759
-0.323133
-0.069234
-0.067048
0.041306
0.139426
0.100811
0.120628
0.100666
0.319581
0.534371
0.474863
-0.055979
-0.113097
-0.392393
-0.710502
-0.728822
-0.282690
-0.332033
-0.379341
-0.446682
-0.445179
-0.354866
-0.285277
-0.001340
0.079936
0.208515
-0.019679
0.036147
-0.169220
-0.156193
0.155550
0.138125
0.158855
0.374571
0.280148
0.062599
-0.084416
0.062792
0.048268
0.074411
0.142340
0.245750
0.041864
-0.235803
-0.253056
-0.314087
-0.397742
-0.144947
-0.116545
0.162212
0.268777
0.576829
0.503950
0.473397
0.437763
0.145738
-0.132502
-0.084131
-0.098036
-0.083643
-0.127722
0.026047
-0.087005
0.009989
-0.106226
-0.206914
-0.156426
-0.356854
-0.458883
-0.341855
-0.236816
-0.176444
-0.114366
0.132729
0.131916
0.123146
0.031179
-0.091004
-0.125640
-0.177377
0.006738
0.056257
0.252510
0.375024
0.201663
0.331516
0.395320
0.348246
0.297907
0.294286
0.290598
0.042923
0.020180
0.125873
0.393554
0.332421
0.269063
0.228023
-0.129650
-0.654036
-0.889553
-0.583264
-0.520752
-0.467388
-0.158792
0.216493
0.253527
0.319140
0.417744
0.541545
0.408277
0.519788
0.591153
0.262767
0.250697
-0.151293
-0.746089
-0.798500
-0.848960
-0.853878
-0.628018
-0.562337
-0.756292
-0.640807
-0.792278
-0.703688
-0.438838
-0.090526
0.268510
0.509404
0.505066
0.402433
0.250537
0.563291
0.807607
1.203411
1.287494
1.392137
0.999747
0.104409
-0.833639
-0.841966
-1.236191
-1.185472
-0.946259
-0.303773
-0.178085
0.090248
-0.004519
0.665569
0.591763
0.436620
0.479136
0.640023
0.272125
0.302119
-0.005770
-0.055724
-0.251272
-0.725342
-0.860696
-0.361054
-0.554552
-0.360095
0.263955
0.175494
0.173801
0.266223
-0.290265
-0.536282
-0.454804
-0.902203
-0.742803
-0.373925
-0.212143
0.273683
1.047268
1.416711
1.746982
1.700355
1.318269
0.827525
0.423311
0.342718
0.309851
-0.039615
-0.040651
-0.451165
-1.163987
-1.392968
-1.377401
-1.136956
-0.425356
-0.008150
0.101290
0.285383
-0.002910
-0.277556
-0.101093
-0.325770
-0.502198
-0.347592
-0.780633
-0.926177
-1.019903
-0.779265
-1.032108
-0.796891
-0.728737
-0.317316
-0.223618
0.039655
0.411270
0.497706
0.779910
0.991116
1.189769
1.098907
1.098907
1.500914
1.249193
1.417047
1.256038
1.001779
0.282777
0.224379
-0.355805
-0.443688
-0.453173
-0.419819
-0.304700
-0.112737
0.177953
0.372495
0.456175
0.439807
0.419367
0.248979
0.801049
0.712424
0.150385
0.097482
0.199007
-1.118687
-1.149210
-1.213507
-1.243216
-1.825136
-1.522680
-1.204871
-0.556755
-0.437647
0.113093
0.901171
0.974191
0.808731
1.055026
0.757682
0.628344
0.097771
0.024161
-0.300904
-0.086125
-0.323944
-0.155811
0.062373
0.061384
0.111344
0.161836
0.034933
0.119790
-0.087587
-0.297421
-0.254126
-0.323550
-0.408242
-0.394486
-0.163119
-0.226228
0.205568
0.220198
0.160642
0.203075
0.002913
-0.376239
-0.299107
-0.339245
-0.308186
-0.006513
0.536250
0.462426
0.726960
0.963847
1.156632
0.797115
0.358873
-0.071408
-0.451865
-1.145617
-1.124625
-1.040850
-0.625029
-0.573029
-0.485373
-0.552683
-0.225489
-0.138563
-0.096441
0.284948
0.388663
0.801796
0.836029
0.595817
0.483361
0.435856
-0.311098
-0.527248
-0.661820
-0.602825
-0.514386
0.202611
0.435807
1.163553
1.228198
1.417832
1.033804
0.914152
0.248038
0.171386
-0.379960
-0.415039
-0.734616
-0.791782
-0.901083
-0.781980
-0.881734
-0.839773
-0.687553
-0.739775
-0.311238
-0.102179
-0.059785
0.281848
0.206366
-0.292694
-0.191156
0.195153
0.076637
0.279039
0.506444
0.339150
0.500782
0.471773
0.448961
0.400694
0.302252
-0.101690
-0.120170
-0.079436
0.034786
-0.419929
-0.240849
-0.182417
-0.831766
-0.822447
-0.081573
0.141747
0.969667
2.638827
2.570074
2.276852
2.007587
0.614457
-0.227725
-0.059104
-0.445543
-0.413904
-0.328125
-0.452180
-0.717301
-0.322290
-0.457013
-0.160293
-0.244961
-0.528685
-0.434587
-0.380340
-0.294278
-0.265812
0.156006
0.257726
-0.187614
-0.542943
-0.425380
-0.400603
-0.424677
0.154704
0.719566
0.783215
0.509661
0.646222
0.138267
0.161269
-0.368608
-0.099083
-0.247457
-0.343718
-0.438501
-0.069379
-0.156270
-0.268533
0.190755
0.143253
0.110117
0.255140
-0.030919
-0.349113
-0.322621
-0.679390
-0.813655
-0.570995
-0.212304
-0.274634
-0.030616
-0.040575
0.000478
0.065570
0.191385
0.451594
0.716051
1.015870
1.174445
1.285308
1.291610
1.202978
1.050412
0.918036
0.623394
0.302188
-0.018974
-0.265804
-0.403156
-0.792391
-0.535518
-0.833688
-0.775878
-0.831660
-0.897609
-1.066615
-0.696454
-0.683023
-0.790405
-0.524338
-0.563501
-0.576518
-0.571456
-0.325338
0.027308
0.262124
0.363746
0.503559
0.404614
0.469892
0.652124
0.864193
0.967260
1.146980
1.085795
0.876743
0.755575
0.609840
0.538770
0.480971
0.398398
0.289340
0.211121
0.124568
-0.123773
-0.495331
-0.801872
-1.115576
-1.248858
-1.219389
-0.899655
-0.579315
-0.214250
0.160699
0.582235
0.909577
1.162050
1.550003
1.488924
0.719666
0.486145
0.251838
-0.254503
-0.442872
-0.353518
-0.408880
-0.574826
-0.618976
-0.650960
-0.249290
-0.198530
-0.456011
-0.170878
0.031666
0.151592
0.174868
0.529155
0.472172
0.328587
0.214422
0.214375
0.433610
0.493471
0.051770
-0.061083
-0.221977
-0.432800
-0.628785
-0.762221
-0.851143
-0.961290
-1.117658
-1.249224
-0.825796
-0.633540
-0.435812
-0.100564
0.280611
0.561624
1.077766
1.354409
1.470480
1.331157
1.313617
0.862250
1.033300
0.787916
0.314793
0.105029
-0.057259
-0.731027
-0.864279
-0.434624
-0.326851
-0.308896
-0.098630
0.105656
0.046206
0.004624
0.618091
0.664623
0.602117
0.108115
0.319003
-0.813935
-0.890342
-1.358053
-1.308783
-1.524315
-1.246154
-1.239306
-0.407572
0.553800
0.613700
1.198995
1.263620
1.271490
0.899066
0.874686
0.580850
0.562633
0.122991
-0.067770
-0.411132
-0.503853
-0.611761
-0.697977
-0.406351
0.056217
0.036393
-0.239531
-0.494483
-0.744820
-0.911106
-0.701935
-0.473080
0.034429
0.209664
0.588928
0.594720
0.756664
0.675995
0.735869
0.559828
0.676383
0.534337
0.330860
0.218692
-0.041521
-0.335984
-0.470470
-0.374142
-0.745937
-0.734041
-0.655438
-0.390417
-0.355361
0.148824
0.381660
0.546908
0.715143
0.714508
0.267116
0.096943
-0.252646
-0.398530
-0.577558
-0.588217
-0.620028
-0.512580
-0.384081
-0.041948
0.310244
0.292018
0.517677
0.522602
0.590062
0.681376
0.725725
0.416428
0.318785
-0.037697
-0.245569
-0.242215
-0.074113
-0.152033
-0.093910
0.077099
0.214642
0.336555
0.119247
0.001833
-0.201062
-0.557725
-0.593522
-0.560824
-0.372885
-0.382472
-0.288710
-0.449621
-0.032631
-0.045049
-0.250838
-0.357723
-0.268061
-0.749208
-0.700311
-0.457582
-0.261665
-0.312996
-0.254836
-0.223116
-0.167891
0.156401
0.461844
0.919217
0.957252
1.212323
1.269231
0.785432
0.570126
0.527117
-0.035237
-0.379023
-0.461923
-0.588851
-0.789776
-0.745262
-0.596047
-0.457209
-0.134282
-0.302062
-0.061380
-0.206936
0.138626
0.075032
0.571502
0.514904
0.508164
0.303385
0.161848
-0.054290
0.195770
0.369075
0.297557
0.185052
0.166183
-0.121104
-0.136664
-0.109997
-0.090920
-0.318944
-0.231205
-0.436496
-0.436268
-0.556666
-0.111393
0.038941
-0.025373
0.228561
0.595552
0.644809
0.168864
0.060994
-0.184515
-0.449766
-0.449947
-0.344428
-0.147194
-0.108092
-0.095373
-0.194896
0.087357
0.244718
0.400712
0.607102
0.465154
0.181945
0.049820
-0.274744
-0.410857
-0.365523
-0.306522
-0.362206
-0.047020
0.099021
0.233222
0.499566
0.664301
0.488777
0.275530
0.274885
0.085928
-0.086629
-0.255545
-0.270045
-0.697971
-0.712146
-0.824495
-0.691374
-0.325720
0.221908
0.554960
1.000891
1.031067
0.723238
0.224259
0.002363
0.076272
0.158062
-0.112730
-0.226801
-0.351282
-0.896142
-1.084340
-0.771846
-0.395224
-0.275075
-0.039884
0.160262
0.052453
0.171787
0.125924
0.070979
0.043100
0.162733
0.274833
0.204803
0.379484
0.490528
0.314795
0.145050
0.325423
0.317715
0.356774
0.666733
0.775685
0.443574
0.113738
-0.252761
-0.221356
-0.464057
-0.311367
-0.047881
0.075325
0.063659
-0.015723
-0.047861
-0.025971
-0.065180
-0.545484
-0.521557
-0.463966
-0.623913
-0.719320
-0.299774
-0.334137
-0.170405
-0.023587
0.295034
0.349782
0.431817
0.320774
0.482937
0.607670
0.662173
0.658714
0.618493
0.083974
-0.226986
-0.644822
-0.766083
-0.601692
-0.405863
-0.144334
-0.272793
-0.147151
-0.301236
-0.020732
0.018834
0.326416
0.333087
0.345804
0.136761
-0.047445
-0.075232
0.119741
0.305266
0.491952
0.600240
0.562670
0.395487
-0.023470
-0.299756
-0.561919
-0.609961
-0.705070
-0.825450
-0.839218
-0.884724
-0.530734
-0.219591
0.434687
0.764807
1.145711
1.048770
0.838483
0.559439
0.288148
-0.032663
-0.268280
-0.389052
-0.524156
-0.602296
-0.689654
-0.526846
-0.299593
-0.047829
0.191928
0.488490
0.586247
0.203463
0.055199
0.232468
0.411774
0.296360
0.302714
0.373235
0.102424
0.149923
0.034747
0.230840
0.436029
0.085114
-0.260178
-0.252661
-0.149708
-0.354821
-0.261438
-0.187118
-0.345338
-0.333959
-0.377531
-0.207462
-0.310863
-0.211567
-0.059950
0.169707
0.547900
0.599066
0.439639
0.269352
-0.245058
-0.428692
-0.629550
-0.615454
-0.652269
-0.369614
-0.217302
0.256494
0.687815
0.689139
0.906261
0.661941
0.150310
-0.063570
-0.250146
-0.708287
-0.720156
-0.645936
-0.511744
-0.044821
0.238481
0.283502
0.690319
0.653704
0.663844
0.667555
0.371354
-0.085365
-0.037995
-0.498554
-0.538884
-0.599417
-0.486200
-0.694137
-0.666655
-0.533983
-0.122977
-0.140906
-0.268273
-0.353694
-0.419971
-0.142284
0.071604
0.122153
0.485277
0.528387
0.241376
0.210316
0.384393
0.231274
0.309477
0.382864
0.477211
0.622370
0.515648
-0.004859
-0.141206
-0.288329
-0.744374
-0.614790
-0.349401
-0.489584
-0.605618
-0.376373
-0.413069
-0.043766
0.100460
0.595158
0.781207
0.989147
0.811903
0.895900
0.571688
0.629433
0.192729
-0.234959
-0.178142
-0.151947
-0.226167
0.449802
0.662654
0.460275
0.270833
0.181316
-0.653538
-0.456241
-0.824381
-1.029705
-0.896327
-0.695586
-0.882149
-0.558993
-0.445560
-0.704140
-0.162299
-0.165796
-0.097431
0.203076
0.384169
0.100957
0.203381
0.295349
0.185303
0.080943
0.248000
0.381552
1.017472
1.183501
1.666304
1.456661
0.684030
-0.634194
-0.886635
-1.249175
-1.123983
-0.292106
0.465983
0.712155
0.290567
0.252676
-0.473053
-0.511240
-0.705721
-0.369846
-0.514821
0.290781
0.153452
-0.358202
-0.453478
-0.422113
-1.429448
-1.655153
-1.202675
-1.022787
-0.274300
1.165234
1.394720
1.895487
1.831985
1.717054
0.992997
1.003292
0.696973
0.771456
-0.293080
-0.173732
-0.143071
-0.631666
-0.690818
-0.266342
-0.358677
-0.426101
-0.008934
0.011554
-0.522839
-0.556884
-0.066871
-0.066189
-0.547939
-0.443547
-0.336803
-1.187979
-1.040770
0.019329
0.721945
0.814390
1.316743
1.254393
0.747160
0.568929
0.036063
-0.446342
-0.633387
-1.173967
-1.236172
-1.289447
-0.902050
-0.768635
-0.628258
-0.565011
0.215561
0.329160
0.452420
0.979304
1.185068
0.784584
0.929340
0.831252
0.657476
0.545295
0.188276
-0.185644
-0.411840
-0.543672
-0.220119
0.608628
0.675179
0.778930
0.763552
0.218983
-0.322561
-0.359183
-0.799740
-0.779459
-1.193959
-1.149657
-0.714806
0.169257
0.124358
1.132248
1.185146
0.822684
0.525481
0.852053
0.457919
0.481629
0.472750
0.580106
-0.142606
-0.752568
-0.683116
-1.162333
-1.396196
-0.553465
-0.036860
-0.134750
0.380561
0.491191
0.349514
0.545549
0.799774
1.020618
1.113782
0.558553
0.471952
0.283469
0.007147
-0.201832
0.144194
0.049989
-0.043827
0.093086
-0.231994
-0.525525
-0.599545
-0.647419
-0.914382
-1.292453
-0.947955
-0.820412
-1.128037
-0.886828
-0.052002
0.219241
0.418606
1.035984
1.283914
1.495374
1.504891
0.732455
0.475116
0.105777
-0.822146
-1.119228
-0.829867
-0.881086
-0.965633
-0.487343
-0.586746
-0.433613
-0.353918
-0.248633
0.155635
0.614967
0.713220
1.200889
1.546333
1.252082
0.772232
0.494626
-0.150571
0.280343
0.181954
0.320015
0.633352
0.874633
0.084892
0.420611
0.341963
0.290480
0.168715
0.208134
0.001643
-0.423666
-0.361023
-0.199966
0.057250
0.282059
0.457520
0.529298
-0.060240
-0.192624
-0.773236
-0.794887
-0.829542
-0.877729
-1.006412
-1.229720
-0.868821
-1.007870
-0.034258
-0.061779
0.796302
0.720518
0.440476
-0.280662
-0.260856
-0.532412
-0.468310
-0.474622
-0.185240
-0.158565
-0.611812
-0.677997
0.019332
-0.000650
0.385878
1.293629
1.368385
1.021934
1.155913
0.488199
0.123599
0.201976
-0.144287
-0.234700
-0.018119
-0.119187
0.114308
0.750894
0.584558
0.173489
0.108663
-0.272153
-0.498406
-0.231656
-0.023011
0.204556
-0.164420
-0.330494
-1.108882
-1.446374
-1.783115
-0.886832
-1.012877
-0.461117
0.208953
0.484022
0.019423
0.222629
0.301780
0.229957
0.073253
0.012224
0.009118
-0.167970
-0.170519
0.355413
0.223236
-0.026668
0.474939
0.380502
-0.208145
0.077628
0.439340
0.214750
0.450844
0.732333
0.615911
0.406458
0.296978
0.173773
-0.131370
0.140647
1.094149
1.059451
1.001174
1.170053
0.823820
-0.167896
-0.100107
-0.689788
-0.889020
-0.999424
-0.403987
-0.582186
0.306226
0.267737
0.134837
-0.697482
-0.777917
-1.076046
-0.881149
-0.571823
-0.202708
0.075179
0.061727
0.105978
0.334415
0.146956
0.319671
0.618823
0.573866
0.227495
0.380190
-0.353008
-0.626006
-0.605119
-0.892015
-0.892304
-0.272664
-0.094000
0.029307
0.633414
0.798010
1.224450
1.077099
1.257805
1.159130
1.071458
0.649097
0.721438
0.058351
-0.000656
-0.477254
-0.975742
-1.071560
-0.828373
-0.905701
-0.254906
0.063736
-0.020001
-0.045454
-0.134326
-0.556991
-0.616795
-0.654395
-0.668744
-0.595152
-0.940433
-0.911205
-0.905663
-0.743630
-0.765202
0.273928
0.465835
1.198408
1.320444
1.572007
1.281528
1.384714
0.481262
0.422107
-0.154921
-0.292238
-0.407241
-0.064720
-0.094904
0.721163
0.646877
0.478809
0.407206
0.362695
-0.375103
-0.329104
-0.506849
-0.477777
-0.475476
-0.217217
-0.442886
-0.447712
-0.662959
-0.492249
-0.260937
0.105500
0.569196
0.632746
0.026597
-0.107300
-0.240657
-0.747378
-0.551160
-0.046297
0.085287
0.170909
0.599379
0.626941
0.790686
0.646603
0.493383
0.348873
0.268592
-0.222635
-0.256487
-0.470063
-0.283716
-0.082592
0.374077
0.504855
0.311001
0.242215
0.024352
-0.248888
-0.403844
0.438568
0.302187
-0.129784
-0.022942
-0.259541
-1.016613
-0.898965
-0.761940
-0.856260
-0.323043
-0.040443
-0.157406
0.162809
0.173058
0.040101
0.198561
0.754073
0.803204
0.976820
0.398455
0.375371
-0.534616
-0.563665
-0.722199
-0.415019
-0.498614
0.431635
0.210468
0.625119
1.180800
0.831407
0.462876
0.522752
-0.437395
-0.841934
-0.469735
-0.948366
-0.758931
-0.188406
-0.152898
-0.135137
0.214282
0.131423
0.436192
0.246917
0.065707
-0.065485
-0.025771
-0.324426
-0.150006
-0.043770
-0.025206
-0.236658
-0.448999
-0.191948
0.157377
0.697730
1.301967
1.529373
1.288661
0.554500
0.132077
-0.622550
-0.657012
-0.942850
-0.789810
-0.907791
-0.738192
-0.457188
-0.063923
0.112114
0.140295
0.536585
0.186104
-0.241578
-0.153441
0.092972
-0.111800
-0.025623
0.098913
0.125487
-0.082720
0.115356
0.330488
0.679696
0.828409
0.999261
0.734122
0.478175
0.252701
0.049567
-0.421444
-0.317061
-0.496016
-0.548497
-0.607390
-0.544052
-1.062597
-1.064443
-1.103806
-0.806018
-0.341382
0.164715
0.208905
0.398426
0.014185
-0.090802
0.002946
-0.090537
-0.096128
0.122784
0.478662
0.430540
0.721090
0.982167
1.249732
0.789863
0.423963
0.393438
0.079032
-0.347168
-0.481830
-0.682795
-0.884012
-1.206273
-1.429474
-1.209719
-0.642596
-0.359058
0.050726
0.482279
0.537881
0.346554
0.511831
0.620415
0.684612
0.426799
0.435061
0.163303
-0.100203
0.051185
0.346033
0.516152
0.588662
0.713594
0.528339
-0.318554
-0.535572
-1.117137
-1.702642
-1.885740
-1.262953
-0.802324
-0.290069
0.558769
0.941995
0.873956
0.863727
0.532423
0.160382
-0.250164
-0.212034
-0.294215
0.048655
-0.161370
-0.119395
0.137674
-0.120693
-0.138988
0.045766
0.029381
0.010309
0.244470
0.430067
0.652796
0.763910
0.591383
0.199949
-0.147658
-0.490399
-0.797957
-0.847669
-0.820933
-0.512018
-0.474949
-0.352771
-0.135564
-0.051034
-0.163886
-0.035947
0.244997
0.269252
0.346208
0.550188
0.525283
0.604495
0.318475
0.199306
-0.089259
-0.180583
-0.307562
-0.342225
-0.049388
0.026894
0.142688
0.036117
-0.057459
-0.217891
-0.355969
-0.494353
-0.486279
-0.336335
-0.184007
0.082251
0.359928
0.439984
0.419094
0.108651
-0.192368
-0.211276
-0.347748
-0.294347
-0.175879
-0.224262
-0.134950
-0.127200
0.054740
0.241113
0.700623
0.743441
0.997601
1.102605
0.966757
0.540398
0.338109
-0.150916
-0.430444
-0.776701
-0.753510
-0.948745
-0.902415
-0.837192
-0.685721
-0.467265
-0.228876
0.080666
0.190340
0.572338
0.451052
0.331217
0.192388
-0.017962
-0.334623
-0.103013
-0.131290
0.136944
0.359999
0.610224
0.526929
0.397991
0.081702
-0.190752
-0.130360
0.035974
-0.134831
-0.091710
0.031900
-0.225377
-0.524886
-0.185098
0.046216
-0.015601
0.227868
0.228667
0.505727
0.553057
0.572729
0.363107
0.364775
-0.147255
-0.817484
-1.172062
-1.000510
-1.137279
-0.773132
-0.234289
0.253002
0.212196
0.305932
0.333637
0.131830
0.225226
0.116231
0.191408
0.307676
0.466550
0.211417
0.156899
0.366417
0.322190
0.145246
0.337817
0.295216
0.315780
0.014986
0.009380
-0.277640
-0.408138
-1.024862
-1.074583
-0.801190
-0.527365
-0.445963
0.044302
0.067206
0.042501
-0.001026
0.213004
0.245592
0.273306
0.074046
-0.085522
0.052248
-0.090830
-0.008430
0.289670
0.313220
0.094071
0.126845
0.140965
0.170332
0.408561
0.640907
0.750913
0.795789
0.546206
0.373358
-0.152769
-0.593299
-0.771934
-0.919576
-1.054826
-0.555405
-0.407572
-0.141778
-0.106106
0.136242
0.057670
0.067000
0.077643
0.133145
-0.218468
-0.345286
-0.195010
-0.125744
-0.145356
0.250983
0.120398
0.203308
0.071594
0.197984
0.106546
0.318256
0.392314
0.211508
0.039219
-0.285941
-0.436996
-0.476840
-0.534798
-0.293740
0.091161
0.042783
0.080507
0.380086
0.424753
0.277873
0.391129
0.398202
0.248333
0.289348
0.265544
0.398828
0.385157
0.320278
0.232989
0.151297
0.098499
-0.179946
-0.242263
-0.258806
-0.278197
-0.651857
-0.583579
-0.474002
-0.592237
-0.723000
-0.468292
-0.443737
-0.219159
-0.260542
-0.065730
0.160488
0.398300
0.442070
0.442280
0.749975
0.558566
0.390995
0.172178
0.263625
0.250676
0.082328
-0.137010
-0.106019
-0.333386
-0.459428
-0.496926
-0.200781
-0.136389
-0.059755
-0.185648
-0.033169
0.085634
0.095763
0.345695
0.502106
0.470078
0.417088
0.371905
0.413503
0.479805
0.483933
0.518630
0.395893
0.192486
-0.296717
-0.480027
-0.712470
-0.716895
-0.569847
-0.387751
0.007879
0.179511
0.072410
0.155309
0.262301
-0.102446
-0.480890
-0.543915
-0.709902
-0.679302
-0.093934
-0.061595
0.151191
0.120718
0.079345
-0.029455
0.145589
0.171234
-0.036460
-0.229465
-0.348226
0.052006
0.074064
0.020165
0.221264
0.097668
-0.258167
0.000821
0.139930
0.419169
0.354815
0.250544
0.245140
0.066945
-0.201974
-0.305462
-0.139837
-0.345396
0.253687
0.331959
0.298935
0.277450
0.187502
-0.122836
0.056022
0.408949
0.632556
0.249072
0.169738
-0.169801
-0.457863
-0.853744
-0.904126
-0.899978
-0.954386
-0.976503
-0.772659
-0.481239
-0.154811
0.198364
0.644282
0.556676
0.759955
0.598150
0.791631
0.515805
0.485353
0.394828
0.305739
-0.138021
-0.167582
-0.007138
-0.066623
-0.195935
0.046370
0.009139
0.125050
0.181751
0.081664
-0.375972
-0.262608
-0.155539
-0.121638
0.008350
0.142340
-0.023294
-0.528305
-0.351991
-0.069088
-0.089776
0.189994
0.521733
0.233648
-0.309328
-0.146217
-0.314650
-0.425466
-0.230433
0.218098
0.258916
0.322846
0.254307
0.498929
0.713470
0.536027
0.609031
0.493710
-0.241137
-0.601904
-0.558376
-1.191497
-1.156459
-1.264949
-1.228772
-0.815716
0.094113
0.197610
1.123256
1.250196
1.332974
0.983399
1.008918
0.652590
0.558765
0.170913
0.187012
-0.305480
-0.867564
-1.020689
-1.749084
-1.884365
-1.465557
-0.831678
-0.474541
1.266856
1.586969
1.786838
1.678989
1.431565
0.328123
0.157756
0.195570
0.251576
1.085066
1.000829
0.833517
1.110286
0.915159
-0.149722
-0.148484
-0.299076
-0.871595
-0.820847
-1.256822
-1.134967
-0.845177
-0.428141
-0.025457
0.250838
0.251038
0.107138
-0.205979
-0.571019
-0.086445
0.144154
0.307793
0.293168
-0.280708
-0.214406
-0.378262
-1.012424
-0.798343
-0.069068
-0.048586
0.492035
1.596836
1.421405
1.889412
1.740455
0.523320
-0.051067
-0.101841
-1.279127
-1.380386
-1.363081
-1.310106
-1.345685
-0.794706
-0.601508
0.027910
0.100776
-0.060233
0.215824
0.363260
0.478654
0.535472
0.575795
0.610581
0.217063
-0.000831
0.201713
0.081182
-0.096133
0.139889
0.256316
-0.004452
0.281916
0.222390
-0.105541
-0.017374
-0.492495
-0.863335
-0.794357
-0.849781
-1.060273
-1.150975
-0.732759
-0.820434
-0.430638
-0.251296
-0.148287
0.023396
0.186422
0.263914
0.623982
1.253264
1.366223
1.455143
1.372264
1.024308
0.768823
0.368434
0.475498
0.363105
0.276439
0.286376
0.484992
0.171762
0.088176
-0.451158
-0.561436
-0.744822
-0.923717
-0.814192
-0.443641
-0.348009
0.201623
0.830917
0.854466
0.622278
0.656030
-0.235304
-0.762267
-0.709541
-0.745032
-0.742252
-0.777261
-0.690318
-0.609740
-0.030567
0.044550
0.835553
0.851065
1.124284
1.089779
1.086003
0.554554
0.548299
-0.097728
-0.143877
-0.515623
-0.586007
-0.671560
-0.510280
-0.690340
-0.478934
-0.026878
-0.064313
0.251493
0.326743
0.118015
-0.009247
-0.164239
-0.548846
-0.501031
-0.375544
-0.357138
-0.141120
0.162525
0.316568
0.422080
0.456577
0.611244
0.632503
0.246150
0.104633
-0.002972
-0.303661
-0.499832
-0.469962
-0.294181
-0.334560
-0.232998
-0.066216
0.055404
0.172602
-0.003200
-0.167722
-0.345826
-0.002082
0.094839
0.197855
0.460364
0.543012
0.121057
-0.107615
-0.105338
0.017094
-0.112608
-0.032132
0.202740
0.477472
0.205347
0.001587
-0.044372
-0.365023
-0.678320
-0.441846
-0.388837
-0.326712
-0.272689
-0.186296
-0.080944
0.468562
0.806779
1.056509
1.240529
0.925703
0.408295
0.084846
-0.126070
-0.265387
-0.389680
-0.379515
-0.401892
-0.507890
-0.391462
-0.135921
0.115255
0.035397
0.262500
0.048222
-0.298801
-0.391691
-0.439700
-0.749832
-0.667543
-0.657246
-0.641538
-0.433051
0.029331
0.338202
0.890094
1.229949
1.427851
1.384631
1.034634
0.718636
0.320628
-0.266096
-0.615696
-0.680220
-0.577113
-0.457939
-0.389901
-0.240894
-0.373301
-0.409820
-0.594213
-0.382276
-0.443976
-0.406362
-0.475086
-0.330993
0.012730
0.297858
0.460730
0.715365
0.528605
0.436371
0.292196
0.450578
0.337093
0.376704
0.297582
0.086058
-0.038920
-0.173642
-0.095838
-0.003741
0.079618
0.278848
0.227315
0.180587
0.119052
0.223360
0.163711
0.159647
0.186417
-0.005105
-0.207113
-0.194256
-0.247850
-0.394074
-0.508301
-0.582297
-0.709453
-0.596138
-0.209222
0.099642
0.512291
0.708207
0.898032
0.934704
0.654861
0.384619
-0.030999
-0.380962
-0.743169
-0.787268
-0.782722
-0.612863
-0.304309
-0.006392
0.144026
0.342357
0.540338
0.583527
0.446147
0.507018
0.376735
0.034891
-0.176282
-0.404886
-0.533847
-0.671578
-0.646756
-0.562291
-0.302641
-0.025306
0.212348
0.456029
0.579520
0.480885
0.270055
0.096215
0.171754
-0.083561
-0.277252
-0.334691
-0.388379
-0.361231
-0.318156
-0.126202
0.140825
0.368966
0.419546
0.194316
0.273358
0.112184
-0.238314
-0.454500
-0.378870
-0.375324
-0.395731
-0.223950
-0.087723
0.001693
0.141324
0.312238
0.544480
0.383784
0.295873
0.080823
0.035060
-0.168634
-0.343795
-0.343928
-0.306280
-0.481668
-0.334864
-0.046462
0.260172
0.433848
0.656565
0.504366
0.210581
0.065891
0.041833
0.027197
0.235210
0.244443
0.259056
0.065761
-0.079811
-0.265671
0.052238
0.234906
0.431860
0.428789
0.109099
-0.235135
-0.438025
-0.719337
-0.723894
-0.407982
-0.221612
-0.212104
-0.107760
0.214723
0.188145
0.096098
-0.279297
-0.639570
-0.908622
-0.879545
-0.217903
-0.207976
0.150962
0.048472
-0.332521
-1.035332
-0.832368
-0.439740
-0.007173
0.751329
1.273674
1.459372
1.206859
1.314761
0.994224
0.669614
0.404817
0.379495
-0.093012
-0.156579
-0.239937
-0.100394
-0.179587
0.219036
0.540115
0.844946
0.797954
0.691569
-0.268761
-0.575841
-1.317535
-0.963220
-1.440530
-1.504535
-1.395062
-0.828921
-0.859365
0.447956
1.103554
1.041002
1.696515
1.533323
0.229531
0.285815
0.324237
-0.352619
-0.279836
0.342553
0.226645
-0.248673
-0.324273
-0.336893
-0.011325
0.043090
0.768335
0.752208
0.233269
-0.582447
-0.678998
-1.530046
-1.605632
-1.707765
-1.225793
-1.160251
-0.605116
-0.393980
0.295125
0.496449
0.618161
0.724858
0.806383
0.816698
0.803593
0.862538
0.852402
0.778436
0.317805
0.071491
-0.203944
-0.354006
-0.558314
-0.272511
-0.136798
0.003821
0.303186
0.536067
0.751147
0.841309
0.581981
0.390768
0.258814
0.086506
-0.635554
-0.966440
-1.102382
-1.558345
-1.514594
-1.407299
-0.747434
-0.578577
-0.026658
0.114929
0.333055
0.352420
0.362308
0.388985
0.383812
0.662098
0.703612
0.602652
0.575841
0.597909
0.440967
0.260039
0.135471
0.034513
-0.082413
0.078884
0.142201
-0.259203
-0.295922
-0.383431
-0.476462
-0.549300
-0.229441
-0.426004
-0.766583
-1.018099
-1.093186
-0.920589
-0.612834
-0.206084
0.186767
0.397644
0.601513
0.655032
0.819963
0.842338
0.750817
0.623108
0.379224
-0.002006
-0.241061
-0.980231
-1.080403
-0.997936
-0.897894
-0.905463
-0.303953
-0.106880
0.027502
0.058128
0.660878
1.219889
1.516282
1.732387
1.623859
0.569841
0.012155
-0.550874
-1.404071
-1.290274
-1.126026
-0.978011
-0.918819
-0.414183
0.042856
0.718042
0.854183
1.096357
1.169112
0.756248
0.587991
0.518657
0.432452
0.469138
0.058642
-0.453459
-0.661433
-0.948342
-0.708682
-0.101426
0.516572
0.583494
0.385504
0.030229
-0.021336
-0.237549
-0.221802
-0.163676
-0.170229
-0.660320
-0.671733
-0.688797
-0.400666
-0.413104
-0.211664
0.119319
0.453165
0.766553
0.561581
0.401263
0.137856
-0.030302
-0.205048
-0.182014
0.157496
0.165194
0.101750
0.290954
0.469511
0.612832
0.220785
-0.183252
-0.484600
-0.679955
-0.821680
-0.490756
-0.205033
-0.280498
-0.304974
-0.390353
-0.470209
-0.230612
0.004150
0.412985
0.652745
0.874849
0.889997
0.469171
0.327776
0.115584
-0.019303
-0.010088
0.242826
0.152933
0.035716
-0.122817
-0.173516
-0.302122
-0.093087
-0.117836
0.160739
0.149280
0.192515
-0.001197
0.068777
-0.110646
-0.554936
-0.796442
-0.479925
-0.451459
-0.452721
-0.227539
0.321022
0.319896
0.347495
0.637155
0.729756
0.502815
0.224851
0.198963
-0.288832
-0.320249
-0.118545
-0.183676
-0.277557
0.097338
-0.026039
-0.119778
-0.181558
-0.030217
-0.310489
-0.330905
-0.267237
-0.277322
-0.139211
-0.114785
0.144842
0.092124
0.136717
0.138740
0.140511
0.232485
0.070126
0.112625
0.196182
0.244089
-0.007146
0.030857
0.013380
-0.306473
-0.308719
-0.292841
-0.397477
-0.173290
-0.190291
-0.224900
-0.017772
0.284388
0.384685
0.459202
0.713963
0.696982
0.384539
0.259881
-0.054473
-0.075774
-0.344753
-0.330004
-0.251203
0.159179
0.129861
0.394327
0.687231
0.486433
0.135885
-0.048029
-0.031247
-0.017358
-0.059888
-0.074636
0.178014
-0.094841
-0.160402
-0.237050
0.097597
0.014365
0.001772
0.017461
0.055140
-0.283536
-0.457333
-0.415009
-0.438115
-0.471107
-0.096547
-0.177273
-0.039102
-0.086180
-0.135262
-0.130458
-0.093200
0.019299
-0.173986
-0.108498
0.046067
0.220763
0.084586
0.215776
0.550234
0.537215
0.383441
0.172671
-0.053043
-0.054978
-0.337049
0.036132
0.517732
0.764627
0.495216
0.431464
0.094577
-0.544625
-0.616576
-0.603153
-0.587863
-0.542558
-0.222396
-0.197173
0.102411
0.066559
0.358812
0.189435
0.107654
-0.264132
-0.170957
-0.480412
-0.419644
0.050602
-0.013098
-0.128807
-0.195606
-0.244339
-0.348260
-0.252126
0.158515
0.572386
0.688578
0.380865
0.454062
0.141033
-0.177842
-0.119242
0.166084
0.127232
0.449210
0.400398
0.559100
0.476529
0.361397
-0.040350
-0.175355
-0.564664
-0.876504
-0.840334
-0.865934
-0.904874
-0.832528
-0.796874
-0.786771
-0.299539
-0.173730
0.268177
0.234614
0.728555
0.474248
0.664234
0.760379
0.926081
0.524587
0.355208
0.179970
0.082061
-0.059119
-0.092069
-0.065846
-0.063720
-0.471661
-0.469767
-0.130311
-0.154771
-0.132937
-0.160523
-0.062382
-0.376558
-0.226214
0.095742
0.172133
0.346169
0.300751
0.179613
0.113781
-0.105236
-0.446713
-0.539533
-0.285224
-0.182281
-0.004110
0.500313
0.658838
0.671553
0.267232
0.286188
-0.127884
-0.331857
-0.394454
-0.118580
0.207596
0.543887
0.710948
0.571043
0.365178
0.065880
-0.240641
-0.258624
-0.093032
-0.177796
0.033358
-0.038086
0.080602
-0.034407
-0.057146
-0.287799
-0.228600
-0.378189
-0.529496
-0.456170
-0.197531
-0.148511
0.060493
0.004276
-0.068732
-0.393644
-0.577245
-0.593838
-0.276816
0.005081
0.268929
0.586737
0.661157
0.392714
0.455804
0.294009
0.301357
0.057491
-0.010655
-0.088088
-0.188740
-0.152644
-0.229025
-0.202780
-0.181899
-0.116368
-0.119657
-0.100422
0.166847
0.110245
0.086553
0.070985
0.040569
0.055539
0.053225
0.234865
0.179934
0.389714
0.323482
0.313640
0.421858
0.553009
0.399544
0.385147
0.162456
0.126352
-0.363689
-0.558743
-0.498146
-0.564019
-0.661064
-0.287925
0.159234
0.204308
0.324892
0.247559
-0.145829
-0.285869
-0.446987
-0.326914
-0.279558
0.050824
0.087868
0.045815
0.238377
0.412996
0.301266
0.392643
0.269752
-0.057837
-0.344977
-0.363819
-0.824331
-0.770190
-0.770819
-0.796500
-0.526494
-0.069991
0.168668
0.502439
0.777739
0.796545
0.863976
0.742649
0.565808
0.459460
0.454614
0.176087
0.220656
0.225266
-0.013467
-0.132367
-0.257868
-0.317382
-0.536263
-0.535320
-0.530479
-0.235134
-0.120996
-0.090400
0.077001
-0.019158
-0.414178
-0.242824
-0.158239
-0.132994
-0.107117
0.168608
0.143928
0.077745
0.324904
0.297386
0.500112
0.183268
0.216873
0.104925
0.038234
-0.299109
-0.351775
-0.408882
-0.472276
-0.309251
-0.012219
0.275168
0.569176
0.651712
0.555409
0.312161
0.066527
-0.156873
-0.602605
-0.876688
-0.821092
-0.852511
-0.633837
-0.197488
0.228609
0.404712
0.689744
0.845006
0.770233
0.679517
0.373395
0.013680
-0.279510
-0.427535
-0.349526
-0.348395
-0.047392
0.070650
-0.009860
-0.050249
-0.021300
-0.308903
-0.358587
-0.144564
-0.102605
-0.195150
0.003615
0.167816
0.242276
0.276735
0.484755
0.617792
0.514347
0.470811
0.077551
-0.096291
-0.300810
-0.325050
-0.449465
-0.426250
-0.278884
-0.275110
-0.630275
-0.629343
-0.489511
-0.278237
-0.072342
0.386309
0.622734
0.910484
0.999552
0.586492
0.329279
0.043001
0.035700
-0.248737
-0.240411
-0.209506
-0.155498
-0.394004
-0.374650
0.018709
0.002984
0.180810
0.192905
0.208339
-0.154683
-0.112305
-0.290048
-0.171916
-0.347254
-0.325181
-0.303999
-0.335962
-0.091092
0.419099
0.849362
1.079442
1.347991
0.941358
0.333433
0.153479
-0.285883
-0.688865
-0.584280
-0.349264
-0.476850
-0.408781
-0.076166
0.033085
0.214787
0.495342
0.405214
0.289860
0.131222
-0.023203
-0.231386
-0.211284
-0.228088
-0.502385
-0.523262
-0.554375
-0.476421
-0.570635
-0.093743
-0.151280
0.081827
0.441477
0.504683
0.121701
0.235747
-0.164964
-0.331410
-0.191400
-0.141700
-0.082256
0.085082
0.282891
0.440677
0.909874
1.056688
1.243702
1.196370
0.665803
0.395359
0.245492
-0.116935
-0.359525
-0.301470
-0.371472
-0.554584
-0.459406
-0.302611
-0.130341
-0.114419
0.000853
0.117757
-0.039498
-0.138766
-0.121861
-0.252649
-0.260315
-0.439736
-0.495715
-0.500117
-0.374763
-0.222465
0.118758
0.469573
0.634335
0.815123
0.662474
0.480415
0.511821
0.154921
-0.188078
-0.179504
-0.385734
-0.718542
-0.661067
-0.421446
-0.364533
-0.007140
0.271688
0.521149
0.603116
0.324181
0.055266
-0.110355
-0.264553
-0.456187
-0.259860
0.098785
0.130419
0.088607
0.113671
0.049873
0.025936
0.135748
0.349394
0.459830
0.439478
0.206942
-0.152065
-0.283995
-0.357509
-0.436958
-0.368064
-0.236264
-0.038851
-0.173974
-0.112509
0.015645
-0.011307
-0.090922
-0.174565
0.104844
0.128255
0.105197
-0.163029
-0.081498
0.015327
-0.202567
-0.124215
0.248614
0.287643
0.165724
0.324636
0.590285
0.548620
0.622981
0.408551
0.227927
-0.019224
-0.535983
-0.890338
-0.799674
-0.771015
-0.476995
-0.197654
0.367469
0.583482
0.561478
0.567203
0.614178
0.174006
-0.100136
-0.089049
-0.578348
-0.661403
-0.327529
-0.462666
-0.356129
-0.055961
-0.111264
-0.066680
0.036448
-0.073432
-0.212562
-0.162055
-0.156408
-0.192563
0.036218
0.030327
0.302527
0.322351
0.345222
0.326948
0.282621
0.284323
0.263425
0.529333
0.607031
0.706513
0.650012
0.364484
0.254977
0.071380
-0.085131
-0.169947
-0.214975
-0.196460
-0.360045
-0.279081
-0.199816
-0.139293
-0.118057
-0.180065
-0.209362
-0.172115
-0.131936
-0.300316
-0.153553
0.223290
-0.012982
-0.012712
0.202641
0.075771
-0.086974
-0.202830
-0.017441
-0.067199
-0.061390
-0.213312
-0.129094
-0.048100
-0.242806
-0.212176
0.024422
0.069272
0.054234
0.061227
0.300741
0.302363
0.232466
0.238177
0.194431
0.258335
0.023235
0.089536
-0.204183
-0.166525
-0.162442
-0.366038
-0.232950
-0.049232
-0.227905
-0.298756
-0.186208
-0.096517
-0.201701
0.043328
-0.075435
0.071660
-0.008765
0.055606
0.356082
0.659704
0.657985
0.567928
0.462874
0.392392
-0.056785
-0.206163
-0.045336
-0.072656
-0.370583
-0.352583
-0.508386
-0.933105
-0.968123
-0.695308
-0.689533
-0.190352
0.191418
0.414814
0.471517
0.592754
0.417491
0.300708
0.241577
0.009440
-0.006480
-0.204519
-0.171286
-0.003434
-0.129726
-0.248920
0.121743
0.003603
-0.024886
-0.030223
0.287007
0.318876
0.316109
0.009168
-0.028499
-0.323987
-0.642771
-0.669703
-0.380608
-0.339966
-0.099107
0.122074
0.349778
0.305169
0.515652
0.610697
0.488725
0.375555
0.204002
0.057837
0.028253
-0.052048
0.088285
-0.024959
0.035330
-0.139504
-0.309190
-0.401220
-0.475874
-0.386555
-0.611420
-0.518906
-0.379840
-0.152441
-0.267774
-0.124389
0.186608
0.152946
0.016119
0.179776
0.426286
0.427204
0.397079
0.682530
0.651479
0.620251
0.456901
0.245296
0.208679
-0.039091
-0.348250
-0.277621
-0.339883
-0.297499
-0.303076
-0.100028
-0.041413
0.194190
0.232651
0.232335
0.083496
-0.130681
-0.324447
-0.388163
-0.594867
-0.578622
-0.478802
-0.418563
-0.259914
0.052956
0.300924
0.227026
0.430299
0.328808
0.368955
0.207510
0.315331
0.413918
0.242368
-0.016115
-0.081954
-0.252618
-0.340694
-0.483345
-0.143591
0.010937
0.280663
0.280352
0.158571
0.040897
0.086888
-0.051096
0.007534
-0.047317
-0.075331
-0.305963
-0.103507
-0.160503
0.054487
0.397026
0.190557
-0.018856
0.066870
0.419417
0.136610
0.153247
0.192709
-0.301417
-0.604267
-0.627595
-0.448484
-0.330326
0.047260
-0.042528
-0.052403
-0.014752
-0.058715
0.211055
0.463931
0.237955
0.338907
0.261936
-0.633406
-0.691474
-0.486969
-0.533690
-0.161225
0.752922
0.532924
0.358270
0.176007
-0.343938
-0.836670
-0.717846
-0.445517
-0.191990
0.007482
0.068876
0.371450
0.516011
0.462905
0.667329
0.663225
0.226029
0.033467
0.012744
0.000736
-0.002148
-0.073933
-0.087078
-0.304948
-0.777142
-0.786626
-0.579764
-0.424351
-0.301822
0.021852
0.181374
0.344947
0.301360
0.523010
0.272149
0.289078
0.348655
0.398988
0.230074
0.239003
-0.050907
-0.083838
-0.082600
-0.146298
0.143593
0.148495
0.165012
-0.074233
-0.058949
-0.016873
0.011387
-0.249344
-0.260595
0.077090
0.133164
0.132825
0.132825
0.131745
0.100994
-0.234713
-0.216502
0.283933
0.266792
0.081230
0.180377
0.243576
-0.172678
-0.085737
-0.171190
-0.277958
-0.275143
-0.272109
-0.289337
-0.221327
-0.089289
-0.101258
-0.199821
-0.170156
-0.214382
-0.942489
-0.974615
-0.963267
-0.890101
-1.065703
-0.571298
0.020613
0.539040
0.423915
0.870741
1.442731
1.254949
0.908061
1.355737
0.985919
0.779307
0.331935
0.447066
0.329143
0.449011
0.522302
0.658370
0.506262
0.278649
0.314253
0.282106
0.125779
-0.060526
-0.372519
-0.669148
-1.023117
-1.049161
-0.958070
-0.975939
-0.849422
-0.809089
-0.888770
-0.254576
-0.002909
0.229693
0.304453
0.619084
0.084996
0.235862
-0.347023
-0.880538
-0.957514
-0.864057
-0.997269
-0.364070
0.406518
0.522101
0.317078
0.221545
0.053321
-0.124025
-0.390359
-0.462837
-0.438847
-0.554029
-1.304975
-1.080468
-0.847494
-0.712403
-0.602219
0.022501
0.376991
0.124025
0.663488
0.634535
0.689710
0.684025
0.781044
0.130839
0.140656
0.495087
-0.118952
-0.232028
0.059959
0.318412
0.179442
0.004365
0.162650
-0.099095
-0.365288
-0.599371
-0.287273
-0.276409
-0.363854
-0.429838
-0.281698
-0.323681
-0.412194
-0.348072
0.001433
0.109725
0.313986
0.790750
0.960417
0.641376
0.550596
0.550658
0.369500
0.486107
1.047317
1.061946
1.088766
1.070507
0.973754
0.572995
0.448141
0.225855
-0.358852
-0.884060
-0.738759
-0.830868
-0.847963
-0.604531
-0.380359
-0.759023
-0.846146
-0.900915
-0.860405
-0.482109
-0.415566
-0.324161
-0.218825
-0.172130
-0.335510
-0.180454
-0.039927
0.105528
0.168154
0.076905
0.017032
0.025128
-0.045664
-0.097816
0.384532
0.251751
0.742179
0.803522
1.029399
0.785727
0.401872
0.039238
-0.607493
-0.608632
-0.867365
-0.439624
-0.722872
-0.227120
-0.509773
-0.584192
-0.560622
-0.586012
-0.716977
-0.639911
-0.469323
-0.309817
0.017168
0.429679
1.143327
1.083347
0.958102
0.717647
0.847450
0.655086
0.743902
1.315625
1.417762
1.059964
0.450146
0.238453
-0.400336
-1.002652
-1.222122
-1.350119
-1.421043
-1.514736
-1.180497
-1.049477
-0.862148
-0.573195
-0.327722
-0.136935
0.115959
-0.019768
0.190086
0.350789
0.437142
0.396151
0.664774
0.431248
0.314044
0.453488
0.548660
0.678355
0.841603
0.874406
0.793899
0.713363
0.679588
0.520786
0.312232
0.269823
-0.170953
-0.583262
-1.019940
-1.432454
-2.016697
-1.650912
-1.569407
-1.179181
-0.498419
0.160378
1.136120
2.379061
2.990138
3.710611
