-1.589429
-2.101582
-2.337876
-2.386237
-1.822569
-1.092221
0.030366
0.871496
1.436691
1.631727
1.423266
1.418697
1.552460
1.417951
0.976238
0.610567
0.011718
-0.694862
-1.407121
-1.372232
-1.063439
-0.697619
-0.309657
0.216274
0.312366
0.154557
0.069067
0.202573
0.311340
0.450315
0.678986
0.745225
0.622548
0.414744
0.193006
-0.131409
-0.447998
-0.675227
-0.821162
-0.895786
-0.763626
-0.577879
-0.339799
-0.182140
-0.072218
0.045626
0.229089
0.413895
0.629555
0.893308
0.863810
0.521580
0.246622
0.017361
-0.031632
0.053036
0.459384
0.663910
0.794265
0.496635
0.343177
-0.130719
-0.555443
-0.810414
-0.821365
-0.993743
-1.123338
-1.162486
-0.986718
-1.005218
-0.900475
-0.642477
-0.395023
-0.512811
-0.056827
0.151643
0.643892
0.858840
1.185999
1.350403
1.157907
0.616902
0.509969
0.449677
0.170563
0.380762
0.627895
0.562993
0.336980
0.284517
0.225262
0.072880
-0.074130
0.007433
-0.191233
-0.151056
0.064267
0.553770
0.703343
0.594665
0.357181
-0.207045
-0.972322
-1.176140
-1.317247
-1.329706
-1.330762
-1.153942
-1.424648
-1.236411
-1.153978
-0.955718
-1.006902
-0.724444
-0.637162
-0.687803
-0.446534
0.113955
0.233782
0.381040
0.600149
0.658412
0.321436
0.027122
-0.221239
-0.313920
-0.182469
-0.145447
-0.002721
0.167777
0.086466
-0.128032
-0.041603
-0.071986
-0.159811
-0.185323
-0.352879
-0.529216
-0.561254
-0.346382
-0.122547
0.256820
0.686720
1.085306
1.222679
1.263433
1.223257
1.266143
1.230881
1.133584
1.185205
0.838636
0.217500
-0.214590
-0.543047
-0.968404
-0.985476
-0.908673
-0.939880
-1.144224
-1.013531
-0.826250
-0.576258
-0.284303
0.147471
0.072292
-0.170207
-0.178550
-0.209543
-0.295327
-0.306036
-0.196507
-0.194922
0.101137
0.210240
0.369143
0.297605
0.582556
0.804538
0.860652
0.973660
0.894306
0.641664
0.223147
0.139079
-0.115480
0.098135
0.007291
0.057813
-0.116103
-0.248552
-0.031516
-0.068808
-0.544102
-0.526533
-0.298305
-0.517109
-0.383082
-0.083958
0.018895
0.135887
-0.047218
-0.275556
-0.499856
-0.794473
-1.026937
-0.977673
-0.885289
-0.741857
-0.302893
0.029600
0.306773
0.565661
0.873007
0.878606
0.958171
1.049497
1.219908
1.177633
1.036805
0.718439
0.490672
0.105624
-0.060283
0.160247
0.079606
-0.221951
-0.474159
-0.742022
-1.107522
-1.037580
-0.579870
-0.187730
0.273687
0.669438
0.819783
0.644323
0.703757
0.464593
0.187802
0.086126
0.367073
0.368720
0.420728
0.523681
0.783994
0.819311
0.562681
0.595285
0.433030
0.185523
-0.342304
-0.435796
-0.893714
-1.441232
-1.679276
-1.574081
-1.243333
-0.778882
-0.221046
0.105547
0.079355
0.151161
0.221868
0.418790
0.470259
0.659726
0.368226
0.429515
0.244430
0.028769
-0.173344
-0.105510
-0.214139
0.098829
0.255150
0.488013
0.647678
0.414948
0.028398
-0.183696
-0.480824
-0.923289
-1.025881
-1.188005
-1.305579
-1.006783
-0.683535
-0.560657
-0.232262
0.162384
0.489093
0.749758
1.028339
1.061545
1.054073
1.059178
0.628026
0.421500
0.274653
0.082415
-0.300413
-0.303824
-0.001294
0.159758
0.309933
0.395510
0.287397
-0.027284
-0.373292
-0.627960
-1.369867
-1.794130
-2.191641
-1.676120
-1.413597
-0.641322
0.503233
1.485762
1.613650
1.931539
1.705920
1.118210
0.444944
0.040378
-0.307505
-0.294130
-0.119461
0.084138
0.061897
-0.082266
0.086168
0.101585
0.013183
0.121558
0.105523
0.077217
0.230505
0.192962
-0.420266
-0.590748
-0.827483
-1.304980
-1.839470
-2.046611
-1.717872
-0.860937
-0.254517
0.734790
1.821972
1.714824
1.282604
1.102987
0.640925
0.136547
0.197200
0.150463
0.200188
0.259813
0.328086
0.292178
0.189352
0.143141
0.314355
0.408712
0.603229
0.686777
0.770092
0.624423
0.438207
0.269515
0.021414
-0.403290
-0.563444
-0.645100
-1.050373
-1.144436
-1.007051
-0.925744
-0.944749
-0.859792
-1.023970
-0.725428
-0.765946
-0.652715
-0.339240
0.067842
-0.229288
-0.139570
0.211053
0.262412
0.394048
0.497218
0.861435
0.686820
0.718928
0.687160
1.073348
1.094089
1.189191
0.971926
0.939112
0.737487
0.195892
0.117121
-0.146816
-0.347070
-0.620741
-0.562525
-0.518639
-0.092573
-0.029309
0.035540
-0.021131
-0.264072
-0.514662
-0.898607
-1.168432
-1.079776
-0.820409
-0.467665
0.310014
0.752164
1.148257
1.404601
1.522060
1.549938
1.376685
1.023944
0.443575
0.188984
-0.353574
-0.457940
-0.556246
-0.505758
-0.674502
-0.704108
-0.740171
-0.672440
-0.541294
-0.564584
-0.342457
-0.361283
-0.400120
-0.504528
-0.329443
-0.462187
-0.195254
0.053502
0.295410
0.336348
0.311188
0.006786
-0.147627
-0.549031
-0.820818
-0.926134
-0.879574
-1.036221
-0.769466
-0.380682
0.219525
0.595075
0.941882
1.292583
1.316159
1.284647
0.878418
0.645131
0.330495
-0.053536
-0.570904
-0.707876
-0.475523
-0.422061
-0.182779
0.255953
0.591646
0.631116
0.579258
0.514238
0.352999
0.275515
0.169443
0.016839
0.050075
-0.012744
-0.223191
-0.164625
0.075455
0.262897
0.218287
0.558469
0.683165
1.019378
0.971019
0.848792
0.821099
0.676530
0.411666
0.681832
0.755323
0.748722
0.442063
0.208263
-0.075847
-0.295639
-0.308191
-0.533694
-0.622162
-0.993999
-1.201718
-1.999069
-2.276857
-2.566530
-2.396731
-1.959008
-1.278203
-0.605842
0.058541
0.576592
1.115957
1.485122
1.602053
1.506966
1.165082
0.935360
0.717011
0.608569
0.490098
0.498323
0.301747
0.062018
-0.016345
-0.091445
-0.224601
-0.451166
-0.286348
-0.489095
-0.834609
-1.225690
-1.309662
-1.327809
-0.914343
-0.626120
0.019556
0.561140
0.602636
0.446451
0.516482
0.474166
0.379736
0.448388
0.507138
0.412951
0.167585
-0.285985
-0.597842
-0.877624
-0.748308
-0.481717
-0.099246
0.220737
0.842150
1.248962
1.273329
1.132418
1.123526
0.575881
0.036794
-0.345445
-0.487423
-0.713285
-0.863517
-0.840208
-0.914348
-1.015170
-1.005583
-0.706216
-0.283408
0.075216
0.458927
0.654330
0.774679
0.594474
0.343069
0.337685
0.290378
0.238055
0.152790
0.071551
-0.439414
-0.394465
-0.501308
-0.605283
-0.273459
0.267593
0.229769
0.281149
0.093562
-0.343556
-0.712039
-1.050958
-0.863538
-0.463358
0.141780
0.750467
1.124937
1.175129
1.186491
0.903412
0.295932
-0.111411
-0.542863
-0.771298
-0.641908
-0.396572
-0.124995
-0.146324
-0.151009
-0.373921
-0.570463
-0.705055
-0.608861
-0.659055
-0.771573
-0.672639
-0.379599
-0.135968
0.124092
0.494849
0.683796
0.698795
0.594327
0.714074
0.689612
0.689130
1.012245
1.197403
1.285696
0.866275
0.447737
-0.305664
-0.596292
-0.831243
-0.386798
-0.048760
0.329948
0.681238
0.728571
0.669606
0.756770
0.534115
-0.021171
-0.435401
-0.681713
-0.722596
-0.502587
0.057318
0.351326
0.420716
0.194526
0.168367
0.205766
0.124591
0.163536
0.298497
0.273515
0.055788
0.128830
0.101129
0.083470
0.021592
-0.204360
-0.462184
-0.671097
-0.814246
-0.939976
-0.825218
-0.550312
0.047294
0.591323
0.985279
0.835525
0.558548
0.052429
-0.673263
-0.851103
-0.902358
-1.034974
-1.236284
-1.278056
-1.616999
-1.529854
-1.026154
-0.708573
-0.464514
-0.081846
0.109700
0.251943
0.390987
0.775251
0.979061
0.962813
0.785245
0.855171
0.799137
0.622335
0.631902
0.532068
0.325470
0.255149
-0.016856
-0.143532
-0.272397
-0.477769
-0.387833
0.131364
0.852740
1.141503
1.560416
1.397024
1.013801
0.293542
0.050859
0.076031
0.281305
0.003333
-0.150733
-0.155844
-0.405507
-0.520909
-0.216181
0.151648
0.326173
-0.011868
-0.159372
-0.159036
-0.354627
-0.559219
-0.160106
-0.227095
-0.656549
-0.921303
-1.019563
-1.118419
-0.870415
-0.377903
0.020099
0.413586
0.739988
0.290853
-0.182847
-0.271055
-0.489404
-0.819496
-0.542096
-0.538160
-0.777996
-1.040724
-0.870744
-0.348816
0.597717
1.036488
1.747992
1.958049
1.780812
1.340566
1.239183
0.943942
0.722563
0.255913
-0.443169
-0.716166
-1.003910
-1.214657
-1.195114
-0.877403
-0.564345
-0.486343
-0.277842
-0.221316
-0.056758
-0.302815
0.113110
-0.033198
0.148751
0.410100
0.598180
0.565851
0.657420
0.441383
0.223485
0.092336
-0.241640
-0.251752
-0.316012
-0.775137
-0.937332
-1.245964
-1.366953
-1.132486
-0.280108
0.248805
0.948728
1.615151
2.117267
2.164469
1.981326
1.530282
0.925437
0.268179
-0.099375
-0.370265
-0.444997
-1.027240
-1.469805
-1.977387
-2.122927
-2.012554
-1.433421
-0.998832
-0.479813
-0.363942
-0.352795
-0.182338
-0.017016
-0.018704
0.364675
0.797009
1.284626
1.891944
1.863894
1.365180
0.557611
0.071164
-0.871730
-1.037842
-0.859541
-0.527164
-0.689319
-0.690604
-0.654050
-0.530102
-0.626553
-0.592583
-0.375012
-0.363650
-0.104244
0.485795
0.865994
0.933190
1.045287
0.841133
0.438617
0.201964
0.102217
0.250078
0.354470
0.655807
0.987991
1.290232
1.185266
0.942407
0.575303
0.295592
-0.173339
-0.460998
-0.628760
-0.979558
-1.527697
-1.358035
-1.130887
-0.889950
-0.206462
0.457866
0.786389
0.791332
0.587571
0.160299
-0.212323
-0.553417
-0.566395
-0.252854
0.225075
0.578908
0.884109
1.053308
1.067420
0.958917
0.660813
0.303500
-0.075486
-0.503525
-0.892545
-0.995335
-0.829362
-0.534925
-0.352272
-0.179359
-0.042118
0.165530
0.164895
0.652045
0.449234
0.537780
0.319630
0.206693
-0.398421
-0.174681
-0.288620
-0.427592
-0.405254
-0.464712
-0.844159
-1.079472
-1.261311
-1.139449
-0.711298
-0.089024
0.339729
0.554272
0.660630
0.471829
0.176047
-0.045919
-0.139370
-0.333753
-0.557203
-0.625842
-0.706196
-0.437974
-0.250499
0.056030
0.404936
0.738912
0.798195
0.923305
0.882856
0.905456
0.973418
1.294113
1.432779
1.503661
1.268020
0.813790
0.358970
-0.095391
-0.221623
-0.260029
-0.154288
-0.295610
-0.403520
-0.739058
-1.128224
-1.179078
-1.403025
-1.547878
-1.303184
-0.926179
-0.881578
-0.372027
-0.010931
0.230772
0.526059
0.920450
1.050373
1.050731
1.311392
1.154124
0.958728
0.708994
0.671783
0.518972
0.433155
0.194028
-0.076836
-0.203265
-0.489141
-0.720334
-0.728884
-0.683928
-0.830672
-0.909467
-0.974501
-0.986233
-0.952957
-0.811414
-0.528540
0.122750
0.654785
1.146892
1.202547
0.955721
0.718437
0.387362
-0.071048
0.008035
0.474349
0.609164
0.419782
0.220387
-0.339959
-0.792366
-0.927182
-0.854085
-0.940019
-0.432338
-0.334894
-0.180944
-0.024170
0.524123
0.646740
0.806267
0.674527
0.833207
1.218784
1.025320
0.884229
0.720713
0.454502
-0.093328
-0.088294
-0.091012
-0.049625
-0.049276
-0.007962
0.125518
-0.030683
-0.203896
-0.594586
-0.911700
-1.363944
-1.348063
-1.328210
-0.974527
-0.689814
-0.131665
0.275647
0.714149
1.443642
1.659277
1.192783
0.872146
0.470188
-0.301054
-0.461169
-0.164502
-0.304415
-0.427535
-0.595221
-0.816333
-1.096683
-1.092583
-0.861890
-0.443895
-0.128895
0.463334
0.810778
0.800088
0.575185
0.387254
0.038051
0.086697
0.322200
0.575335
0.794809
0.946850
0.879863
0.676173
0.518290
0.461489
0.349177
-0.015836
-0.159813
-0.323764
-0.695103
-0.764285
-0.670825
-0.808299
-0.942638
-0.571709
-0.388681
-0.112409
0.185802
0.585507
0.490981
0.260588
-0.189842
-0.556960
-0.797262
-0.653334
-0.354061
0.238600
0.584883
0.797942
0.893184
1.046635
1.176255
1.225336
1.426416
1.462972
1.073697
0.461500
0.250573
-0.405658
-0.912639
-1.141577
-1.263571
-1.377133
-1.292287
-1.060113
-0.658526
-0.625353
-0.454073
-0.370755
-0.436069
-0.527482
-0.232373
-0.036641
0.179147
0.145506
0.152265
0.041805
0.050793
0.265853
0.420653
0.335736
0.597130
0.616778
0.198816
-0.000221
0.046344
-0.102289
-0.330013
-0.229058
-0.019479
0.104122
0.235879
0.224137
0.172994
0.038241
-0.315022
-0.607704
-0.873190
-1.474462
-1.874186
-2.110272
-2.276980
-1.765012
-0.739131
-0.251570
0.251963
0.527085
0.574028
0.748140
0.949320
1.383967
1.970293
2.061927
1.802743
1.484293
1.064015
0.510465
0.150216
-0.235243
-0.433184
-0.549950
-0.667922
-0.709555
-0.711201
-0.438013
-0.409054
-0.318195
-0.219475
0.056353
0.166456
0.565471
0.851029
0.983289
0.961729
1.026830
0.771954
0.427156
0.225963
0.410522
0.835536
0.482210
0.354366
0.194383
-0.226636
-0.977680
-0.724130
-0.436987
-0.064804
-0.292300
-0.287756
-0.509586
-0.550993
-0.778296
-0.532631
-0.225154
0.036123
0.138099
0.191731
0.499414
0.437403
0.356191
0.162080
0.420461
0.507433
0.491427
0.590318
0.699410
0.216724
-0.304899
-0.695085
-0.928289
-0.968065
-0.767497
-0.345155
0.080320
0.571351
0.701729
0.821331
0.646940
0.209719
-0.294960
-0.644168
-0.905336
-0.949089
-0.703272
-0.815106
-0.851664
-0.778585
-0.761518
-0.673075
-0.125865
0.396751
0.864415
1.040837
1.271938
1.133581
0.965679
0.775642
0.659308
0.444879
0.463265
0.528002
0.353069
0.190617
-0.300958
-0.666131
-1.036773
-1.190839
-1.088361
-0.640431
-0.299050
-0.149262
-0.098461
-0.147226
-0.253040
-0.514632
-0.508105
-0.411450
0.026948
0.527413
1.092734
1.513646
1.623739
1.424067
1.132333
0.805012
0.425275
0.200657
-0.204171
-0.615816
-1.004847
-1.375394
-1.516595
-1.411830
-1.302961
-1.059566
-0.784258
-0.667329
-0.534289
-0.469243
-0.704407
-0.638623
-0.374995
-0.273813
0.024119
0.539242
0.916914
1.112901
1.049478
0.803322
0.567176
0.279385
0.313836
0.541629
0.910501
1.265286
1.279016
1.111130
0.739485
0.445390
0.054886
-0.079108
-0.240297
-0.293474
-0.324732
-0.460007
-0.290555
-0.277201
-0.189914
0.019989
0.080593
-0.333480
-0.513691
-0.553732
-0.698752
-0.512234
-0.089460
0.185036
0.028377
-0.245168
-0.158320
-0.109283
-0.201552
0.353660
0.855905
0.853743
0.783834
0.811918
0.812771
0.518986
0.699122
0.917779
0.679020
0.289543
0.061762
-0.546585
-1.036663
-0.993107
-1.292681
-1.051537
-0.883728
-0.715341
-0.551215
-0.210847
-0.262506
-0.101721
0.032675
0.091509
0.202583
0.423199
0.536234
0.511745
0.471672
0.292757
-0.052821
-0.433259
-0.539057
-0.372751
-0.114761
0.542428
0.774214
0.756229
0.298823
0.090385
-0.576446
-0.572174
-0.730597
-0.625490
-0.806964
-0.906519
-0.911275
-0.544391
-0.320449
0.010084
0.483050
0.557547
0.527299
0.586896
0.827553
0.906632
0.854809
0.749145
0.664363
0.210310
-0.131834
-0.253846
-0.298056
-0.555250
-0.502086
-0.495882
-0.570847
-0.818104
-0.864408
-1.006619
-1.130493
-1.155783
-0.940099
-0.784450
0.007899
0.528597
1.162198
1.461775
1.807095
1.403919
0.964005
0.556179
0.322731
0.434895
0.517215
0.837589
0.815246
0.662493
0.138150
-0.026883
-0.071477
-0.014773
0.134316
0.072184
-0.152577
-0.200223
-0.350319
-0.452699
-0.461572
-0.637947
-0.864848
-0.783309
-0.641108
-0.236309
0.158099
0.393889
0.462737
0.301080
0.038619
-0.051679
-0.489726
-0.790382
-0.679183
-0.540640
-0.213635
0.260126
0.612659
0.704225
0.879797
0.731770
0.607042
0.468482
0.183662
-0.150715
-0.547621
-1.026678
-1.393395
-1.367646
-1.482196
-1.441634
-0.772384
-0.519442
-0.484837
-0.181705
0.245396
0.167894
0.502221
0.812017
0.934797
0.701945
1.108441
1.032389
0.922435
0.921119
0.922333
0.401680
0.209708
-0.005933
-0.257070
-0.399108
-0.650704
-0.824786
-0.756278
-0.683908
-0.504136
-0.277780
0.056176
0.282565
0.222705
0.106853
-0.184377
-0.151534
-0.057429
0.409758
0.403925
0.739764
0.450468
0.398004
-0.099220
0.061579
0.218314
0.364330
0.041820
-0.027465
-0.364451
-0.953960
-1.070026
-0.970254
-1.017898
-0.851476
-0.588348
-0.696974
-0.841324
-0.616155
-0.741827
-0.488745
-0.130009
0.171977
0.456781
1.011626
1.188739
1.113685
1.133838
0.910985
0.661681
0.348392
0.032784
-0.082580
-0.001611
0.058298
0.057439
0.369529
0.196240
-0.045725
-0.066639
0.038568
0.181050
0.548022
0.865783
0.615919
0.624317
0.536916
0.438084
0.276072
0.654125
0.746261
0.430619
0.143933
-0.153999
-0.581329
-0.936086
-0.910110
-1.057993
-1.184796
-1.255089
-1.148515
-1.106793
-0.865820
-0.537438
-0.304598
-0.201811
0.024456
0.217338
0.297073
0.536091
0.698223
0.792308
0.846435
0.901876
0.883628
0.793103
0.702977
0.527727
0.533194
0.618742
0.619551
0.429660
0.188082
-0.153571
-0.617673
-1.115931
-1.441691
-1.421194
-1.363185
-1.317113
-0.958600
-0.519275
-0.323477
-0.182765
0.078556
0.320233
0.546717
0.667751
0.958056
0.791528
0.507901
0.434725
0.239679
-0.215511
-0.321167
-0.189455
-0.323871
-0.156799
-0.052111
-0.182842
-0.425186
-0.744971
-1.046379
-1.136845
-0.847157
-0.499479
0.274854
0.952237
1.479308
1.737496
1.673171
1.224996
0.559822
0.133149
-0.235625
-0.328808
-0.439775
-0.295131
-0.347648
-0.450077
-0.553625
-0.688679
-0.661648
-0.485266
-0.256055
-0.196940
-0.137173
-0.010691
-0.042594
0.238070
0.447573
0.780006
0.920068
1.100426
0.984204
0.992715
0.856258
0.696668
0.552380
0.614098
0.424880
0.139885
-0.026345
-0.248200
-0.626660
-0.797324
-0.710102
-0.749709
-0.568831
-0.278733
0.055889
0.129744
0.201476
0.080462
-0.225982
-0.491627
-0.557776
-0.679157
-0.511919
-0.222824
0.266551
0.560465
0.952648
1.105008
0.920063
0.591947
0.569119
0.647561
0.754142
0.911176
0.936021
0.818711
0.401722
-0.290816
-0.753301
-1.345459
-1.664363
-1.564608
-1.157708
-0.715528
-0.100389
0.140686
0.032525
0.011687
0.282787
0.366855
0.613965
0.804098
0.843592
0.509524
0.197533
-0.066236
-0.197004
-0.248171
-0.423459
-0.238592
-0.407086
-0.421740
-0.592840
-0.462340
-0.803663
-0.766480
-0.851535
-0.737607
-0.904226
-0.401579
0.020862
0.330384
0.478636
0.806874
0.775700
0.727734
0.819333
0.886592
0.889963
0.762879
0.581055
0.386017
0.239320
-0.065024
-0.368434
-0.383935
-0.469821
-0.667038
-0.488972
-0.368283
-0.463138
-0.782083
-1.018360
-1.417890
-1.732324
-1.513854
-0.946423
-0.142099
0.762791
1.821419
2.103713
2.099782
1.796052
1.267588
0.654276
0.349174
-0.117039
-0.195120
-0.360409
-0.471478
-0.722491
-0.186851
-0.265990
-0.134855
-0.122780
0.119318
-0.158875
-0.233788
-0.032728
0.009486
-0.144964
-0.365907
-0.354983
-0.253488
-0.066431
0.170609
0.414471
0.796776
0.772389
0.520355
-0.048488
-0.209378
-0.359292
-0.483246
-0.349689
0.043400
0.531567
0.588070
0.435146
0.287893
0.405836
0.294956
0.215072
0.390707
0.823595
0.789529
0.729536
0.470037
-0.082989
-0.660962
-0.881979
-1.260788
-1.223597
-1.009254
-0.845323
-0.620182
-0.223903
0.129683
0.469834
0.567904
0.488995
0.347552
0.193155
0.140604
0.255928
0.345983
0.733616
1.032563
1.013241
0.627928
0.368190
-0.405186
-0.900949
-0.908525
-0.785338
-0.626972
-0.341793
-0.067274
-0.214513
-0.052494
-0.152524
-0.264062
-0.642297
-0.564040
-0.552535
-0.442708
-0.320888
0.084456
0.183858
0.109739
-0.032812
-0.116177
-0.104769
-0.085023
0.246712
0.622777
0.837239
0.882525
0.819998
0.776346
0.849282
0.992576
0.901871
0.913751
0.648541
0.146138
-0.257860
-0.621922
-1.005062
-1.229332
-1.391951
-1.435524
-1.421959
-1.344323
-1.265199
-0.861267
-0.543496
-0.200348
0.164371
0.430637
0.378388
0.247852
0.426560
0.484943
0.776535
1.068616
1.184970
0.840417
0.622377
0.362085
0.187359
0.220769
0.410250
0.446360
0.434278
0.159954
-0.223545
-0.758826
-1.220704
-1.838536
-1.665928
-1.535604
-1.369715
-0.964860
-0.448349
-0.536053
-0.325026
-0.034238
0.078269
0.024509
0.297795
0.491375
0.744067
0.950484
1.336685
1.443339
1.140180
0.841095
0.630287
0.452753
0.313600
0.377281
0.576839
0.480927
0.309061
-0.096762
-0.336715
-0.842322
-1.204028
-1.440710
-1.216191
-0.876835
-0.438585
0.010775
0.298630
0.355888
0.237026
0.237176
0.338132
0.318430
0.383509
0.335269
0.325251
0.287513
0.389124
0.656431
1.074793
0.955577
1.016806
1.119958
0.964935
0.426973
0.262112
-0.128281
-0.728257
-1.348465
-1.541433
-1.577512
-1.378052
-0.952548
-0.243365
0.070882
0.237717
0.478073
0.483965
0.390951
0.553201
0.639382
0.522875
0.337725
-0.213764
-0.537462
-0.829426
-1.003435
-0.929353
-0.620292
-0.675183
-0.512869
-0.316157
-0.130679
-0.209611
-0.243060
-0.489240
-0.665472
-0.573819
-0.376986
-0.092406
0.214489
0.342161
0.262382
0.155318
0.367295
0.542442
0.569864
0.558531
0.801623
0.780818
0.753073
0.790398
0.606619
0.264315
0.041943
-0.251219
-0.558518
-0.777521
-0.993774
-1.417408
-1.648584
-1.839169
-1.654430
-1.438442
-1.015838
-0.710075
-0.298841
0.107943
0.952854
1.348647
1.855699
2.106072
2.049070
1.460325
1.280173
0.894120
0.683279
0.358484
0.158582
-0.118236
-0.197887
-0.203072
0.000087
0.293446
0.509527
0.525499
0.442758
0.252047
0.020262
-0.138796
-0.200214
-0.359763
-0.446848
-0.558251
-0.652682
-0.741649
-0.617582
-0.609991
-0.642385
-0.526509
-0.151817
-0.033948
0.242831
0.650572
0.894519
0.984276
0.904419
0.792591
0.688988
0.246099
-0.305456
-0.496985
-0.792208
-1.011217
-0.951630
-0.869591
-0.846847
-0.751238
-0.835031
-0.712024
-0.600090
-0.477556
-0.442893
-0.408562
-0.407181
-0.191114
0.148572
0.514338
1.031630
1.427084
1.469265
1.500946
1.473399
1.455607
1.161405
0.924120
0.667370
0.242023
-0.270413
-0.405150
-0.367769
-0.453215
-0.350237
-0.175286
-0.059513
-0.168659
-0.459345
-0.561360
-0.562540
-0.921969
-0.939140
-0.615650
-0.302166
-0.488455
-0.221474
0.100166
0.003397
-0.089729
-0.147553
-0.228929
-0.554500
-0.677504
-0.426611
-0.057513
0.085209
0.366159
0.728962
0.279952
-0.049764
-0.012973
-0.235736
-0.486115
-0.562766
-0.430116
0.024210
0.419179
0.653751
1.165643
1.273210
1.041879
0.434799
0.226850
-0.219438
-0.408393
-0.473511
-0.564322
-0.637650
-0.458240
-0.194171
-0.352989
-0.004184
0.112598
0.074289
-0.073538
-0.013525
0.121543
0.411498
0.684013
0.712462
0.527025
0.460903
0.287884
0.139199
0.208288
0.463074
0.205297
-0.114150
-0.393325
-0.760064
-1.252363
-1.183490
-0.866144
-0.697997
-0.510051
-0.375751
-0.394196
-0.731984
-0.560915
-0.499061
-0.331631
-0.217223
0.162903
0.109627
0.366711
0.647635
0.910433
0.907696
1.117871
1.089113
0.960698
0.908785
0.876159
0.474262
0.255580
0.079940
-0.242390
-0.481198
-0.579471
-0.891258
-1.076548
-1.110348
-1.026429
-0.776593
-0.464156
-0.210949
0.156388
0.280680
0.429950
0.572987
0.731547
0.627146
0.719855
0.722540
0.508429
0.337661
0.238975
0.072285
-0.203295
-0.294511
-0.555623
-0.729163
-1.015372
-1.159765
-1.130692
-1.050231
-1.023382
-0.580600
-0.233834
0.227505
0.513201
0.752938
0.648659
0.607519
0.406430
0.538050
0.869765
1.094523
0.941705
0.757511
0.483257
0.060361
-0.099273
-0.085910
-0.243342
-0.614094
-1.014151
-1.397926
-1.485203
-1.280625
-1.065549
-0.782049
-0.630826
-0.479327
-0.326312
-0.167559
0.124502
0.439099
0.682273
0.735088
1.014820
0.975193
1.051972
0.844024
0.725494
0.639956
0.629797
0.490975
0.496689
0.425312
0.301225
-0.018691
-0.448317
-0.759554
-0.913714
-1.136571
-1.084779
-1.035206
-0.895325
-0.941973
-0.896126
-0.728464
-0.547045
-0.262617
-0.207721
-0.008708
0.218659
0.407203
0.319674
0.430998
0.493539
0.492637
0.476084
0.290662
0.159943
-0.161292
-0.459889
-0.419947
-0.035087
0.219036
0.464995
0.293855
0.026636
-0.436306
-0.511991
-0.622264
-0.581817
-0.555238
-0.341306
-0.307575
-0.100563
0.240835
0.329107
0.546049
0.505015
0.448543
0.603776
0.906090
0.964383
1.180409
1.238775
0.907432
0.750187
0.445619
0.270307
0.087328
0.075359
-0.173409
-0.297647
-0.464598
-0.484533
-0.518920
-0.412500
-0.363998
-0.080706
0.097545
0.252219
0.409649
0.714245
0.792187
0.919884
1.183425
1.367778
1.174579
0.495879
-0.126971
-0.784071
-1.393534
-1.676834
-1.304942
-0.959056
-0.458713
-0.388051
-0.311956
-0.387907
-0.349608
-0.557485
-0.500369
-0.325153
-0.114602
-0.057087
0.069788
0.170408
0.131858
-0.212069
-0.347154
-0.440969
-0.365289
-0.235173
-0.052483
0.071783
0.170889
0.162139
-0.121986
0.217324
0.717573
1.208000
1.787517
2.394068
2.265432
1.552171
0.889921
0.529221
-0.126438
-0.586563
-0.600739
-0.803643
-1.425161
-1.231010
-0.722612
-0.620505
-0.285236
0.154433
0.346611
0.351306
0.420864
0.346041
0.435764
0.336929
0.145483
-0.162503
-0.593788
-1.227730
-1.585277
-1.671509
-1.401930
-0.983315
-0.329984
0.055262
0.619555
0.628654
0.734449
0.708492
0.913709
0.737889
1.170505
1.362928
1.360852
1.510337
1.193016
0.813662
0.776720
0.497517
-0.004242
-0.033713
-0.026071
-0.244177
-0.036512
0.066434
-0.185163
-0.719738
-1.176822
-1.581931
-1.957056
-1.642317
-1.027069
-0.731909
-0.535733
-0.248226
-0.237703
-0.270385
0.274624
0.664250
0.885245
1.050443
1.026699
0.628634
0.206295
0.055898
-0.278834
-0.410364
-0.386737
-0.398305
-0.534824
-0.485447
-0.361828
-0.270525
-0.000143
0.153344
0.450447
0.629524
0.721760
0.771423
0.967449
0.957927
0.801921
0.556151
0.236110
-0.130651
-0.345365
-0.634992
-1.055484
-1.226299
-1.406465
-1.601523
-1.505365
-0.917121
-0.434269
0.024011
0.212154
0.294394
0.430631
0.745429
1.179354
1.628977
1.638260
1.385785
0.989435
0.311416
-0.151602
-0.201055
-0.675923
-1.121794
-0.931503
-0.993003
-1.087363
-0.856046
-0.381358
-0.352614
-0.069453
0.210771
0.526957
0.460002
0.191703
-0.250904
-0.574125
-0.837924
-0.749559
-0.381934
0.223798
0.675414
0.945970
0.931451
0.781034
0.384693
0.210153
0.131047
0.187557
0.253181
0.674538
0.767541
0.869804
0.872429
0.682890
0.446027
-0.035676
-0.468756
-0.859768
-1.056247
-1.305630
-1.177313
-0.830621
-0.677075
-0.457204
-0.278982
-0.069269
-0.036719
0.375967
0.813521
1.115120
1.378869
1.602440
1.340712
1.098980
0.559460
-0.133101
-0.796470
-1.134864
-1.409632
-1.164571
-0.897894
-0.586390
-0.226782
-0.020765
0.082373
0.101746
-0.080138
-0.485015
-0.813740
-1.092549
-1.029821
-0.689454
-0.059980
0.424620
0.693127
0.874058
0.908501
0.589758
0.514433
0.489361
0.610450
0.356187
0.225556
-0.146592
-0.427844
-0.660342
-0.572096
-0.230896
0.156993
0.749042
0.848337
0.962773
0.944625
0.654255
0.124780
-0.109983
-0.252791
-0.499856
-0.538139
-0.725701
-0.837819
-1.077134
-1.004230
-0.885135
-0.605683
-0.586215
-0.162732
-0.107252
-0.057081
0.031980
0.074461
-0.041783
-0.023245
0.165937
0.386145
0.494893
0.349923
0.188266
0.067104
-0.112629
0.099116
0.678152
1.201588
1.448846
1.745980
1.960996
1.576264
1.122153
0.615365
-0.227104
-1.146140
-1.770839
-2.104491
-2.276320
-2.228406
-1.624401
-1.131078
-0.490576
-0.078785
0.264878
0.141288
0.121558
-0.206576
-0.476624
-0.099419
0.127423
0.368070
0.359355
0.544631
0.213552
0.030174
-0.251398
-0.162220
-0.132355
-0.074514
0.369088
1.049184
1.330999
1.596595
1.909587
1.563179
1.190194
0.774416
0.487345
0.018128
-0.036579
-0.074529
-0.045500
-0.147054
-0.565073
-0.995722
-1.625371
-2.057428
-2.139193
-1.796208
-1.115432
-0.319100
0.036846
0.583380
0.987240
0.984058
0.919842
1.019661
0.907447
0.801244
0.536514
0.169175
0.284120
0.081320
-0.056882
-0.020240
0.020136
0.038241
0.108041
0.147392
0.242250
0.283668
0.118327
-0.185685
-0.747160
-1.269502
-1.514211
-1.760332
-1.308111
-0.710906
-0.210534
0.401845
0.990020
0.960691
1.065953
1.310429
1.021808
0.848087
0.929061
0.900823
0.427947
0.274255
0.051529
-0.455517
-0.738316
-0.597088
-0.612817
-0.633758
-0.554266
-0.566461
-0.635291
-0.619009
-0.645832
-0.678331
-0.607241
-0.486485
-0.319794
0.059656
0.183115
0.329219
0.411169
0.476363
0.304167
0.399890
0.554011
0.314129
0.508970
0.716434
1.061124
1.074371
1.160372
0.793092
0.413000
0.053058
-0.448163
-0.320687
-0.259712
0.162570
0.272735
0.665105
0.498209
0.425675
-0.103988
-0.128222
-0.198732
-0.025383
-0.032422
-0.038133
-0.337694
-0.593154
-0.996375
-1.054851
-1.034807
-1.363087
-1.303307
-1.299346
-1.423656
-1.242239
-0.680632
-0.700013
-0.270928
0.138925
0.185067
0.176268
0.450619
0.385855
0.361018
0.541338
0.629983
0.438522
0.385131
0.125589
0.082193
0.217494
0.469416
0.641678
0.850461
0.612645
0.273312
0.003978
-0.221338
-0.288877
-0.186345
-0.187190
0.060449
0.325119
0.501682
0.688268
0.952464
0.987774
0.872648
0.668486
0.408530
-0.003948
-0.300528
-0.776669
-0.955657
-1.223292
-1.265398
-1.484860
-1.354495
-1.234784
-0.766284
-0.358070
0.172054
0.557832
0.835006
1.058857
1.192962
1.169797
1.040767
0.982862
0.700460
0.406004
0.006468
-0.133990
-0.220079
-0.223191
-0.333286
-0.243307
-0.281100
-0.401128
-0.796487
-1.059418
-0.984588
-1.002869
-0.927132
-0.677931
-0.562048
-0.611328
-0.571384
-0.369876
-0.276777
0.203282
0.595141
0.785659
0.677284
0.484602
0.307426
0.116483
0.238190
0.313178
0.449953
0.353111
0.264975
0.110156
-0.191306
-0.342323
-0.434622
-0.515439
-0.454342
-0.190620
0.298255
0.767983
0.854142
0.881704
0.967508
0.899735
0.717890
0.829455
0.869785
0.843552
0.621453
0.247071
0.090212
-0.078771
-0.281861
-0.371762
-0.356527
-0.633318
-0.832660
-0.976711
-1.135938
-0.947063
-0.459044
-0.209793
0.107587
0.518174
0.743276
0.595362
0.821688
0.861256
0.705906
0.537107
0.392780
-0.148178
-0.615203
-0.885445
-0.764704
-0.515734
-0.367618
-0.241405
-0.033450
-0.370150
-0.500821
-0.398293
-0.297731
-0.071444
0.328475
0.351460
0.196918
0.137473
-0.183491
-0.364937
-0.293183
0.177517
0.194324
0.278178
0.358494
0.422157
0.208305
0.229602
0.526509
0.621556
0.446421
-0.039501
-0.129677
-0.288201
-0.345336
-0.258892
0.401696
0.791729
0.928132
0.982255
1.066000
0.937029
0.773855
0.432143
-0.099455
-0.751805
-1.325008
-1.702952
-1.646902
-1.470653
-0.932996
-0.509990
-0.316937
-0.414582
-0.332452
-0.455587
-0.344231
0.047481
0.352936
0.539863
0.913023
0.763294
0.819407
0.860686
0.892543
0.641047
0.735790
0.378912
0.074738
-0.194356
-0.513422
-0.831482
-1.042018
-1.050560
-1.033100
-0.876129
-0.428019
-0.067848
0.219024
0.480299
0.700003
0.706645
0.770206
0.805293
0.770275
0.691971
0.231626
-0.227438
-0.477783
-0.806679
-0.990798
-0.977230
-0.870899
-0.916175
-0.697917
-0.560182
-0.291145
-0.153514
-0.091117
0.075393
0.352734
0.628915
0.648787
0.600354
0.493152
0.063373
-0.300287
-0.440208
-0.345608
-0.650388
-0.545858
-0.542843
-0.228161
-0.139086
0.023410
0.430843
0.556411
0.435795
0.560901
0.825476
0.844922
1.093745
1.350382
1.068323
0.746353
0.255933
-0.167184
-0.449602
-0.531409
-0.376167
-0.369623
-0.389092
-0.532103
-0.492923
-0.334572
-0.151130
0.069579
0.309453
0.235037
0.071730
-0.184241
-0.271639
-0.529350
-0.501112
-0.649017
-0.576335
-0.881569
-0.958362
-0.740389
-0.537298
-0.184849
0.402198
0.808096
0.700418
0.749465
0.606697
0.407388
0.271490
0.586498
0.851807
1.065050
1.295280
1.469709
1.361991
0.916894
0.613797
0.049143
-0.509425
-0.800664
-0.834390
-0.882783
-0.770306
-0.515005
-0.428886
-0.590989
-0.794376
-0.709522
-0.354427
-0.337570
-0.092063
0.365794
0.288271
-0.142596
-0.194903
-0.178749
-0.334532
-0.308769
-0.251640
-0.326761
-0.393349
-0.589333
-0.759738
-0.837333
-0.768796
-0.750306
-0.283712
0.162338
0.459615
0.615388
1.041696
0.874905
0.848789
0.838841
1.040328
0.799346
0.823474
0.860402
0.566262
0.385885
0.384086
0.304289
0.083034
0.192122
0.248195
0.008891
-0.071850
-0.087283
-0.400006
-0.755420
-0.922525
-0.764018
-0.479011
-0.320716
-0.339532
-0.216627
-0.367539
-0.736334
-0.561022
-0.798210
-0.734525
-0.505335
-0.233598
-0.298788
-0.059847
0.269111
0.046800
0.025537
0.066110
0.288215
0.095185
0.042699
0.156007
0.335628
0.502401
0.460178
0.432261
0.308118
-0.036375
-0.216704
-0.111485
-0.200776
-0.528350
-0.112062
-0.217482
-0.611519
-0.592533
0.081980
0.231098
0.346592
0.903093
0.869988
0.337791
-0.096659
-0.146285
-0.307315
0.116956
0.484144
0.438860
0.558172
0.482337
0.186134
-0.135107
-0.147265
-0.102448
-0.066380
0.194457
0.506818
0.795494
0.903764
0.629819
0.283846
-0.020881
-0.487612
-1.016565
-0.940028
-0.948642
-1.125605
-1.118596
-0.849865
-0.830658
-0.552720
-0.060106
0.688401
1.206823
1.369746
1.357231
1.081885
0.670633
0.187308
0.268809
0.438911
0.487610
0.606851
0.481954
-0.071013
-0.686129
-0.952457
-1.267555
-1.380974
-1.068930
-0.962652
-0.854019
-0.935399
-0.793712
-0.730107
-0.298323
0.193246
0.761527
0.949551
1.094501
0.970222
0.667114
0.389647
0.344662
0.383714
0.121580
-0.088269
-0.112668
-0.169077
-0.378348
-0.336143
-0.506719
-0.480218
-0.415609
-0.379101
-0.304371
0.104835
0.142992
0.270445
0.520047
0.856201
0.989726
1.221522
1.227211
1.259517
1.137343
0.809325
0.486675
0.060886
-0.484958
-0.827253
-0.920197
-1.062220
-1.083677
-0.930844
-0.657146
-0.547822
-0.336298
-0.133765
-0.060419
-0.247583
-0.057434
-0.022551
0.180949
0.522687
0.906317
0.967394
1.151030
1.281151
1.194911
1.066035
1.025726
0.863203
0.585354
0.402447
-0.138701
-0.944822
-1.728491
-2.250405
-2.576452
-2.554292
-1.992919
-1.332914
-0.879882
-0.411818
-0.087645
0.112886
0.046446
0.177393
0.073890
0.249464
0.651997
0.733088
0.963828
0.858485
0.637804
-0.274573
-0.518093
-0.748290
-0.762829
-0.618087
-0.067884
0.285866
0.521965
0.808085
0.904315
0.879655
0.999903
0.779593
0.409084
0.054298
-0.053277
-0.325923
-0.492506
-0.201796
0.167788
0.219275
0.393290
0.355503
0.215135
0.118421
-0.080310
-0.159176
0.155621
0.389877
0.598787
0.839763
0.937976
0.775108
0.409785
-0.162256
-0.491853
-0.785219
-0.956680
-1.254603
-1.042005
-0.806327
-0.464007
-0.243595
0.193194
0.323790
0.535309
0.527256
0.647864
0.885390
1.089678
1.033560
1.005175
0.756270
0.397246
0.137038
-0.176781
-0.512122
-0.571763
-0.608382
-0.730182
-0.798058
-0.675711
-0.835761
-0.832466
-0.722280
-0.497651
-0.362617
-0.258101
0.041944
0.291218
0.388879
0.393703
0.658048
0.410694
-0.152537
-0.219982
-0.155963
0.005275
0.257047
0.694996
0.702939
0.345204
0.075396
-0.157589
-0.168391
-0.184016
0.221036
0.322065
0.668862
0.914648
1.109306
1.048369
0.929101
0.494190
-0.239283
-0.814919
-1.362237
-1.724939
-1.744190
-1.618582
-1.149676
-0.758759
-0.384917
-0.094469
0.102403
-0.300965
-0.338857
-0.340351
-0.054965
-0.008872
0.211720
0.318455
0.422680
0.293678
0.181371
0.437576
0.508350
0.654543
0.422927
0.646868
0.593929
0.570831
0.529870
0.526078
0.726652
1.297488
1.305101
1.038417
0.878836
0.414870
-0.350822
-0.666059
-0.439724
-0.471729
-0.401523
-0.507072
-0.836511
-1.506122
-1.677051
-2.062768
-2.242810
-1.863685
-1.167657
-0.666779
-0.180829
0.280570
0.537651
0.454379
0.475920
0.428930
0.353262
0.442470
0.382105
0.318395
0.490435
0.530450
0.567664
0.612437
0.629430
0.814766
0.966367
0.882718
0.747741
0.514374
-0.056077
-0.581124
-1.374839
-1.959293
-2.590586
-2.476072
-1.853310
-1.137909
-0.345831
0.493458
0.633633
0.371718
0.341870
0.905514
0.841725
1.016061
1.224959
1.271944
0.684673
0.641456
0.380511
0.072304
-0.112683
-0.333722
-0.324038
-0.005624
0.262559
0.312039
0.602727
0.747420
0.646041
0.204774
0.074684
-0.166237
-0.527266
-0.928696
-1.045221
-1.224947
-1.409404
-1.278113
-0.919107
-0.662573
-0.232755
-0.074041
0.095328
0.007199
0.383870
0.750758
1.130755
1.244680
1.435223
1.292199
0.981235
0.585383
0.224961
-0.100291
-0.520380
-0.837043
-1.115924
-1.288840
-1.395309
-1.316503
-1.141984
-0.752829
-0.301373
-0.194729
0.019286
0.104270
0.172446
0.081746
0.273226
0.490557
0.490665
0.601313
0.614638
0.542218
0.257602
-0.014842
-0.067643
0.035902
0.238801
0.642620
0.954094
0.866693
0.360922
-0.127467
-0.786685
-1.237854
-1.205405
-0.958679
-0.798599
-0.657369
-0.073849
-0.160053
-0.008716
0.352225
0.473681
0.253858
0.288943
0.256260
0.262917
0.649112
1.236932
1.360830
0.942187
0.507516
-0.129793
-0.835095
-0.939239
-0.522349
-0.208109
0.233960
0.433613
0.577694
0.441705
0.465974
0.470758
0.626808
0.378780
0.610788
0.420007
0.393693
0.146063
0.223879
0.062007
0.000467
-0.314655
-0.451718
-0.470240
-0.263529
-0.188624
-0.144841
-0.159271
-0.488676
-1.118475
-1.475914
-1.876026
-1.888963
-1.434453
-1.104593
-0.783842
-0.102218
0.240858
0.499134
0.809391
1.161376
1.014724
0.828310
0.520367
0.356677
0.349811
0.491189
0.563140
0.497118
0.691970
0.531467
0.211056
-0.010511
-0.078475
-0.407696
-0.411875
-0.232036
-0.291985
-0.400280
-0.231723
-0.402198
-0.404145
0.042627
0.440585
0.781807
1.125611
1.400625
1.250110
1.019939
0.668817
0.442128
0.137777
0.068732
-0.066123
-0.374680
-0.808423
-1.115752
-1.445945
-1.479758
-1.318985
-1.077786
-0.829157
-0.774265
-0.749557
-0.856215
-0.763920
-0.873491
-0.596113
-0.339517
0.100280
0.263676
0.587266
0.742864
0.842763
0.705210
0.706067
0.759947
0.665778
0.561897
0.432620
0.120510
-0.121774
-0.319052
-0.334334
-0.029481
0.488134
0.679045
1.003543
1.210056
1.063650
0.997627
1.095094
0.877415
0.364489
0.084957
-0.380418
-0.968458
-0.900224
-0.682573
-0.764116
-0.654535
-0.556179
-0.817724
-0.909216
-0.812982
-0.721891
-0.403722
-0.001330
0.098983
0.465417
0.531811
0.492364
0.361372
0.191388
-0.044080
-0.403935
-0.561875
-0.878784
-1.033213
-1.479817
-1.229131
-1.282015
-0.972303
-0.282128
0.330575
0.636400
0.942097
0.921629
0.475059
0.213403
-0.144962
-0.147324
0.024838
0.497874
0.752281
1.040108
1.023581
0.849655
0.554795
-0.071454
-0.394817
-0.644495
-0.683296
-0.511710
0.077997
0.312217
0.514510
0.628486
0.589107
0.713056
0.903363
0.882020
1.376821
1.292477
1.200541
1.159800
0.946286
0.319688
-0.125451
-0.154456
-0.163359
0.096672
0.146065
0.236086
0.267354
-0.183194
-0.493964
-0.730733
-0.892559
-1.198285
-0.973320
-0.698616
-0.487462
-0.128529
-0.113486
-0.231187
-0.135401
-0.257978
-0.389605
-0.329479
-0.152994
-0.265546
-0.518037
-0.673352
-0.867471
-0.847697
-0.289335
0.513415
0.940513
1.139228
0.999298
0.340937
-0.278749
-0.505963
-0.715806
-0.506627
-0.501491
-0.695476
-0.776059
-0.411558
-0.563771
-0.529643
-0.221364
-0.173651
-0.087081
0.418395
0.630246
0.809666
1.113184
1.182076
0.473184
0.254035
-0.017487
-0.154854
-0.323080
0.225307
0.342729
0.571355
0.445645
0.138724
-0.367730
-0.752371
-0.946673
-1.173352
-1.119146
-1.181794
-1.181286
-1.073265
-0.834942
-0.531108
-0.235055
0.114542
0.054779
0.386032
0.494154
0.734641
1.136476
1.247948
1.093340
1.140648
0.724378
0.370636
0.310659
0.466394
0.455863
0.616259
0.542845
0.453654
0.120941
-0.601527
-1.117198
-1.513688
-1.711597
-1.621533
-1.096639
-0.342105
0.394522
0.856099
0.866803
0.842800
0.738873
0.403073
0.067747
-0.248998
-0.401290
-0.421880
-0.290065
-0.149539
0.074571
0.099049
-0.140220
-0.114788
0.234394
0.423813
0.610372
0.864637
0.757851
0.294656
-0.023283
-0.133372
-0.375915
-0.479617
-0.729145
-0.648010
-0.797796
-0.724624
-0.679364
-0.242275
-0.295162
-0.225645
0.024894
0.476985
0.981262
1.240036
1.350241
1.217395
0.719655
-0.112340
-0.588110
-0.786261
-0.948448
-0.700358
-0.343881
0.375868
0.921408
1.170233
1.142848
1.193766
0.755116
0.174174
-0.371735
-0.876239
-1.103112
-1.008620
-0.905238
-0.744349
-0.503917
-0.817233
-0.806172
-0.662242
-0.423751
-0.257649
0.211488
0.148193
0.169592
-0.063812
0.214229
0.888875
1.501316
1.468778
1.845515
1.355845
0.531746
-0.119800
-0.218017
-0.977737
-1.224652
-1.409144
-1.626179
-1.671164
-1.277383
-0.804317
0.013570
0.687504
1.273111
1.410010
1.272038
0.750324
0.431024
0.243627
0.131125
0.021637
-0.145821
-0.685802
-1.264664
-1.304698
-1.136657
-1.016967
-0.601497
-0.142192
-0.031606
0.365865
0.468194
0.597903
0.532053
0.601652
0.282641
0.312971
0.121174
-0.075224
-0.047130
0.290105
0.567633
1.062272
1.472398
1.660005
1.451190
1.191811
0.611581
0.016682
-0.423062
-0.901263
-1.172972
-1.616795
-1.945674
-1.993733
-1.823955
-1.525121
-0.662637
-0.029179
0.148440
0.209176
0.410731
0.279187
0.374221
0.669501
0.790103
0.476891
0.196999
0.393387
0.373519
0.338112
0.401835
0.692898
0.688914
0.599614
0.546291
0.489597
0.170624
-0.078711
-0.313134
-0.245497
-0.357806
-0.242070
-0.624571
-0.831753
-0.855109
-0.848990
-0.897043
-0.352769
0.127501
-0.005657
-0.346260
-0.271047
-0.626044
-1.053584
-0.791543
-0.389551
-0.321607
0.037634
0.495051
0.960383
1.160259
1.761442
1.600392
1.293730
0.389604
0.427522
-0.141683
-0.183933
0.025248
0.168897
-0.250911
-0.040786
-0.005385
0.049875
0.325944
0.595117
0.300251
-0.013263
-0.602764
-0.976114
-0.895434
-0.784360
-0.466139
-0.160797
0.155131
0.154489
0.056987
0.147698
0.269086
0.147203
0.223386
0.108001
-0.309385
-0.369845
-0.435109
-0.642339
-0.778233
-0.898525
-0.954966
-0.441515
0.066063
0.717896
1.472425
1.684128
1.278144
0.786933
0.618679
0.357133
0.228275
0.021892
-0.182419
-0.378732
-0.717151
-0.819290
-0.910347
-0.645505
-0.363429
0.034179
0.311016
0.497815
0.395147
0.280406
0.162533
-0.098279
-0.155441
-0.257198
-0.573135
-0.825333
-0.669339
-0.472421
-0.260918
0.176679
0.611206
0.756297
0.761215
0.962451
1.008184
0.899889
0.613293
0.334175
-0.204513
-0.589320
-0.701143
-0.474138
-0.133238
0.270479
0.391735
0.214013
-0.059131
-0.372353
-0.734052
-0.909627
-0.733312
-0.631309
-0.509661
-0.334415
-0.115601
-0.058947
0.189978
0.425832
0.701127
0.818405
0.958693
0.926955
0.621849
0.247510
-0.104989
-0.521362
-0.937591
-0.869767
-0.880148
-0.765027
-0.574660
-0.315061
-0.260864
-0.011426
0.283752
0.512789
0.719113
0.935424
0.931396
0.821183
0.734488
0.696885
0.517749
0.409436
0.181202
-0.135321
-0.501990
-0.715780
-0.885946
-0.976200
-0.709063
-0.174811
0.193216
0.508066
0.802480
0.812753
0.449433
0.234917
0.230464
0.127156
0.058287
-0.000165
-0.164783
-0.862482
-1.351914
-1.800317
-2.187696
-2.206984
-1.735321
-1.198108
-0.619480
0.101795
0.558939
0.849196
0.978504
1.093502
0.994765
0.812646
0.603699
0.353051
0.098599
-0.042138
-0.187389
-0.248159
-0.291155
-0.245996
-0.265078
-0.124014
0.027465
0.346687
0.511649
0.689842
0.795808
1.032615
1.292163
1.412675
1.534038
1.485926
0.930892
0.186611
-0.312217
-0.813140
-1.148923
-0.954789
-0.708722
-0.332306
-0.073920
0.225825
0.325327
0.396657
0.104398
0.223939
0.251026
0.186320
0.078139
0.040393
-0.192403
-0.499648
-0.866778
-1.147111
-1.271499
-1.000648
-0.641296
0.023286
0.460972
0.893468
0.875661
0.767233
0.523144
0.588601
0.741238
0.609840
0.649884
0.670379
0.256933
-0.323319
-0.410624
-0.593209
-0.653071
-0.612985
-0.530191
-0.794736
-0.730422
-0.807293
-0.588476
-0.437764
-0.295275
-0.417737
-0.650233
-0.786322
-0.938122
-0.537524
-0.261667
0.348477
0.818680
1.090731
0.985012
0.911831
0.658712
0.588456
0.558988
0.444347
0.361411
0.190758
-0.125111
-0.371383
-0.355483
-0.075477
0.274998
0.626587
0.843843
0.833440
0.453123
0.083051
-0.386111
-0.488721
-0.771342
-0.847133
-0.885921
-0.869245
-0.927580
-0.651450
-0.354472
-0.016247
0.448408
0.754286
0.989079
1.213155
1.161627
0.463050
0.104102
-0.290066
-0.714517
-0.911289
-0.472702
-0.152877
-0.177117
-0.163898
-0.098983
-0.245042
-0.210193
0.067146
0.406223
0.370596
0.487041
0.257935
0.029891
-0.377993
-0.421919
-0.349747
-0.389019
-0.417388
-0.515131
-0.622229
-1.062304
-1.100210
-1.145118
-0.844078
-0.594532
-0.034013
0.294288
0.668227
0.722767
0.900356
1.021922
1.131721
1.022497
0.870678
0.561174
0.033783
-0.324405
-0.324344
-0.392760
-0.252725
0.001849
0.265625
0.381217
0.381217
0.200648
0.155104
-0.208206
-0.418954
-0.547228
-0.341127
-0.499855
-0.368738
-0.339195
0.031297
0.193505
0.457026
0.462339
0.643666
0.720270
0.764617
0.820520
1.180927
0.973509
0.806510
0.520772
0.526516
0.222695
0.078430
-0.192715
-0.397697
-0.843164
-1.168028
-1.261753
-1.238532
-1.266338
-1.266839
-1.270742
-1.058124
-0.851031
-0.696599
-0.445619
-0.114913
0.116876
0.369331
0.814948
1.123387
1.090951
1.066083
0.894883
0.394281
0.159683
0.277074
0.256788
0.241391
0.703061
0.668780
0.654232
0.612275
0.614857
0.306942
0.151514
0.239620
0.452637
0.539639
0.230705
0.111583
-0.256240
-0.770954
-1.024607
-1.096738
-0.903768
-0.599466
-0.243541
-0.019236
0.164128
0.117111
-0.020675
-0.471008
-0.797528
-0.876814
-0.675848
-0.736634
-0.700122
-0.514930
-0.332805
-0.166416
0.119360
0.490098
0.569169
0.606730
0.249335
0.058392
-0.138327
-0.396768
-0.521835
-0.361680
-0.298887
-0.112362
0.236256
0.573322
0.695401
0.791393
0.870708
0.875129
0.908570
1.167256
1.248054
1.192736
1.244633
0.972186
0.657156
0.297789
0.016841
-0.292227
-0.268654
-0.418227
-0.470608
-0.529606
-0.483715
-0.816864
-1.122116
-1.221335
-1.009142
-1.129985
-1.039572
-0.921676
-0.854646
-0.948958
-0.865683
-0.633043
-0.462079
-0.204778
0.057191
0.408120
0.902143
1.055911
1.414299
1.421292
1.192068
0.958394
0.628985
0.133272
-0.167190
-0.096763
-0.279816
-0.028780
0.081218
0.263316
0.125535
-0.034285
-0.318563
-0.365818
-0.176598
-0.204407
0.178787
0.549334
0.675819
0.073996
-0.043747
-0.483343
-0.768322
-0.922885
-0.562551
-0.220492
-0.249439
-0.117752
-0.182198
-0.418495
-0.514507
-0.230571
-0.207007
-0.196757
0.552797
0.724664
0.711962
0.833751
1.007198
0.693819
0.620339
0.607391
0.596061
0.241131
-0.386607
-0.914421
-1.073996
-1.384118
-1.278077
-1.282476
-1.072122
-1.057332
-1.116862
-1.181324
-0.907530
-0.843554
-0.680215
-0.464688
-0.189074
0.054256
0.286280
0.506680
0.766819
0.768024
1.054338
1.387143
1.623079
1.634265
1.745815
1.449148
1.021525
0.332655
0.151774
0.237591
-0.070873
-0.068124
0.047076
0.120854
-0.120846
-0.111308
-0.328002
-0.026978
-0.189787
-0.108520
0.207598
0.346680
0.029643
-0.284169
-0.476151
-0.494063
-0.356783
-0.411691
-0.452486
-0.661718
-0.866078
-0.975890
-1.004632
-0.602231
-0.255316
0.016119
0.280629
0.391285
0.410025
0.601493
0.371535
0.327534
0.835812
0.925065
0.870424
1.127915
0.805950
0.428887
0.303045
-0.149891
-0.519073
-0.512304
-0.846080
-0.993852
-0.655165
-0.612992
-0.660962
-0.644119
-0.597868
-0.667811
-0.376953
-0.055046
0.397378
0.775992
1.193210
1.017212
0.664480
0.188096
-0.256033
-0.948499
-0.944399
-0.592011
-0.312673
-0.185828
0.020457
0.017629
-0.215813
-0.214164
-0.021426
0.233112
0.396847
0.438239
0.057222
-0.281988
-0.619133
-0.610341
-0.505333
-0.069656
0.167612
0.428471
0.321933
0.107647
-0.165688
-0.345083
-0.864238
-0.942235
-0.669619
-0.335970
-0.137725
0.301892
0.554708
0.772732
1.126605
1.478849
1.747916
1.963417
1.641977
1.162598
0.494462
-0.160045
-0.932994
-1.301406
-1.381764
-1.368922
-1.190241
-0.985857
-0.826195
-0.890575
-0.595493
-0.279607
0.110581
0.389050
0.582067
0.535676
0.430113
0.214578
0.435248
0.457406
0.529862
0.635604
0.733184
0.405937
0.547179
0.594915
0.551463
0.312733
0.453293
0.042782
-0.451145
-0.666987
-0.704038
-0.815316
-0.730697
-0.323644
-0.095649
0.161965
0.304237
0.587603
0.751650
0.915962
1.110431
0.866574
0.501456
0.130063
-0.361698
-0.769016
-0.839107
-0.679880
-0.594589
-0.486740
-0.584278
-0.743520
-0.902974
-0.839494
-0.842911
-0.530353
-0.244167
0.043435
0.071197
0.475432
0.657644
0.777287
0.895907
1.142582
0.917877
0.803032
0.831037
0.514265
0.033757
-0.429159
-0.925957
-1.390922
-1.551865
-1.478538
-1.141334
-0.641500
-0.133063
0.281205
0.504204
0.620612
0.322612
-0.063575
-0.441417
-0.455528
-0.441913
-0.404214
-0.309435
-0.174336
-0.292647
-0.336622
-0.220828
0.021865
0.331772
0.578985
0.769056
1.032935
1.212441
1.128658
1.106480
0.901343
0.498328
0.247412
0.114445
0.138215
-0.003971
-0.142797
-0.450537
-0.615900
-1.042488
-1.049950
-0.878423
-0.800520
-0.707453
-0.615912
-0.526747
-0.353646
-0.137772
0.143262
0.383160
0.790650
1.030757
1.073412
0.948919
0.809146
0.187375
-0.441604
-0.858754
-1.229428
-1.222677
-0.956023
-0.724052
-0.137857
0.591116
0.724607
1.099621
1.224881
0.945623
0.529523
0.551633
0.649846
0.858777
1.090045
0.814601
0.387943
-0.580656
-0.894824
-1.052261
-0.599085
0.238165
0.697171
0.753032
0.800949
0.379251
-0.310814
-0.466695
-0.442803
-0.450834
-0.204988
-0.475966
-0.411444
-0.305929
-0.638366
-0.723887
-0.116329
0.078543
-0.463669
-0.105131
-0.004840
-0.158587
-0.321557
-0.005378
-0.273109
-0.393634
-0.390659
-0.283245
0.135450
0.367697
0.971539
0.792983
0.498316
0.052110
-0.173955
-0.817314
-0.747949
-0.447213
-0.175678
0.175272
0.208240
0.091718
-0.330997
-0.732616
-0.930781
-0.728173
-0.280487
0.691003
1.224375
1.479924
1.445619
1.247222
0.857579
0.684565
0.201410
-0.302337
-0.618472
-0.787172
-0.703639
-0.334975
0.283831
0.438481
0.197117
0.005817
-0.117669
-0.284283
-0.447681
-0.275362
-0.181907
-0.245429
-0.393879
0.183998
0.077491
-0.193323
-0.274824
-0.349193
-0.680442
-0.526156
-0.380604
-0.416848
-0.149014
-0.086121
-0.077044
-0.127502
0.083592
0.546154
0.833087
1.167635
1.817023
2.012713
1.970749
1.860562
1.573609
1.015963
0.737625
0.158290
-0.511905
-0.681858
-1.006289
-1.317398
-1.439900
-1.246451
-1.395096
-1.349958
-1.264942
-1.189924
-0.942509
-0.691580
-0.334898
-0.050334
0.029030
0.025925
0.117002
0.255457
0.413946
0.611690
0.794737
0.859756
0.738491
0.428347
0.106390
-0.106983
-0.127408
-0.111971
0.161670
0.573510
0.613544
0.745088
0.875277
1.039634
0.893393
0.907093
0.691449
0.385342
-0.193819
-0.535337
-0.961072
-1.458672
-1.785230
-1.583438
-1.425118
-0.952050
-0.542938
0.210399
0.423212
0.575351
0.630742
0.695617
0.542016
0.427879
0.495135
0.380190
0.224966
-0.094922
0.043715
0.264926
0.304183
0.592071
0.556285
0.300380
-0.085830
-0.002905
0.148128
0.419206
0.697607
0.895345
0.585002
-0.001018
-0.555261
-1.059972
-1.508120
-1.692750
-1.612622
-1.063743
-0.772944
-0.533475
-0.131106
0.136279
-0.104253
-0.241843
-0.218467
-0.184782
-0.298436
-0.166870
0.305751
0.602930
0.634462
0.637270
0.874092
0.962196
0.719890
0.508403
0.356395
0.135073
-0.510855
-0.919770
-1.138599
-1.236826
-1.367316
-1.011813
-0.487237
0.069366
0.475449
0.593220
0.316330
0.237109
0.096266
0.137435
0.393732
0.636341
0.771564
0.781645
0.795835
0.694976
0.719858
0.581378
0.489532
0.374487
-0.012364
-0.301481
-0.520037
-0.739459
-0.958122
-0.838736
-0.809615
-0.772976
-0.594679
-0.580432
-0.579189
-0.129145
0.018073
0.096362
0.381984
0.513629
0.359551
0.579396
0.738698
0.767310
0.678573
0.405603
0.033250
-0.284320
-0.558273
-0.631933
-0.724327
-0.857044
-0.940048
-0.853732
-0.683977
-0.308083
0.042377
0.365017
0.498331
0.341211
0.355811
0.390444
0.683080
0.801785
1.065624
0.764674
0.483205
-0.197388
-0.680190
-1.085509
-0.986571
-1.008235
-0.887115
-0.618171
-0.556685
-0.519831
-0.297337
-0.035856
0.273219
0.688125
0.985051
1.326319
1.576885
1.408322
1.272196
1.025389
0.600070
0.034656
-0.057479
-0.267646
-0.652543
-1.252232
-1.427038
-1.606338
-1.475114
-1.149030
-0.576560
-0.270846
-0.152283
-0.169206
-0.187906
-0.209779
-0.329013
-0.597707
-0.712048
-0.439245
-0.203791
0.224716
0.402543
0.426106
0.258622
0.226958
0.064974
0.515171
0.708386
0.849176
0.952742
1.157778
0.946092
0.785495
0.325979
-0.170705
-0.574799
-0.750910
-0.729487
-0.726192
-0.697028
-0.968054
-0.765755
-0.481559
-0.014088
0.266289
0.668306
0.375911
0.004388
-0.312259
-0.219351
-0.193320
0.143683
0.481402
0.622718
0.534114
0.308462
-0.044598
-0.316332
-0.350326
-0.268064
-0.260510
0.284564
0.423506
0.445711
0.350150
0.674197
0.437949
0.340063
0.039454
-0.139646
-0.366513
-0.804655
-1.015624
-1.060946
-1.166356
-1.128560
-0.882807
-0.609871
-0.086284
0.345272
0.677268
0.748997
0.779702
0.752529
1.052679
1.272426
1.404468
1.533906
1.542283
1.109526
0.406408
0.108034
-0.188676
-0.589678
-0.789877
-0.756711
-0.708312
-0.960877
-0.938132
-0.921902
-0.721684
-0.587200
-0.153011
0.048659
0.251626
0.402682
0.472712
0.668769
0.764475
0.919415
0.766966
0.647853
0.300139
0.241183
-0.058613
-0.270515
-0.436435
-0.498396
-0.723358
-0.764070
-0.708291
-0.693364
-0.857909
-0.749750
-0.785013
-0.867836
-0.668049
-0.303529
-0.284406
-0.263214
-0.202927
-0.232806
-0.162513
0.062637
0.380390
0.682110
0.784523
0.634486
0.567159
0.659835
0.812885
0.954660
1.139053
1.205211
1.041686
0.608133
-0.055339
-0.462697
-0.960592
-1.250960
-1.237216
-0.936262
-0.686898
-0.206087
0.174729
0.349914
0.419647
0.683202
0.560378
0.174051
0.030692
-0.017962
-0.316766
-0.478090
-0.281005
-0.165322
-0.094842
-0.205231
0.171805
0.237272
-0.091615
-0.055720
0.145018
0.259584
0.268981
0.470510
0.213377
-0.061677
-0.571673
-0.789555
-0.919937
-0.752065
-0.769878
-0.743886
-0.681874
-0.669233
-0.905427
-0.737254
-0.343716
-0.273000
0.203563
0.986509
1.293459
1.089168
1.092118
0.993453
0.689907
0.378813
0.536531
0.643106
0.873491
0.895912
1.031867
0.769196
0.624473
-0.005508
-0.469634
-0.601154
-0.948923
-0.982948
-0.625403
-0.491736
-0.792728
-0.955893
-1.342499
-1.527002
-1.565032
-1.104620
-0.297633
0.624201
1.229656
1.525600
1.528021
1.001592
0.528725
-0.032207
-0.226244
-0.324260
0.051493
-0.066023
-0.222016
-0.188718
-0.214325
-0.266324
-0.079928
0.246891
0.526663
0.791651
0.954755
1.195713
1.245925
1.207612
0.836182
0.394318
0.017573
-0.306043
-0.569633
-0.730146
-0.771754
-0.999333
-0.912528
-0.931678
-0.672541
-0.244529
0.130441
0.277804
0.487580
0.508207
0.502563
0.343874
0.119240
-0.038345
0.050216
-0.349284
-0.571283
-0.594418
-0.836911
-1.371040
-1.641837
-1.632218
-1.660174
-1.614554
-1.258481
-0.645791
-0.306685
0.028762
0.348470
0.728154
0.940758
1.189911
1.272673
1.327601
1.215529
1.132344
0.862081
0.628882
0.458288
0.299885
0.113128
0.027596
-0.041448
-0.128522
-0.292783
-0.460671
-0.649069
-0.753588
-0.795286
-0.668178
-0.592207
-0.427012
-0.391371
-0.411253
-0.431221
-0.521043
-0.650896
-0.719514
-0.643824
-0.674093
-0.389830
-0.133436
0.113532
0.467451
0.709251
0.781990
0.961508
1.137602
1.034534
1.022836
1.062307
1.093679
1.029615
0.958617
0.879365
0.804610
0.685650
0.625623
0.342071
0.102489
-0.209369
-0.469082
-0.562661
-0.583479
-0.732728
-0.772995
-0.854046
-0.964642
-0.899644
-0.736475
-0.760044
-0.812027
-0.896761
-0.893600
-0.761405
-0.569594
-0.250006
-0.072943
0.083918
0.001872
0.019296
-0.067624
0.214008
0.343916
0.449868
0.520019
0.821089
0.686125
1.010004
1.101706
1.081021
0.952999
0.912625
0.519565
0.448179
-0.140556
-0.728796
-1.059351
-1.004954
-1.015653
-0.743985
-0.428310
-0.399395
-0.668954
-0.740614
-0.569559
-0.453493
-0.050158
0.312990
0.438167
0.678213
0.780736
0.828376
0.762796
0.916480
0.887648
0.884944
0.608028
0.421815
-0.020289
-0.486760
-0.686208
-0.933123
-1.169023
-1.465388
-1.438433
-1.542058
-1.312362
-1.040615
-0.448713
-0.008667
0.209019
0.267569
0.431986
0.513078
0.625882
0.718694
0.654718
0.490354
-0.000799
-0.349881
-0.609215
-0.338795
-0.101365
0.493773
0.857508
1.407608
1.456397
1.569970
1.455508
1.299003
0.850937
0.535491
0.054078
-0.334932
-0.504448
-0.480178
-0.708831
-0.733510
-1.232225
-1.896013
-2.180697
-2.306911
-1.727315
-0.300146
0.534328
1.242911
