4.828845
3.741815
2.836650
1.462542
0.092273
-0.352936
-0.699662
-0.774926
-0.978521
-0.851704
-0.604637
-0.475907
-0.120057
0.197411
0.198005
0.110772
0.119632
0.108505
-0.132726
-0.123304
-0.085293
-0.057870
-0.284038
-0.273538
-0.086260
-0.149194
-0.206832
-0.205672
-0.174132
-0.053581
0.030887
0.175971
0.492834
0.461579
0.109531
-0.208268
-0.246146
-0.165860
-0.073226
0.456608
0.611301
0.537371
0.123808
0.017388
-0.497992
-0.564537
-0.399272
-0.022337
0.129677
0.246598
0.265312
0.090679
-0.273660
-0.368443
-0.433070
-0.392593
-0.144542
0.473001
0.531147
0.518279
0.337650
0.002544
-0.706254
-0.902371
-0.881599
-0.653750
-0.218242
-0.144559
-0.144814
-0.240226
-0.501093
-0.872281
-0.646065
-0.200691
0.066282
0.401102
0.687655
0.571603
0.327854
0.231522
0.018553
-0.300669
-0.428365
-0.420129
-0.526496
-0.552180
-0.215746
0.092521
0.220055
0.487173
0.691010
0.624934
0.563676
0.463095
0.318825
0.272856
0.212588
0.151790
0.071726
-0.120923
-0.151892
-0.294453
-0.404721
-0.459214
-0.390576
-0.423528
-0.353549
-0.360917
-0.430475
-0.499671
-0.628633
-0.785530
-0.816540
-0.021687
0.071859
0.143287
0.825209
0.810897
0.671841
0.746485
1.488964
1.692384
1.825855
1.221259
1.155998
0.386401
-0.445015
-0.605774
-0.651621
-0.685354
-0.734885
-0.751656
-0.803754
-0.826289
-0.864044
-0.858713
-0.837335
-0.724936
-0.616944
-0.528218
-0.397512
-0.196079
-0.145437
-0.008328
0.062532
0.072993
-0.012394
0.682262
0.667756
1.322260
1.431041
1.491963
0.700641
0.675471
-0.052547
-0.036139
-0.281152
-0.332083
-0.613208
-0.915868
-1.071111
-0.865622
-0.770632
-0.599539
-0.275777
-0.288391
-0.362197
-0.341111
-0.109089
0.052206
0.301862
0.498403
0.637551
0.559840
0.564740
0.502040
0.471313
0.446606
0.479931
0.430784
0.403815
0.424596
0.446387
0.090465
0.138963
0.194065
0.237257
0.328327
0.341197
0.373712
-0.005888
-0.358998
-0.706927
-0.629203
-0.932134
-0.813704
-0.733146
-0.421950
-0.387211
-0.358870
-0.155311
-0.132507
-0.111845
-0.044791
0.224839
0.269669
0.313488
0.106928
0.124677
-0.089128
-0.294467
-0.300704
-0.061078
-0.144634
0.068963
0.046626
0.256219
0.233507
0.262162
0.277873
0.262602
0.251692
-0.012937
-0.015046
-0.307282
-0.315106
-0.280345
-0.252026
0.048077
0.380474
0.378137
0.391727
0.370615
0.345692
0.052869
0.070103
-0.216416
-0.204404
-0.489002
-0.479640
-0.251452
-0.027577
-0.051171
0.217130
0.186885
0.232893
0.005011
0.017794
0.019712
0.009704
-0.019382
-0.009308
-0.013463
-0.277798
-0.220834
-0.224951
-0.264156
-0.027381
-0.009158
-0.042001
-0.032308
-0.011704
0.014080
0.021785
0.251277
0.232461
0.261109
0.018534
0.030492
0.025211
-0.199963
-0.198500
0.034909
-0.011321
-0.062018
-0.095128
0.095739
0.065145
0.054677
0.112482
0.118165
0.145059
-0.051449
-0.018677
-0.026132
-0.030490
-0.067102
-0.082749
0.134082
0.125999
0.110457
0.105929
0.080793
0.071935
-0.162437
-0.153631
-0.157387
-0.129990
-0.124005
-0.131475
0.071665
0.071023
0.037109
0.051268
0.061171
0.124683
-0.084944
-0.062518
-0.045098
-0.028023
-0.045581
-0.028224
0.211749
0.190922
0.172645
0.202179
0.195838
0.222902
0.003345
0.022289
-0.008761
-0.023809
-0.051669
-0.060739
-0.071826
-0.292358
-0.263531
-0.282260
-0.303476
-0.081406
-0.101597
-0.127461
-0.127590
-0.111212
-0.084359
-0.062631
0.167029
0.185449
0.175653
0.136251
0.158337
0.177992
-0.064225
-0.077562
-0.074432
-0.129939
-0.129091
-0.120230
0.118733
0.123321
0.130053
0.114127
0.098084
0.074626
-0.110219
-0.073916
-0.056014
-0.061004
-0.021510
-0.066925
0.132043
0.107511
0.109450
0.093413
0.097473
0.121725
-0.080889
-0.042570
-0.216067
-0.195702
-0.207802
-0.219927
-0.025372
0.140458
0.129374
0.132164
0.102764
0.092102
-0.118069
-0.118560
-0.120958
-0.129894
-0.122503
-0.130211
0.112873
0.113699
0.139164
0.174990
0.163301
0.163704
-0.061666
-0.049960
-0.045931
-0.013804
-0.023899
-0.047405
0.154834
0.130479
0.112540
0.116986
0.102799
0.093377
-0.150681
-0.169375
-0.199044
-0.184926
-0.174093
-0.172405
0.053405
0.056504
0.066009
0.073245
0.096863
0.136146
-0.066321
-0.062170
-0.028975
-0.046836
-0.060699
-0.064006
0.160118
0.116110
0.108142
0.109852
0.101711
0.120735
-0.092248
-0.087460
-0.088517
-0.091750
-0.109989
-0.124034
0.107954
0.102452
0.089281
0.102105
0.127215
0.114702
-0.092989
-0.075353
-0.099427
-0.137075
-0.115706
-0.145491
0.054077
0.048329
0.075692
0.053839
0.063323
0.096855
-0.098039
-0.084413
-0.029990
-0.035996
-0.055630
-0.064793
0.164670
0.141189
0.131901
0.148231
0.131815
0.111294
-0.134205
-0.107119
-0.090156
-0.071028
-0.060262
-0.057717
0.145106
0.120399
0.084639
0.055666
0.040587
0.018295
-0.199607
-0.172846
-0.180474
-0.167666
-0.147441
-0.178306
0.027108
0.048906
0.040012
0.032866
0.046974
0.089918
-0.120867
-0.109689
-0.072328
-0.073274
-0.098312
-0.106674
0.123943
0.105037
0.088962
0.079895
0.098822
0.094208
0.102826
0.117548
0.136164
0.105258
0.108608
-0.123622
0.092378
0.075296
0.070301
0.035549
0.004783
0.009522
-0.213761
-0.197484
-0.163999
-0.151435
-0.150100
-0.160001
0.053201
0.045535
0.067030
0.097680
0.085156
0.109133
-0.093729
-0.086177
-0.112506
0.126502
0.094761
0.094301
0.311346
0.323247
0.090780
0.102346
0.076969
0.070281
-0.178938
-0.173011
-0.156261
-0.136189
-0.145324
-0.148271
0.058157
0.020640
-0.004793
-0.005075
-0.003062
0.044576
-0.156326
-0.155802
-0.138641
-0.101754
-0.109357
-0.121585
0.111068
0.112540
0.079429
0.077053
0.099016
0.125301
-0.081981
-0.040369
-0.005362
-0.005078
-0.017124
-0.047533
0.145174
0.099600
0.085244
0.046571
0.022620
-0.011079
-0.250290
-0.268215
-0.238295
-0.244518
-0.210721
0.038948
0.282062
0.273061
0.231461
0.219320
-0.108669
-0.112473
-0.099297
-0.125494
-0.105858
0.243841
0.228778
-0.204393
0.101291
0.068466
0.020714
0.002543
0.412086
0.356290
0.312587
0.260538
0.291030
-0.206551
-0.132386
-0.592564
-0.528286
-0.523058
-0.005230
-0.042327
0.529729
0.547135
0.591134
0.609111
0.616822
0.524264
0.545289
-0.045396
-0.082197
-0.099179
-0.069791
-0.094103
-0.184793
-0.161272
-0.740526
-1.307070
-1.315170
-1.292178
-1.308466
-0.568010
0.132038
0.266126
1.060380
1.063248
0.883679
0.739640
0.660375
0.509250
0.311740
0.246901
0.126752
-0.053669
-0.301768
-0.313256
-0.444868
-0.491867
-0.374793
-0.146634
0.290909
0.752259
0.992338
1.025311
0.847460
0.617277
0.320743
0.169387
-1.263535
-1.128013
-1.229485
-1.338132
-1.238568
0.187683
-0.028790
-0.028728
0.099773
0.018036
0.211221
0.619658
0.648821
0.524761
0.615966
0.460259
0.650718
0.927294
1.061129
-0.544865
-0.591206
-0.805150
-0.909865
-0.703750
0.986199
0.908692
0.768688
0.645726
0.427572
0.364125
0.344307
0.298625
0.144890
-0.032600
-0.197566
-0.339968
-1.739020
-1.643793
-1.251800
-1.392148
-1.088659
0.174417
0.198167
0.261306
0.696880
0.784230
0.923341
0.891043
0.846092
0.674725
0.460989
0.345152
0.727107
0.805880
0.310206
0.283821
0.263901
0.005996
-0.467963
-0.033678
-0.213784
-0.249831
-0.269579
-0.492558
-0.572272
-0.519473
-0.646488
-1.083498
-0.769792
-0.703217
-0.514008
-0.111516
0.268097
0.383500
0.403874
0.395184
0.166135
0.182482
-0.089411
0.302307
0.365994
0.871861
0.772246
0.905571
0.729763
0.440557
-0.120851
-0.270025
0.065550
0.184050
0.297226
0.725520
0.867717
0.768748
0.164997
-0.084905
-0.557381
-0.702060
-0.831851
-0.628038
-0.373580
-0.314022
-0.202025
-0.442305
-0.703642
-0.657376
-0.662751
-0.745162
-0.469443
-0.253348
0.150449
0.322544
0.717722
0.717423
0.825916
0.462730
0.520234
0.496276
0.415690
0.475838
1.077912
0.982578
0.979644
0.725612
0.717543
0.080976
-0.069998
-0.397601
-0.222052
-0.359973
-0.841059
-1.162487
-1.516992
-1.884490
-2.184266
-1.860996
-1.026749
-0.215465
0.374837
0.667303
0.870617
0.467569
0.226656
0.139892
0.250673
0.264309
0.115860
-0.070110
-0.143935
-0.147958
-0.142751
0.139075
0.174084
0.242439
0.659783
1.027315
0.920289
0.678094
1.143673
0.383874
-0.260602
-0.526002
-0.593101
-1.483305
-1.372786
-1.266156
-0.902591
-0.404932
-0.062202
-0.062365
0.145672
0.013576
-0.001881
0.227018
0.463231
0.506642
0.571856
0.482567
0.218369
0.261556
0.029334
-0.057908
0.015620
0.070526
0.015233
0.135742
-0.018723
-0.324532
-0.386056
-0.622881
-0.831879
-0.845100
-0.595539
-0.646197
-0.315088
-0.191157
0.267190
0.326123
1.054636
1.023394
0.954912
0.794626
0.662546
-0.115207
-0.179179
-0.341600
-0.526285
-0.771866
-0.437923
-0.227511
-0.091439
-0.126471
0.566863
0.303854
-0.011950
0.056663
0.709998
0.107806
0.126603
0.015505
-0.074762
-0.828678
-0.738822
-0.722991
-0.580589
-0.550960
-0.345613
-0.283006
-0.144170
-0.121544
0.046326
0.120402
0.263920
0.407679
0.589372
0.885467
1.041391
1.285126
1.119974
0.952815
0.556067
0.242371
-0.345979
-0.604061
-0.741243
-0.899616
-0.974016
-0.860304
-0.777349
-0.766011
-0.767725
-0.744555
-0.731581
-0.491190
-0.269202
0.049262
0.383793
0.679310
0.612874
0.515530
0.482592
0.687236
0.561553
0.551850
0.548669
0.411889
-0.045726
-0.307950
-0.574499
-0.794610
-0.843655
-0.794851
-0.673591
-0.369051
-0.162858
-0.184860
-0.120797
-0.197506
-0.256742
-0.476771
-0.170613
-0.077700
0.512327
0.424722
0.492777
0.242352
0.117473
-0.010894
-0.055266
-0.049205
0.070402
-0.134342
-0.435051
-0.392695
-0.172206
-0.052799
0.342607
0.159713
0.394769
0.527818
0.220170
0.095383
0.015919
-0.032133
-0.301860
-0.313132
-0.245975
-0.038803
-0.315709
-0.361915
0.011004
0.081786
0.114374
0.402036
0.498176
0.412063
0.197340
0.156084
-0.013295
-0.092236
-0.032677
-0.077969
0.035789
0.194412
0.220262
0.129772
0.019111
0.036016
-0.157411
-0.142623
-0.093730
-0.039610
-0.290956
-0.289110
-0.070802
-0.065016
0.102362
0.398294
0.317874
0.312424
0.043673
-0.076546
-0.191089
-0.178210
-0.221061
-0.134966
0.134609
0.304963
0.382758
0.434951
0.346447
0.030055
-0.240792
-0.231347
-0.194813
-0.215605
-0.186106
-0.210153
-0.046642
-0.095790
-0.107647
0.101900
0.176572
0.184944
-0.092488
-0.080531
-0.078803
-0.183711
-0.184255
0.013595
0.371096
0.479879
0.470569
0.477466
0.245827
0.078208
-0.205169
-0.152494
-0.162011
-0.169336
-0.138629
-0.115314
0.075250
0.087547
0.084654
0.048854
-0.020398
0.061930
-0.227010
-0.256954
-0.195159
-0.188943
-0.276157
-0.321133
-0.243931
-0.152879
-0.102580
0.015946
0.231624
0.438609
0.182443
0.159742
-0.091549
-0.136680
-0.026812
0.044028
0.234457
0.423997
0.316646
0.271291
0.197493
0.154649
-0.108909
-0.097895
-0.062469
-0.044071
0.026651
0.104006
0.370085
0.338856
0.199146
0.148469
-0.041038
-0.111772
-0.340593
-0.287580
-0.331929
-0.218660
-0.230192
-0.274702
-0.097434
-0.090966
-0.146172
-0.009586
0.053075
0.231919
0.102569
0.217395
0.161688
0.096890
-0.011173
-0.064369
0.143796
0.164663
0.171841
0.179077
0.127416
0.021573
-0.338860
-0.405156
-0.457079
-0.421885
-0.432183
-0.218897
0.101275
0.137116
0.163096
0.202564
0.164966
0.201789
0.020190
0.083076
0.221240
0.249104
0.264031
0.234678
0.347651
0.164699
0.107004
0.059226
-0.113415
-0.121537
-0.328698
-0.372538
-0.314343
0.000584
0.156079
0.342101
0.586657
0.585696
0.513470
0.476566
0.692061
0.702539
0.434374
0.366820
0.315006
-0.027814
-0.120670
-0.111809
-1.205424
-2.477227
-2.356299
-2.235770
-2.159747
-0.703636
0.436334
0.426584
0.387876
0.313929
0.069168
-0.012994
0.107782
0.087434
0.381129
0.593482
0.787544
0.875161
0.993103
0.803063
0.752879
0.620523
0.565002
0.288260
0.401929
0.314338
0.496659
0.459340
0.462850
-0.791428
-0.836806
-0.894721
-0.798655
-0.739681
0.519112
0.498647
0.475249
0.321712
0.411503
0.309173
0.297495
-0.374424
-0.388819
-0.454315
-1.072192
-0.865064
-0.806937
-0.732443
-0.611213
0.121396
0.003730
0.751204
0.750945
1.026784
1.106896
1.140448
0.480254
0.512434
-0.377230
-0.476805
-1.012248
-0.936295
-1.007041
-0.467617
-0.607992
-0.153585
0.241267
0.188033
0.151689
0.183731
0.235990
0.294310
0.373615
0.404987
0.441642
0.022134
0.105208
0.114590
0.080607
0.065356
0.494985
0.427026
0.050093
0.101168
-0.208462
-0.573964
-0.554277
-0.168394
-0.215287
-0.171929
0.156047
0.134802
0.145949
0.184281
0.257061
0.250529
0.010505
-0.272245
-0.269269
-0.295406
-0.291862
-0.288457
-0.052385
-0.060233
-0.022076
0.017635
0.285264
0.289212
0.095253
0.121069
0.100635
-0.140356
-0.101597
-0.127037
0.088828
0.100605
0.091811
0.082422
0.135361
-0.069829
-0.295842
-0.276165
-0.284974
-0.343471
-0.138773
-0.103887
0.137228
0.157673
0.145663
0.160653
0.097159
0.084603
-0.134961
-0.079337
-0.085059
0.158182
0.115938
0.119076
0.291232
0.247034
-0.002907
0.030829
-0.012181
0.031094
-0.162046
-0.130746
-0.121145
-0.114356
-0.097789
-0.081215
0.163236
0.181122
0.247748
0.267060
0.231831
0.196901
-0.061217
-0.126228
-0.193964
-0.186760
-0.160794
-0.117624
-0.106081
-0.295557
-0.268281
-0.467671
-0.472579
-0.230791
0.074367
0.391459
0.623888
0.580440
0.590381
0.321592
0.246547
-0.018125
-0.005051
-0.248910
-0.292812
-0.285750
-0.277299
-0.260154
-0.016125
0.003492
-0.250640
-0.256921
0.043508
0.108085
0.080169
0.381754
0.438448
0.149152
-0.140539
-0.111561
-0.103984
-0.099855
0.213664
0.178457
0.149479
-0.163148
-0.178562
-0.512101
-0.500503
-0.195991
-0.139880
-0.132155
0.156205
0.168967
-0.106168
-0.103413
0.088481
0.041329
-0.011464
0.236596
0.168956
0.146289
-0.105146
-0.073163
-0.118893
-0.119531
-0.131422
-0.130818
0.132412
0.163999
0.208664
0.233837
0.551261
0.510083
0.227452
0.214209
0.194628
-0.080322
-0.292124
-0.272931
-0.037543
0.013268
-0.025176
-0.013976
0.006323
0.005363
-0.274493
-0.282698
-0.040805
-0.065494
-0.046853
-0.034266
0.004260
-0.215411
-0.183742
-0.419876
-0.402787
-0.114303
-0.079196
-0.041328
0.309064
0.865197
0.978034
0.866200
0.790250
0.387414
-0.200320
-0.631406
-0.617029
-0.629171
-0.620974
-0.612088
-0.051406
-0.031179
0.561544
0.612479
0.549808
-0.086943
0.061975
-0.462317
-0.477478
-0.414807
-0.320095
-0.437054
-0.460847
-0.476756
-0.410808
-0.190421
-0.291329
-0.323867
-0.132916
-0.151564
-0.044932
0.116134
0.187859
0.059641
0.020974
-0.062493
-0.195868
-0.262797
-0.321755
-0.293149
-0.155615
-0.114011
0.175463
0.132066
0.325939
0.173731
0.181549
0.162659
0.193383
0.237666
0.014178
0.065105
-0.186870
-0.131001
-0.114887
-0.208732
-0.065526
0.096141
-0.035771
-0.107544
-0.037495
-0.076553
-0.262156
-0.207409
-0.180435
-0.202796
-0.327221
-0.234577
0.240362
0.433114
0.575013
0.952580
0.911849
0.681368
0.262076
0.135276
-0.019274
-0.052710
-0.063925
-0.106501
-0.146391
-0.207564
-0.212850
-0.130721
-0.066731
0.172760
-0.052981
0.021503
-0.057013
-0.138356
-0.113025
-0.131199
-0.026146
-0.039556
-0.055702
-0.285317
-0.206444
-0.060949
-0.174490
0.001391
0.487495
0.438440
0.342793
0.177822
0.257371
-0.001432
-0.005477
-0.010922
0.059096
-0.092198
-0.292328
-0.269440
-0.138500
-0.186613
0.022182
0.018424
0.210719
0.082040
0.098261
0.015039
0.023128
0.061364
-0.176976
-0.155797
-0.267382
-0.196741
-0.098523
-0.088053
0.162013
0.358256
0.218489
0.149818
0.084022
0.018413
-0.230075
-0.177797
-0.159456
-0.052469
-0.271029
-0.298078
-0.068348
-0.121564
-0.149656
0.135143
0.178205
0.175713
-0.050348
-0.057476
-0.089641
-0.124972
-0.143889
-0.147703
0.028738
0.011637
-0.035950
0.073288
0.118884
0.147309
-0.014006
0.060533
0.016686
0.000952
0.081001
0.109578
0.372785
0.378539
0.412867
0.376178
0.269677
0.218734
-0.084186
-0.192524
-0.233227
-0.250544
-0.286601
-0.297253
-0.068820
-0.054954
0.062917
0.127842
0.163089
0.181430
-0.034164
-0.089246
-0.001108
-0.024949
-0.049447
-0.078427
0.127613
0.010095
0.004369
0.026689
0.022232
0.012702
-0.237942
-0.230080
-0.218590
-0.181999
-0.144644
-0.112302
0.166127
0.185867
0.130996
0.061914
-0.029891
-0.140893
-0.395992
-0.391331
-0.287600
-0.158004
-0.297938
-0.253931
0.109932
0.234453
0.258470
0.534883
0.539223
0.443627
0.041622
-0.015713
-0.090468
-0.079366
-0.103310
-0.110695
0.101559
0.115560
0.091498
0.046344
0.015750
-0.033742
-0.309569
-0.377560
-0.292691
-0.309475
-0.272682
-0.152637
0.160589
0.141268
0.283832
0.304663
0.275929
0.347007
0.156872
0.030213
0.047664
-0.012320
-0.121992
-0.218719
-0.021662
-0.111925
-0.146674
-0.242543
-0.238378
-0.232047
-0.364984
-0.311515
-0.166594
-0.181790
0.013184
0.027139
0.318916
0.329974
0.437746
0.333226
0.350812
0.338181
0.131529
0.116359
0.124754
0.063955
0.085862
-0.200586
-0.110546
-0.289746
-0.132432
-0.345728
-0.357222
-0.295546
-0.222290
-0.201888
-0.131402
-0.032602
-0.073278
-0.324360
-0.215010
-0.065165
-0.052428
0.077469
0.070137
-0.084412
-0.163139
0.175324
0.084910
0.437023
0.492114
0.555667
0.534640
0.530888
0.159238
0.253144
-0.066293
-0.022503
0.035948
0.416036
0.281567
0.537452
0.399530
0.029019
-0.022339
0.029988
-0.267222
-0.180499
0.036532
0.096977
-0.158414
-0.152065
-0.182289
-0.069171
-0.166825
-0.245239
-0.053138
-0.104675
-0.064312
-0.011363
0.413489
0.496748
0.256516
-0.066412
0.029876
-0.496268
-0.564627
-0.706645
-0.433531
-0.526357
-0.479446
-0.277527
0.236390
0.286865
0.378902
0.886087
0.711590
0.717033
0.729905
0.178351
-0.019763
-0.112756
-0.131261
-0.319969
0.043930
-0.056123
-0.669422
-1.596893
-1.439996
-1.347064
-1.242655
-0.469927
0.324930
0.265597
0.418677
0.512554
0.617679
0.650354
0.539189
0.326368
0.081082
-0.085147
0.028074
0.400907
0.688657
1.046621
1.019135
0.994193
0.988802
0.710660
0.530248
0.543794
0.399937
0.149045
-0.395016
-0.634781
-1.091869
-1.461632
-1.676443
-1.384940
-1.252876
-0.793274
-0.210415
0.063835
0.262600
0.479541
0.453299
0.554350
0.485550
0.528342
0.650405
0.739425
0.565188
0.289335
0.353813
0.192940
0.060494
0.046791
-0.044967
-0.278583
-0.652648
-0.839268
-0.958091
-0.561720
-0.284311
-0.123054
0.137258
0.198042
0.087619
0.043055
0.196492
0.237942
0.077550
0.056121
0.172857
0.352218
0.583926
0.872741
0.988395
0.814249
0.727338
0.709713
0.658396
0.727421
0.567702
0.318498
-0.800362
-1.145630
-1.959539
-2.130600
-2.204626
-1.595571
-1.497494
-0.641703
-0.246889
0.047290
0.121082
0.186546
0.223327
0.292040
0.396181
0.624576
0.767890
0.653906
0.383178
0.183517
0.048966
0.086147
-0.231186
-0.424279
-0.448601
-0.539174
-0.712202
-0.279715
0.106098
0.118159
0.308526
0.722404
0.468721
0.484095
0.421215
0.257428
0.133796
0.098526
0.117276
0.173598
0.298616
0.291643
0.454533
0.107277
-0.094742
0.097876
-0.294591
-0.410332
-0.098123
0.099391
-0.168866
-0.117313
0.044658
0.026091
-0.148951
-0.317976
-0.303829
-0.316299
-0.542907
-0.462855
0.036292
-0.143490
-0.451617
-0.353994
-0.281003
-0.488270
-0.022091
0.320421
0.267734
0.449296
0.583351
0.569651
0.645978
0.777837
0.682708
0.334160
0.174124
-0.070997
-0.295281
-0.131103
-0.029768
0.400770
0.577570
0.799164
0.610406
0.774084
0.386970
-0.112447
-0.241809
-0.389316
-0.527392
-0.515963
-0.284975
-0.220128
-0.273459
-0.417318
-0.337584
-0.273174
-0.232384
0.039649
0.307963
0.266193
0.380846
0.260466
-0.100486
-0.403392
-0.746876
-1.018074
-1.040300
-0.926545
-0.795003
-0.667551
-0.294879
-0.032887
0.420252
0.541013
0.875325
1.070382
0.948418
0.683699
0.606723
0.423916
0.075123
0.023200
0.234301
0.619550
0.659170
0.704027
0.704558
0.333902
0.051864
0.044231
0.080191
-0.093481
-0.116531
-0.647382
-0.838094
-1.038234
-1.066837
-0.997742
-0.540793
-0.163428
0.233646
0.702370
0.971650
0.618100
0.267753
-0.111826
-0.274151
-0.399551
0.130162
0.464972
0.652021
0.909739
1.066534
1.041079
0.898666
0.834478
0.618336
0.263579
0.087652
0.040845
-0.205486
-0.413028
-0.654974
-0.981694
-1.352726
-1.466407
-1.375974
-1.067973
-0.610459
-0.057488
0.500533
0.781536
0.848303
0.849436
0.403540
0.225501
-0.150506
-0.230885
-0.344428
-0.334940
-0.227064
-0.357405
-0.335221
-0.302034
-0.125091
-0.281105
0.030137
0.163989
-0.141327
-0.141085
0.271459
0.308419
0.151218
0.137139
0.231431
-0.150597
-0.583713
-0.397596
-0.249299
-0.121836
-0.196228
0.174497
0.428741
0.388801
0.205789
0.249800
0.366976
0.280810
0.407565
0.462029
0.338690
0.393431
-0.129906
-0.156285
-0.327156
-0.519422
-0.724334
-0.811975
-0.945698
-1.003086
-0.940440
-0.949032
-0.667567
-0.292112
0.117805
0.631342
0.808246
0.838574
0.619015
0.247061
0.036671
-0.028715
-0.029447
0.107559
0.212276
0.365361
0.144577
0.052165
0.086049
0.067105
-0.048784
0.324449
0.554159
0.406585
-0.046229
-0.443791
-0.906901
-1.219480
-1.306537
-0.808800
-0.482495
-0.475976
-0.159413
-0.137343
-0.083644
-0.050228
0.273948
0.391796
0.600617
0.634672
0.546738
0.388617
0.167624
-0.082586
-0.145992
-0.233943
-0.088189
0.010136
0.310438
0.610340
0.870262
0.627584
0.158768
1.374140
0.965515
0.666362
0.805761
0.958333
-0.541247
-0.550113
-0.342346
-0.325685
-0.183084
-0.007000
0.029531
-0.027183
-0.279755
-0.291305
-0.492679
-0.756845
-0.982000
-1.023508
-1.253691
-1.125175
-0.780874
-0.499113
-0.243026
0.056629
0.227565
0.422935
0.250422
0.374131
0.573331
0.610068
0.531446
0.849686
0.718796
0.496187
0.212466
-0.045683
-0.023591
0.033122
0.188817
0.137552
0.293584
0.050878
-0.191392
-0.234410
-0.000813
0.041420
-0.025922
0.035234
0.030172
-0.174934
-0.030908
0.012632
-0.079961
-0.350684
-0.158509
-0.569179
-0.568892
-0.475858
-0.281195
-0.319478
0.004501
-0.239385
-0.144807
0.001395
0.008273
-0.003765
0.350720
0.634541
0.680870
0.548910
0.358751
0.282582
0.071154
-0.404063
-0.338404
-0.483151
-0.342555
-0.172509
-0.022419
-0.123279
-0.408369
-0.928180
-1.104357
-0.941325
-0.863478
1.014522
1.128590
0.790369
0.610950
0.577344
-0.873018
-0.597100
-0.377225
-0.086070
-0.063679
-0.040545
-0.059247
0.096514
-0.025018
-0.117555
-0.158442
-0.218144
-0.485586
-0.643496
-0.704764
-0.722147
-0.691733
0.414998
0.492258
0.569793
0.635827
1.617416
0.548495
0.407451
1.276589
1.145918
0.066261
0.137420
0.234457
-0.597581
-0.495395
-0.435623
-0.441177
-0.450174
-0.417123
-0.421215
0.174668
0.254088
0.301811
0.264127
0.210874
-0.404939
-0.509786
-0.612275
-0.657101
-0.136842
-0.130162
-0.107727
-0.066613
-0.035244
-0.487875
-0.433274
-0.004152
0.438960
0.450497
0.833516
0.805795
0.352854
-0.099085
-0.138044
-0.146272
-0.211128
-0.284170
-0.275083
0.134685
0.095507
0.135145
0.614833
0.561134
0.594165
0.192259
0.195431
0.246111
0.322461
0.355181
0.373921
0.335207
-0.118413
-0.118230
-0.556159
-0.560944
-0.521561
-0.492880
-0.487774
-0.512864
-0.522321
-0.525480
-0.526466
-0.527768
-0.010133
0.096967
0.163976
0.229756
0.679686
0.195640
0.119276
0.450900
0.349765
0.232788
0.204751
0.176083
-0.196754
-0.151506
-0.490274
-0.476172
-0.489360
-0.520811
-0.551328
-0.196205
-0.162775
0.188600
0.198016
0.515733
0.447462
0.413308
0.374003
0.386182
0.409314
0.115649
0.106787
-0.187968
-0.208794
-0.287225
-0.303789
-0.029091
0.233415
0.260562
-0.000855
0.021238
-0.020238
-0.316410
-0.370854
-0.128370
-0.136026
-0.128011
-0.103120
0.202569
0.224663
0.233121
0.019503
0.067304
0.052837
-0.175686
-0.150847
0.067752
0.028862
0.007052
-0.021670
0.185884
0.194017
0.169531
0.142748
0.147615
0.116006
-0.121637
-0.093479
-0.085769
-0.100693
-0.070663
-0.090903
0.127343
0.141334
0.124101
0.113826
0.098435
0.104816
-0.146793
-0.142768
-0.160077
-0.184489
-0.217384
-0.219109
0.025124
0.027805
0.078608
0.116083
0.151978
0.186044
-0.021347
-0.008201
0.023146
0.030620
-0.017466
-0.015704
0.178463
0.125860
0.074726
0.079194
0.047176
0.058807
-0.166955
-0.147964
-0.112966
-0.100025
-0.053401
-0.032239
0.181940
0.162081
0.142835
0.127614
0.093350
0.130096
-0.101604
-0.078737
-0.084936
-0.060455
-0.301379
-0.294285
-0.049727
-0.049626
-0.033618
0.216240
0.200348
0.217540
-0.037018
-0.043147
-0.013956
0.018829
0.013696
0.062113
0.078160
-0.160939
-0.169075
-0.188336
-0.252288
-0.064809
-0.101727
-0.114879
-0.099775
-0.069886
-0.031343
-0.011856
0.212000
0.189529
0.177496
0.152087
0.142739
0.183397
-0.052802
-0.062232
-0.066460
-0.085712
-0.124040
-0.146429
0.070049
0.065591
0.051226
0.060510
0.113867
0.137950
-0.056984
-0.010360
-0.008246
-0.046837
-0.058883
-0.099640
0.087740
0.054659
0.032841
0.024497
0.035160
0.048419
-0.188647
-0.185943
-0.167844
-0.186203
-0.176082
-0.125924
0.149312
0.166167
0.188775
0.197182
0.190129
0.161495
-0.084703
-0.087870
-0.104499
-0.133574
-0.138141
-0.141517
0.086919
0.085341
0.074315
0.097640
0.103009
0.116112
-0.092571
-0.049931
-0.057067
-0.069352
-0.088524
-0.095551
0.115196
0.116137
0.117543
0.133430
0.119619
0.096129
-0.153583
-0.168253
-0.181969
-0.171797
-0.138482
-0.088399
0.135191
0.111719
0.094142
0.060741
0.033080
0.057934
-0.148364
-0.148669
-0.130872
-0.142134
-0.150928
-0.137172
0.090793
0.093437
0.118785
0.139434
0.152181
0.170765
-0.042878
-0.050903
-0.049907
-0.070366
-0.084526
-0.114494
0.109122
0.100121
0.074206
0.075857
0.088612
0.085998
-0.144931
-0.120729
-0.083846
-0.066691
-0.041397
-0.048912
0.180705
0.146850
0.139696
0.124239
0.134881
0.147659
-0.085826
-0.100032
-0.126471
-0.135869
-0.156004
-0.172907
0.032337
0.019410
0.013926
-0.011879
0.001980
0.036009
-0.155236
-0.125269
-0.054700
-0.025562
-0.023869
-0.018418
0.211576
0.186435
0.165830
0.170203
0.138736
0.099869
-0.140691
-0.148677
-0.142111
-0.144680
-0.131173
-0.132152
0.089153
0.075612
0.089595
0.089706
0.057538
0.072965
-0.129484
-0.104671
-0.103105
-0.062539
-0.055339
-0.082792
0.122992
0.122372
0.137100
0.148626
0.177291
0.175605
-0.063045
-0.098953
-0.117182
-0.146594
-0.138134
-0.134666
0.082105
0.062889
0.049402
0.032051
0.024372
0.024848
-0.217265
-0.235980
-0.221572
0.026573
0.010306
0.013157
0.220514
0.173888
-0.107488
-0.050874
-0.091131
-0.066065
-0.023758
0.227079
0.169078
0.154166
0.168973
-0.140887
-0.123945
-0.088401
-0.087471
-0.080382
-0.125157
-0.114256
-0.075550
-0.148819
-0.160126
0.182150
0.150092
0.100400
0.439875
0.439195
0.095150
0.168512
-0.166083
-0.135545
-0.084544
0.290545
0.235579
0.596060
0.626395
0.201588
0.189598
0.198292
0.209759
0.102813
0.002292
-0.111342
-0.653719
-1.275498
-1.341846
-0.871195
-0.927703
-0.461931
0.072532
0.141744
0.260362
0.427280
0.401881
0.351351
0.474821
0.472184
0.675287
1.055155
1.199777
1.168672
0.867574
0.501280
0.229947
0.156190
0.313972
0.501713
0.897545
1.025100
1.023119
0.862992
0.825412
-1.084103
-1.255178
-1.356416
-0.884436
-0.960684
0.855162
0.721840
0.732434
0.171592
0.303677
0.515942
0.585893
0.771456
0.767752
0.689293
-1.338817
-1.070269
-0.887821
-0.847027
-0.921032
0.598627
0.096681
-0.062686
-0.121820
0.106152
0.201669
0.469207
0.523373
0.632733
1.108110
1.295762
1.472509
1.365871
0.867234
0.090304
-0.228406
-0.227169
-0.273624
0.154948
0.354134
-0.091974
-0.678050
-1.008457
-0.938391
-0.972398
-0.460821
0.151931
0.446547
0.308224
0.279555
0.233730
0.033145
-0.090119
0.078850
0.068156
0.261882
0.418400
0.456624
0.368767
0.174421
0.011909
-0.426351
-0.517542
-0.426911
-0.372518
-0.057897
0.322520
0.612622
0.651414
0.809092
0.636370
0.561792
-1.161658
-1.348580
-1.366808
-1.257655
-1.427863
0.249011
0.164837
0.073143
-0.185272
-0.104024
-0.106406
-0.017585
0.177642
0.137535
0.021080
0.294031
0.215691
0.413128
0.389852
0.784357
0.558893
0.455476
0.182548
-0.036185
-0.429614
-1.011164
-1.222986
-1.496189
-1.456037
-0.740396
-0.308520
0.269262
0.794478
1.079825
0.553252
0.517196
0.530239
0.212941
0.221467
0.398770
0.471927
0.471190
0.543739
0.514897
0.212735
-0.041536
-0.289025
-0.259049
0.472592
0.499347
0.690658
0.742042
0.309307
-0.496329
-0.799658
-1.120956
-1.183688
-1.154182
-0.837612
-0.488395
-0.105797
-0.191707
-0.065647
-0.589112
-0.861185
-1.039561
-1.007160
-0.713525
-0.344883
-0.066137
0.108236
0.447632
0.825708
0.794659
0.854200
1.043692
0.850957
0.528831
0.369971
0.431922
0.246346
-0.023621
-0.121100
-0.068766
-0.364617
-0.606159
-0.559403
-0.511240
-0.468891
-0.567122
-0.560725
-0.180457
0.003064
-0.076452
0.181063
0.176602
-0.010972
-0.375839
-0.375361
-0.321610
-0.131728
0.083449
0.188209
0.577009
0.926219
0.875942
0.964897
0.802327
0.435650
-0.076210
-0.136352
-0.586736
-0.688100
-0.551703
-0.616041
-0.124040
0.420392
0.361470
0.298029
0.248130
-0.130272
-0.610068
-0.318648
0.067877
0.338031
0.681172
0.778105
0.889143
0.635418
0.544703
0.200321
0.330241
0.076505
-0.289843
-0.503627
-0.671106
-1.033609
-0.815079
-0.836013
-0.641310
-0.488793
-0.367858
-0.542913
-0.419467
-0.211150
-0.262435
-0.157518
0.450854
0.592474
0.411289
0.370270
0.378826
-0.085146
-0.246986
-0.327064
-0.369509
-0.355742
-0.013171
0.611329
0.817941
1.126681
1.227101
0.772150
0.263784
0.203086
-0.051781
-0.160420
-0.269062
-0.237008
-0.404143
-0.425996
-0.636339
-0.783010
-0.868439
-0.611029
-0.326463
0.060219
0.726384
0.844716
0.668437
0.465599
0.043788
-0.481924
-0.481654
-0.555539
-0.258021
0.410875
0.562020
0.489655
0.565978
0.237943
-0.518581
-0.447209
-0.252359
-0.007302
0.110001
0.233646
0.316879
0.226434
0.149652
0.228347
0.416079
0.509006
-0.065312
-0.439501
-0.977185
-1.309038
-1.579864
-1.082379
-0.865670
-0.503683
-0.086151
0.114284
0.122997
0.222148
0.145864
0.386197
0.407550
0.602241
0.535831
0.598848
0.152265
-0.095678
-0.316488
-0.266348
-0.350001
-0.156371
0.034833
0.328463
0.250959
0.771665
0.794487
0.569157
0.432847
0.214428
-0.005830
0.007685
0.010797
-0.232213
-0.199545
-0.403701
-0.606752
-0.570689
-0.395335
0.064660
0.319186
0.462128
0.572838
0.648012
0.296304
0.013459
-0.248988
-0.439852
-0.608952
-0.595130
-0.632364
-0.661273
-0.432624
-0.516657
-0.397226
-0.288702
0.322367
0.369608
0.428480
0.352073
0.684578
0.579086
0.495675
0.888216
0.984578
0.380153
-0.120765
-0.253049
-0.687766
-0.724992
-0.191335
0.048662
0.081065
0.073028
0.092251
0.140080
0.302046
0.200337
0.269796
0.266086
0.300008
0.244243
0.551806
0.589501
0.599424
0.244921
0.129714
-0.165956
-0.207258
-0.111477
-0.324456
-0.533657
-0.231871
-0.297666
-0.693483
-0.613575
-0.339787
-0.409175
-0.311403
0.082346
0.200979
0.283260
0.264263
0.298237
0.356942
0.231282
0.253385
-0.031780
0.079425
0.056136
0.088654
0.065576
0.312415
0.315050
0.055190
0.125215
0.051645
-0.058409
-0.055457
-0.019674
0.191976
0.253142
0.167869
0.106955
-0.025337
-0.154982
-0.413592
-0.332064
-0.339676
-0.197723
-0.070763
0.119035
0.212546
0.185357
0.065423
0.010379
-0.128821
0.046793
-0.201491
-0.201140
-0.185652
0.078801
-0.003378
0.209171
0.162410
0.109447
-0.264587
-0.214420
-0.188680
0.256630
0.136701
0.336660
-0.072339
-0.094926
-0.194893
-0.422270
-0.425039
-0.113055
-0.321645
-0.234468
-0.030584
-0.014857
-0.374433
-0.552337
-0.723291
-0.482370
-0.398487
-0.111824
0.492743
0.642591
0.673627
0.796081
0.869733
0.786248
0.532907
0.316542
0.214911
0.162658
0.123233
0.014711
-0.070268
-0.313194
-0.596052
-0.759030
-0.692601
-0.470173
-0.391123
-0.119226
0.028987
-0.075044
-0.046222
-0.167865
0.053965
0.185885
0.554637
0.617767
0.815318
0.660500
0.255827
0.053871
0.052427
-0.085248
-0.075685
-0.054913
0.092947
-0.049427
-0.268073
-0.456173
-0.228406
-0.459782
-0.816533
-0.750550
-0.622401
-0.745163
-0.578388
-0.293106
0.151815
0.327072
0.623295
0.721933
0.848933
0.687712
0.464195
0.150392
0.122776
-0.130379
-0.019230
-0.017395
0.195931
0.228234
0.077285
0.027273
-0.204531
-0.060832
-0.259548
0.103974
0.396286
0.948004
0.687721
0.548679
0.606403
0.221160
-0.074866
0.021617
-0.154172
-0.348885
-0.409893
-0.537114
-0.625754
-0.348186
-0.266952
-0.533577
-0.422525
-0.416484
-0.541519
-0.661895
-0.225678
-0.171157
-0.288701
-0.155863
0.222755
-0.077615
0.283094
0.352333
0.608820
0.566900
0.506749
0.260610
-0.125146
-0.073391
-0.377487
-0.132568
-0.202731
0.200547
0.112327
0.001804
0.097971
0.060663
0.163318
0.099802
0.263157
0.252747
0.109449
-0.151997
-0.219307
-0.472379
-0.551413
-0.413513
-0.141341
0.000329
0.584840
0.643218
0.754536
0.787011
1.037432
1.229367
1.380534
1.030654
0.887294
0.235134
-0.370937
-0.576119
-0.344401
-0.219186
-0.079352
-0.094315
-0.294859
-0.454736
-0.774620
-0.821057
-0.810275
-0.909933
-0.816115
-0.653188
-0.566821
-0.545338
-0.425150
-0.301312
-0.415337
-0.282562
-0.090104
0.442044
0.475624
0.871822
0.882583
0.781556
0.595234
0.302666
0.402862
0.236704
0.279234
0.335742
0.592451
0.262237
0.322109
0.157359
-0.063890
-0.109060
-0.344339
-0.159429
-0.175580
-0.075800
0.112732
0.754120
0.521256
0.760991
0.533112
0.182505
-0.319188
-0.336488
0.148458
0.222966
0.366441
0.400906
0.758698
0.378131
0.653005
0.721702
0.858673
0.421771
0.247991
0.066418
-0.359602
-0.647760
-0.717364
-0.873765
-0.779996
-0.533581
-0.421862
-0.629676
-0.571857
-0.821831
-0.877229
-0.934278
-0.676197
-0.542359
-0.552766
-0.268008
-0.229800
0.095949
0.077197
0.349151
0.435158
0.440565
0.460582
0.496982
0.631618
0.354549
0.394568
0.299549
-0.001885
-0.467911
-0.424288
-0.419563
-0.359273
-0.207252
0.160646
0.392148
0.286395
0.323247
0.339293
0.040115
-0.283170
-0.147544
-0.393733
-0.671383
-0.563386
-0.321131
-0.275321
-0.077725
0.090773
0.188254
0.210914
0.434517
0.752652
1.301557
1.198181
1.162475
0.938384
0.694906
0.250311
0.203512
-0.267051
-0.537355
-1.024316
-1.082514
-1.281423
-1.101055
-0.962865
-0.460078
-0.266644
0.011322
0.218062
0.345098
0.136097
0.210070
0.427903
0.578507
0.669479
0.899821
0.815173
0.441084
0.101616
-0.035699
-0.349206
-0.564367
-0.367814
-0.395301
-0.554224
-0.681535
-0.508302
-0.454935
-0.329850
0.008195
0.312593
0.480163
0.343388
0.415296
0.482258
0.485969
0.449292
0.391531
0.227786
-0.081177
-0.110006
-0.551447
-0.536405
-0.389314
-0.271497
-0.282967
0.088793
-0.013928
0.090938
-0.174045
-0.144521
0.027023
0.201128
-0.009199
0.105927
-0.211955
-0.640827
-0.768024
-0.509163
-0.467026
-0.506768
-0.344087
-0.085124
-0.035070
0.216115
0.822815
0.965263
1.101603
0.970268
0.825778
0.506732
0.365013
0.002762
-0.074055
-0.221349
-0.624584
-0.812251
-1.077747
-1.245402
-1.036616
-0.772280
-0.760656
-0.264294
-0.115429
0.106118
0.336311
0.787781
0.952081
1.011395
0.662514
0.508967
0.179384
-0.123903
-0.178067
-0.008302
-0.047326
0.015260
-0.093814
0.015649
-0.167147
-0.147321
-0.026446
-0.052667
0.158444
0.360605
-1.081207
-0.922982
-0.740317
-0.820999
-0.902745
0.869445
0.823714
0.667782
0.618257
0.459672
-0.178937
-0.529511
-0.651632
-0.780878
-0.704489
-0.163913
0.048658
0.511784
0.783600
0.826270
0.821063
0.622127
0.498002
0.144608
0.094816
0.109616
0.278074
0.380107
0.505928
0.551287
0.401780
-0.031302
-0.186594
-0.443088
-0.445664
-0.522288
-0.146537
-0.026756
0.102011
0.176174
0.210201
-0.464860
-1.185813
-1.561443
-1.743009
-1.884126
-0.884725
-0.324635
0.094617
0.475325
0.776588
0.972693
0.951781
1.196211
1.326867
1.283469
0.898698
0.930927
0.783758
0.303337
0.116058
-0.333774
-0.636634
-0.668992
-0.585587
-0.374331
0.086083
0.310973
0.275628
0.296891
0.337388
0.187862
0.263529
0.456584
0.402411
0.324172
-0.693331
-0.512811
-0.531466
-1.460062
-1.372503
-0.290906
-0.356158
-0.466347
0.525911
0.487387
0.422723
0.461472
0.434741
0.503073
0.579720
0.630139
0.633758
0.044734
0.036063
-0.615459
-1.150561
-1.231670
-0.617479
-0.588113
-0.050037
0.621109
0.707643
0.200148
0.232679
0.243523
0.137225
-0.027708
0.027109
-0.073355
-0.516151
-0.571688
-0.602680
-0.213824
-0.247924
-0.244990
-0.211729
-0.189823
-0.154395
0.441140
1.452093
1.496714
1.095412
1.157581
0.187629
-0.342114
-0.311534
0.152064
0.118787
-0.021783
0.081123
-0.566187
-1.158406
-1.020893
-0.503994
-0.591888
-0.573777
0.095860
0.079452
-0.581139
-0.540460
-0.023986
-0.024791
-0.186880
0.477777
0.278418
0.302384
0.260064
0.200735
0.252995
0.393823
0.184081
-0.191728
-0.239214
-0.174866
-0.247802
-0.070793
0.500192
0.577185
0.358484
0.516761
0.392019
-0.031702
0.196532
0.194451
0.108434
0.054690
0.267578
0.193515
0.586828
0.422449
0.612495
0.441255
0.114887
-0.380515
-0.428716
-0.742560
-0.673692
-0.714224
-0.558655
-0.414098
-0.018216
0.024465
-0.040413
0.051038
-0.199984
-0.448423
-0.409359
-0.210150
-0.025068
0.060420
0.191293
0.148626
0.102323
0.052680
0.079651
0.096389
-0.329473
-0.515823
-0.658780
-0.803755
-0.815503
-0.455718
-0.016552
0.103042
0.277775
0.460475
0.947970
1.003063
0.637771
0.579900
0.598176
0.098328
-0.075744
0.169508
0.337207
0.214912
0.118683
0.144447
0.045045
-0.084559
-0.544973
-0.701442
-0.576149
-0.604334
-0.471167
-0.188726
0.212016
0.060817
-0.035517
0.075619
0.315810
0.025535
-0.235510
-0.196916
-0.366115
-0.948219
-0.952983
-0.705330
-0.718260
-0.887121
-0.330305
-0.339552
-0.355065
-0.335261
0.286710
0.872254
1.160674
1.605635
1.722768
1.499940
0.819876
0.744973
0.587017
0.477017
0.225434
0.110417
-0.149787
-0.691108
-0.737037
-0.770546
-0.634086
-0.453058
-0.150899
0.085598
-0.082310
-0.344679
-0.457784
-0.520698
-0.417738
-0.013908
0.270619
0.568274
0.478552
0.053479
-0.131367
-0.164368
-0.060585
0.079812
0.025251
-0.097100
-0.025220
-0.137424
-0.120376
0.157534
0.256424
-0.008780
-0.175390
-0.233551
-0.062025
-0.126045
-0.216266
-0.299746
-0.171983
-0.009817
0.102893
0.519383
0.678111
0.706314
0.492858
0.623458
0.361101
0.364949
0.135424
-0.107048
-0.126678
0.115497
-0.048562
-0.183396
-0.263741
-0.283575
-0.420987
-0.297068
0.020836
0.158158
-0.062281
-0.119091
0.289740
0.450713
0.401887
0.209760
0.318903
-0.206530
-0.614090
-0.674683
-0.639344
-0.788692
-0.637320
-0.363621
0.030460
0.476965
0.547534
0.469401
0.299523
0.187650
-0.085624
-0.169507
-0.235556
-0.141168
-0.333497
-0.227057
-0.325137
-0.294444
-0.327190
-0.086588
-0.066163
0.157957
0.361775
0.441383
0.588968
0.752429
1.040303
1.134682
1.060103
0.748445
-0.471146
-0.534376
-0.577998
-0.375917
-1.316644
-1.186936
-1.264148
-1.329064
-1.467042
-0.437613
0.554298
0.529182
0.455874
0.547748
0.535248
0.592764
0.514358
0.536982
0.538686
0.532075
0.567987
0.497295
0.539483
0.540920
0.544784
0.530120
-0.417072
-0.508881
-1.581589
-2.548766
-2.442035
-1.429907
-1.287215
-0.319247
0.800394
0.531417
0.533532
0.529849
0.585527
0.592140
0.706851
0.768991
0.921626
1.014330
0.774989
0.781616
0.578404
0.355867
-1.193487
-1.008489
-1.269368
-1.304507
-1.413070
-0.098812
-0.409771
-0.355884
-0.287808
-0.047663
-0.041703
0.158019
0.484772
0.641376
0.657307
0.780345
0.817761
0.587245
0.577525
0.534596
0.290628
0.297646
0.050565
-0.300773
-0.493513
-0.556206
-0.664410
-0.454422
-0.169631
-0.080460
-0.037158
-0.087983
-0.386122
-0.368892
-0.411413
-0.189412
-0.068566
0.051760
0.237282
0.548994
0.246048
0.508754
0.721266
0.195365
-0.196887
0.152406
-0.485025
-0.799446
-0.375764
-0.519192
-0.629532
-0.377943
-0.034752
-0.062818
0.200777
0.451637
0.582143
0.806228
0.503761
0.344687
0.093872
0.158947
-0.096698
-0.184049
-0.109390
-0.102096
-0.378278
-0.365373
-0.252181
-0.118697
-0.331393
-0.378532
-0.298130
-0.106727
-0.139571
0.001269
0.383340
0.510369
0.694848
0.694328
0.549025
0.356759
-0.258779
-0.800885
-0.896077
-0.915362
-0.938223
-0.805232
-0.379513
-0.229559
-0.054345
0.059370
0.271079
0.380328
0.279285
0.442328
0.467124
0.442231
0.380559
0.160453
0.192544
0.176146
0.421225
0.262294
0.469729
0.320834
-0.033140
-0.419851
-0.228700
-0.367581
-0.027096
0.251702
0.558275
0.565744
0.672860
0.429774
0.395891
0.245549
-0.217438
-0.460755
-0.667729
-1.010745
-0.856118
-0.780599
-0.510427
-0.409930
-0.451741
-0.560726
-0.372015
-0.367005
-0.068357
0.563563
0.442319
0.663114
0.670165
0.202115
0.066805
0.302278
0.035884
0.124083
0.332913
0.295589
0.433657
0.778074
0.762414
0.451561
0.172266
-0.348726
-0.598876
-0.612057
-0.092632
0.149640
0.412326
0.452587
0.113045
-0.449719
-0.372610
-0.516715
-0.503246
-0.353297
-0.113758
-0.342236
-0.501563
-0.531344
-0.815040
-0.646835
-0.711406
-0.364947
-0.179593
0.167289
0.694027
0.659335
0.599226
0.293575
0.831243
0.199810
0.479755
0.412091
0.354918
-0.164703
-0.299606
-0.420887
-0.216001
0.008953
0.118864
0.311353
0.370815
0.312917
0.522710
0.367382
-0.196483
-0.635562
-0.625410
-1.282320
-1.328915
-0.661866
-0.218220
-0.332567
0.275901
0.536705
0.647817
0.740170
0.684017
0.302921
0.057475
-0.262654
-0.413827
-0.430459
-0.223997
-0.072102
0.290812
0.454489
0.793624
0.669080
0.716195
0.535323
0.279742
0.287393
0.237389
-0.020970
-0.255770
-0.194031
-0.636233
-0.682143
-0.714805
-0.761273
-0.854503
-0.789004
-0.743252
-0.684253
-0.476880
-0.137899
0.146365
0.331430
0.437485
0.557305
0.559852
0.495427
0.573206
0.770701
0.628966
0.513046
0.425471
0.092114
-0.126760
-1.308245
-0.985737
-0.941494
-0.408011
-0.250692
1.082798
0.975121
0.951625
0.726551
0.647018
0.371242
0.348976
0.513137
0.447848
0.547105
0.746531
-1.066737
-1.078032
-1.258995
-1.411843
-1.656033
-0.166427
-0.251889
-0.164980
-0.124045
0.108439
0.168276
0.124459
0.071452
0.417332
0.731693
0.845728
1.221254
1.391833
1.148745
0.716654
0.547198
0.353345
0.253601
0.331000
0.323798
0.364134
0.106146
-0.668199
-0.662024
-1.365085
-1.360223
-1.196888
-1.121002
-1.087751
-0.196918
0.040168
0.029486
0.951391
0.961941
0.944660
0.999375
1.024036
0.850741
0.720713
0.702755
0.463600
-0.407847
-0.310006
-1.189580
-1.217110
-1.197912
-1.307036
-1.415541
-0.598072
-0.727127
-0.794528
0.051208
-0.089449
1.226178
1.395939
1.397217
1.536810
1.803287
0.460776
0.470606
0.594492
0.487101
0.360088
0.372452
0.366989
0.258468
0.228402
-0.628539
-0.652549
-0.697541
-0.674347
-0.695929
0.207427
0.108424
-0.670156
-1.264360
-1.078175
-1.068581
-0.832514
-0.010781
0.827979
0.953275
0.338415
0.329733
0.293482
0.157956
-0.055159
0.111205
0.106128
-0.283229
-0.361274
-0.416803
-0.041876
-0.126147
0.203552
0.240813
0.290236
0.404713
0.454587
0.516145
0.555995
0.162879
0.136704
-0.289560
-0.243794
-0.236482
-0.237308
-0.135434
-0.170661
-0.115376
-0.652439
-0.717193
-0.777042
-0.858063
-0.945027
-0.491304
0.012031
-0.004049
0.462154
0.419959
0.442211
0.432218
0.385910
0.443309
0.682596
0.636767
0.767526
0.774866
0.661303
0.407752
0.471540
0.180508
0.138336
0.145713
-0.223117
-0.619031
-0.738856
-0.933486
-1.103225
-0.778246
-0.510304
-0.320125
-0.246921
0.088792
0.174189
0.031182
0.013248
0.058926
0.005473
-0.202569
0.287174
0.450336
0.802940
1.103680
1.145946
0.724658
0.429895
0.154042
-0.172813
-0.080537
0.081144
0.242286
0.384006
0.299281
0.167156
0.105701
0.038038
0.112141
0.254854
0.251990
0.139465
0.037679
-0.211353
-0.451402
-0.549641
-0.656480
-0.691997
-0.735698
-1.039522
-1.043902
-0.833973
-0.514378
-0.523836
-0.215238
-0.106962
0.131906
0.381598
0.525083
0.670934
0.836670
0.607867
0.227755
-0.008223
-0.122610
-0.209407
-0.158584
0.360144
0.595290
0.951169
1.087386
0.950227
0.310796
0.208962
-0.291085
-0.495392
-0.882928
-0.893754
-0.974562
-0.937250
-0.961084
-0.479322
-0.230221
-0.314428
-0.088843
0.189401
0.361501
0.467336
0.887059
1.112688
1.247097
1.030261
1.033592
0.778375
0.793755
0.517825
0.586039
0.361580
0.279757
0.179430
0.292159
-1.126013
-2.495035
-2.312980
-2.420436
-2.628886
-1.190452
0.102262
0.017467
0.018592
0.133378
0.122387
0.231214
0.395787
0.592249
0.758280
0.854659
1.141436
1.105157
1.040428
0.873307
0.969852
0.692759
0.726859
0.718503
0.706906
-1.080771
-1.018776
-1.079027
-1.090228
-1.133677
0.161816
-0.277583
-0.339774
-0.503915
-0.515341
-0.217583
0.166339
0.111313
0.198493
0.314612
0.296604
0.113188
0.239586
0.193820
0.115167
0.138930
0.230190
0.041763
-0.000132
-0.050989
0.100522
0.294359
0.590256
0.719120
1.150460
1.290582
1.312173
1.152408
1.239394
0.892761
0.717270
0.009218
0.215816
0.087628
0.098774
-0.554537
-0.022396
-0.327556
-0.969610
-0.970017
-0.956630
-0.795949
-0.684630
-0.573633
-0.527006
-0.482727
-0.468694
-0.410491
0.120829
0.203579
0.260974
0.278108
0.211560
0.207661
0.154345
0.623324
0.618033
-0.085699
-0.050948
-0.072059
-0.116426
-0.263542
0.456655
0.399694
-0.207484
-0.161056
-0.123946
-0.204296
-0.186995
0.436494
0.357528
0.376224
0.365379
0.289442
0.201953
0.238061
0.210670
0.249977
-0.278293
-0.763933
-0.640082
-1.256783
-1.222435
-0.617265
-0.053312
-0.083782
0.534542
0.651501
0.665196
0.642298
0.601609
0.637868
0.482756
0.419021
0.449102
0.033632
0.004554
0.047511
-0.331053
-0.330806
-0.319931
-0.302222
-0.698297
-0.646336
-0.694871
-0.259331
-0.247962
-0.211111
0.144909
0.182239
0.680952
0.710945
0.707902
0.858742
0.512162
-0.346540
-0.344317
-0.360040
-0.429886
-0.088699
0.186268
0.067692
0.073507
0.085841
-0.345260
-0.344439
-0.301821
-0.387571
-0.370777
-0.462299
-0.372219
-0.295026
0.292076
0.385190
0.989636
0.862995
0.831982
0.662115
0.505482
0.427538
0.445330
0.442405
0.287612
0.290443
0.133124
0.025286
-0.093350
-0.085051
-0.293251
-0.176266
0.099076
0.322552
0.319369
0.061097
-0.115769
-0.249964
-0.745377
-0.843219
-0.544806
-0.481470
-0.457021
-0.295320
-0.116044
-0.124998
-0.107097
-0.014704
0.046807
0.214017
0.185029
0.161387
0.155182
0.093671
-0.055127
-0.228645
-0.225540
-0.461553
-0.429090
-0.387691
0.055708
0.260780
0.581404
0.962693
1.097002
1.062087
1.023768
0.961820
0.595810
0.320661
-0.096510
-0.285702
-0.590629
-0.692690
-0.784321
-0.697571
-0.773774
-0.480938
-0.280677
-0.201259
0.082550
0.374751
0.455727
0.533273
0.557338
0.426979
0.115534
-0.357813
-0.445489
-0.561617
-0.548612
-0.373071
-0.273450
-0.368631
-0.048207
-0.003001
-0.097068
-0.047303
-0.208024
-0.530897
-0.573811
-0.518057
-0.238535
0.316687
0.481594
0.415110
0.460791
0.249276
-0.267229
-0.100488
0.287211
0.757636
0.741339
0.933746
1.082553
0.396426
-0.173709
-0.126065
-0.133047
-0.441368
-0.206203
-0.296743
-0.545758
-0.346427
-0.261193
0.197180
0.491379
0.834781
0.537563
0.330807
-0.122248
-0.279844
-0.429450
-0.307261
-0.190117
-0.033827
-0.082938
-0.020501
-0.119437
-0.191666
-0.454297
-0.576383
-0.726530
-0.453657
-0.660488
-0.426328
-0.599399
-0.864036
-1.000303
-0.080941
0.009160
0.838825
1.523227
1.750413
1.399142
1.362786
1.024958
0.735365
0.358777
0.019058
-0.006473
-0.026101
-1.216451
-0.792540
-0.637430
-0.611393
-0.556421
0.783615
0.486015
0.602815
0.582873
0.530040
0.514744
0.479420
0.414825
0.562404
-0.441971
-1.594658
-1.465552
-1.638192
-1.824674
-0.871272
0.266301
0.183805
0.261863
0.349832
0.392094
0.412095
0.433905
0.478128
0.580877
-0.055507
0.016257
0.069828
0.081981
-0.021742
-0.059957
-0.247186
-0.302652
-0.375405
-0.326803
-0.227212
-0.161811
-0.099152
-0.079203
-0.094297
0.523545
0.536825
0.509597
0.592653
0.559835
0.457489
-0.013373
-0.461299
-0.428912
-0.446149
-0.403698
0.048830
0.514654
0.509749
0.122449
0.204019
-0.196720
-0.250610
-0.729114
-0.710656
-0.737005
-0.319099
-0.307041
-0.264273
0.112647
0.084727
0.102629
0.195609
0.604882
0.711041
0.358804
-0.070758
-0.057968
-0.486882
-0.507335
-0.154570
0.153811
0.016102
0.392123
0.195926
0.190751
0.157276
-0.575932
-1.333879
-0.974224
-0.954796
-0.684158
0.124719
0.936381
0.866403
0.877611
0.646087
0.435223
0.303510
0.018848
-0.107419
-0.070156
0.074157
0.162522
0.313804
0.329263
0.393122
0.176288
0.021653
-0.247185
-0.076779
-0.305960
-0.228768
0.124542
0.194824
0.050204
0.119877
0.377490
0.227860
0.369091
0.395629
0.341219
0.417115
0.165092
-0.035772
0.111226
-0.104371
-0.525557
-0.725220
-0.744437
-1.040326
-0.691776
-0.537126
-0.247226
-0.049644
0.229762
0.347492
0.379013
0.229103
0.441269
0.154453
0.124804
0.304891
0.488204
0.170878
0.109555
-0.018019
-0.260064
-0.311145
-0.061267
-0.026434
-0.155893
-0.215598
0.029979
-0.064866
-0.036703
0.201402
0.276505
0.304050
0.152713
0.182568
0.245621
0.296866
0.140947
0.045891
0.228879
0.237878
0.059697
-0.089850
-0.143787
-0.211503
-0.564008
-0.600085
-0.586666
-0.525915
-0.413010
-0.380310
-0.034675
0.205146
0.220446
0.089449
0.100334
-0.084697
-0.250034
-0.103894
0.083246
0.234020
0.466121
0.537662
0.722643
0.697726
0.609928
0.378446
0.126613
0.042301
-0.368107
-0.531125
-0.553077
-0.295747
-0.432427
-0.440538
-0.154141
-0.091081
-0.373303
-0.281255
-0.049865
-0.118141
-0.159780
0.013526
0.320715
0.249692
0.439297
0.595876
0.742094
0.522102
0.491391
0.481417
0.255183
0.012723
-0.298085
-0.340459
-0.785948
-1.019396
-0.954049
-0.994957
-0.779198
-0.352357
-0.104698
-0.034534
0.308251
0.345801
0.272426
0.456574
0.691524
0.435769
0.483304
0.304364
0.185529
-0.062465
-0.157446
-0.356976
-0.384617
-0.349690
-0.505208
-0.457606
-0.365001
-0.175177
0.170934
0.239970
0.631237
0.759095
0.544159
0.432970
0.305545
0.099987
-0.252729
-0.281376
-0.398561
-0.264082
-0.273078
-0.194404
0.116304
0.151705
0.177331
0.186321
0.048739
0.126612
-0.073400
-0.257915
-0.169868
-0.100828
-0.201161
-0.273506
-0.013716
-0.074611
-0.022659
0.091618
0.258200
0.201685
-0.023961
-0.074490
-0.068023
-0.062024
-0.027161
-0.104196
0.024584
-0.145987
-0.161075
-0.010430
0.338320
0.484014
0.341717
0.219885
0.117900
-0.283164
-0.493602
-0.715698
-0.434346
-0.224952
0.066588
0.045275
0.255531
0.321363
0.266149
0.500079
1.108994
1.278131
0.906934
0.764708
0.502062
0.039127
-0.109440
0.124420
-0.108248
-0.058672
-0.301784
-0.442870
-0.702984
-0.515825
-0.450871
-0.520606
-0.428676
-0.406310
-0.567373
-0.672304
-0.541607
-0.437505
-0.201274
0.040344
0.196286
0.511047
0.512094
0.539662
0.601916
0.652767
0.558878
0.739519
0.748017
0.618374
0.411805
0.373576
0.143355
-0.379238
-0.479478
-0.809197
-0.702329
-0.522072
-0.431161
-0.261306
-0.032374
-0.353358
-0.421276
-0.082641
-0.043544
0.138751
0.208785
-0.040399
-0.151318
-0.418237
-0.796987
-0.802073
-0.532146
-0.258163
-0.185727
0.096711
0.063463
0.082076
-0.054572
0.105130
0.093174
0.279014
0.342640
0.593760
0.558302
0.812260
0.823853
0.657662
0.450259
0.357840
0.378360
0.389123
0.747260
1.002812
0.882381
0.769429
0.789695
0.323385
-0.202311
-0.174504
-0.297956
-0.310095
-0.264170
-0.074993
-0.227849
-0.530867
-0.610116
-0.459789
-0.537253
-0.485049
-0.470532
-0.737126
-0.973372
-1.265649
-1.131925
-1.024469
-0.562227
-0.123295
0.215614
0.494379
0.796926
0.715712
0.463144
0.480640
0.600392
0.480684
0.467009
0.447605
0.433662
0.187747
0.245534
0.245299
0.117388
0.061122
-0.010802
-0.027363
-0.035805
0.159048
0.378559
0.490181
0.643117
0.805016
0.883971
0.940755
1.069603
0.537160
0.650198
0.897128
0.369935
-0.214573
-0.155919
-0.864367
-1.514846
-1.460075
-1.446826
-1.311038
-1.172752
-0.998116
-0.975891
-0.762840
-0.672186
-0.607593
-0.570270
-0.494206
-0.295150
-0.087172
0.133061
0.130891
0.246218
0.205128
0.109640
0.072410
0.064983
0.024254
-0.162739
-0.376556
-0.593215
-0.648422
-0.982071
-1.074326
-1.105245
-1.028137
-0.998305
-0.713537
-0.582023
-0.397180
-0.173312
0.111611
0.255001
0.378069
0.505343
0.606197
0.437212
0.497343
0.453829
0.315459
0.209100
0.039087
-0.097209
-0.049317
0.189414
0.253383
0.606244
0.859554
0.759411
0.599218
0.259463
-0.060122
-0.005256
-0.188560
-0.497845
-0.476121
-0.532913
-0.924482
-0.846416
-0.705704
-0.515707
-0.267761
-0.112415
0.122961
0.215210
0.100389
-0.042172
-0.203469
-0.153370
-0.095601
-0.076825
-0.031291
-0.052310
-0.220545
-0.325716
0.406291
0.321463
1.087655
0.989010
0.891443
0.147862
0.166832
-0.506245
-0.414914
-0.375422
-0.416329
-0.456493
-0.522081
-0.588616
-0.209723
-0.228518
0.110205
0.072855
0.071144
0.016164
-0.035327
-0.000030
0.030806
0.381902
0.382013
0.423478
0.352560
0.291012
0.254864
-0.238941
-0.387822
-0.478761
-0.591623
-0.666706
-0.242462
0.077664
0.016478
0.386566
0.403393
0.384183
0.417542
0.466904
0.479351
0.499606
0.559348
0.575224
0.593774
0.572142
0.500037
0.405387
0.431079
-0.168872
-0.216855
-0.168359
-0.152861
-0.193663
0.352067
0.450665
-0.207267
-0.213967
-0.211228
-0.064616
-0.037969
0.631638
0.644305
-0.085657
-0.947091
-1.004112
-1.689189
-1.616389
-0.803868
0.006242
0.032123
-0.412328
-0.505864
-0.417280
-0.296253
-0.202881
1.052017
1.041280
0.932857
0.661496
0.549406
0.385246
0.369028
0.212839
0.099554
-0.035859
-0.167542
-0.082055
-0.004270
-0.035847
0.013357
-0.050973
-0.109608
-0.208148
-0.014812
0.224694
0.276097
0.311733
0.251083
0.355700
0.235229
-0.021701
-0.201474
-0.402071
-0.679133
-1.010048
-0.846713
-0.558968
-0.220124
-0.171657
-0.057307
0.329763
0.501329
0.427973
0.723236
0.891308
1.080954
0.696976
0.749223
0.694966
0.421574
-0.046043
-0.225424
-0.189780
-0.309722
-0.152428
-0.133675
-0.075867
0.000851
-0.119383
-0.140958
-0.174306
-0.427907
-0.400204
-0.216357
-0.029992
0.116818
0.427594
0.428123
0.129059
0.226017
-0.084389
-0.232985
-0.200469
-0.164653
-0.266744
-0.281565
-0.099479
-0.270730
-0.141740
-0.142453
0.096127
0.177855
0.065525
0.023863
-0.022687
-0.033400
0.053084
-0.007925
0.124539
0.124612
0.148477
0.189789
0.528187
0.719648
0.483753
0.263159
0.267554
-0.090400
-0.305728
-0.458766
-0.049584
-0.058481
-0.280496
-0.334461
-0.312928
-0.836798
-1.135834
-0.819883
-0.773793
-0.645197
-0.290214
-0.244903
-0.008277
0.073821
0.346274
0.625939
0.656059
0.719977
0.429265
0.236738
0.086487
0.119574
-0.117051
-0.565981
-0.199400
-0.104730
-0.001363
1.402413
0.621661
1.724181
1.831579
2.280097
