4.551798
4.101469
3.198708
2.055880
0.810619
-0.641769
-1.615010
-1.864309
-1.535605
-1.005991
-0.563304
-0.244472
-0.147125
-0.475828
-0.837046
-0.901416
-0.952853
-0.537675
0.154895
0.571857
0.895792
1.169658
1.000187
0.494987
0.108858
-0.187985
-0.336509
-0.392738
-0.371187
-0.246724
-0.148460
-0.190753
-0.318066
-0.487472
-0.605729
-0.747752
-0.817428
-0.780047
-0.718298
-0.670320
-0.494046
-0.403245
-0.274262
-0.202743
-0.184321
0.195666
0.479364
0.634186
0.816050
1.047379
0.685058
0.389189
0.164663
0.020206
-0.132937
-0.138724
-0.275293
-0.329549
-0.581929
-0.649329
-0.530666
-0.171913
0.469753
1.269428
1.710422
1.734882
1.767425
1.342123
0.559751
-0.158729
-0.652497
-0.954735
-1.241568
-1.215035
-1.072236
-0.911860
-0.540382
-0.362584
-0.115393
0.011548
0.042675
-0.537075
-0.875172
-0.743225
-0.299000
-0.078894
0.319666
0.599646
0.522832
0.236988
0.320451
0.387642
0.570559
0.557264
0.531398
0.491103
0.342209
0.330310
0.077429
-0.683659
-0.849507
-0.910578
-1.165811
-1.154308
-0.465214
-0.191581
-0.168143
0.007172
0.386099
0.399232
0.017646
-0.228499
-0.394289
-0.910007
-0.988941
-0.762889
-0.481202
-0.378352
-0.201378
-0.090109
0.013635
0.212636
0.363793
0.665334
0.875922
0.511801
0.264992
0.129386
0.376117
0.533782
0.657775
0.614854
0.484747
-0.182042
-0.726585
-0.694451
-0.524358
-0.460986
-0.226812
-0.284130
-0.395380
-0.337794
-0.417065
-0.275053
-0.133627
-0.038260
-0.275354
-0.236127
-0.384070
0.192166
0.564433
0.708718
0.693230
0.671196
-0.007844
-0.249876
-0.475606
-0.307471
-0.514294
0.074878
0.040709
0.078167
-0.042078
0.654872
0.583392
0.792615
1.071539
1.300499
0.914975
0.525330
0.170358
-0.121090
-0.388374
-0.686049
-0.712083
-0.489710
-0.433066
-0.469776
-0.410680
-0.337787
-0.460705
-0.420869
0.038915
0.459043
0.612522
0.680259
0.736663
0.475835
0.074486
-0.246264
-0.134536
-0.241703
-0.486185
-0.511876
-0.749597
-0.734031
-0.441972
-0.178330
0.200706
0.708195
0.478807
0.349210
0.404245
0.356755
0.294996
0.493461
0.491712
0.407604
0.109713
-0.081484
-0.342667
-0.512308
-0.550847
-0.415351
-0.476599
-0.499895
-0.507877
-0.536860
-0.003191
0.386744
0.452042
0.463992
0.441276
-0.164714
-0.536352
-0.691513
-0.741135
-0.183066
0.218215
0.639197
1.078568
1.219168
0.643107
0.123958
0.000232
-0.253549
-0.348198
0.099597
0.555447
0.493306
0.308257
0.192955
0.062672
-0.049510
-0.081985
0.119321
0.468071
0.357591
0.257713
0.138866
-0.013147
-0.081641
-0.295423
-0.483087
-0.240158
-0.217183
-0.352088
-0.443768
-0.478986
-0.742748
-0.754394
-0.804054
-0.700571
-0.203054
0.136968
0.422874
1.107079
1.437001
1.230425
0.873239
0.634130
0.035702
-0.355906
-0.520913
-0.639172
-0.595625
-0.323547
-0.069006
-0.088044
-0.080841
-0.138329
-0.538881
-0.131413
0.278458
0.368703
0.434337
0.493594
-0.083367
-0.419668
-0.340546
-0.348628
-0.257004
-0.233566
-0.307628
-0.441584
-0.556490
-0.707618
-0.811395
-0.768053
-0.136853
0.481715
0.815377
1.017982
0.898884
0.479380
0.209135
-0.033306
-0.272034
-0.231602
-0.287868
0.159405
0.854870
1.462839
1.590598
1.684523
1.003085
0.374743
-0.143596
-0.387153
-0.654555
-0.675829
-0.700149
-0.726232
-0.625768
-0.575312
-0.300239
0.318996
0.502642
0.664571
0.521581
0.090004
-0.628659
-0.846246
-0.953897
-0.651428
-0.558972
-0.547111
-0.313504
-0.398033
-0.387160
-0.190279
-0.062371
-0.125277
0.091764
-0.028367
0.233863
0.405403
0.562707
0.431909
0.447904
0.303595
0.457904
0.054867
-0.221226
0.144706
0.238455
0.018481
0.269274
0.506743
0.429345
0.369801
0.406476
0.334209
0.153503
-0.225165
-0.233495
-0.226638
-0.109666
0.127514
0.446126
0.149163
0.186947
-0.121144
-0.299839
-0.422266
-0.466591
-0.555012
-0.427566
-0.163448
-0.272793
-0.175323
-0.303570
-0.275814
-0.433875
0.214887
0.558090
0.844291
0.877676
1.003192
0.269762
-0.092991
-0.312947
-0.513766
-0.460137
-0.489546
-0.583915
-0.792346
-0.548172
-0.518625
0.097336
0.814642
0.887837
1.209099
1.517867
1.038968
0.362004
0.113625
-0.691571
-1.299308
-0.985617
-0.763430
-0.311847
0.001250
0.119072
-0.016807
0.012711
-0.032425
0.314668
0.377416
0.206283
0.075932
-0.025509
0.176919
0.174168
0.080801
-0.204788
0.084912
-0.199710
-0.335303
-0.357963
0.014082
-0.244454
-0.354459
-0.289800
0.808965
1.212946
1.412683
1.401723
1.540134
0.567196
-0.046370
-0.477079
-0.560553
-0.795720
-0.973630
-1.157355
-1.080054
-1.180739
-0.965180
-0.675553
-0.041847
0.380988
0.670395
0.661043
0.920288
0.864261
0.692498
0.581500
0.673373
0.281375
-0.010416
-0.214650
-0.377500
-0.585652
-0.525328
-0.485239
-0.543500
-0.399793
-0.501149
-0.663124
0.235314
0.975188
1.347288
1.284027
1.168441
-0.203814
-0.776870
-0.942801
-0.716331
-0.713226
-0.608162
-0.894477
-0.939355
-0.747209
-0.391578
0.094982
0.330076
0.196234
0.050470
0.000570
-0.170513
0.233219
0.292702
0.262302
0.258944
0.376916
0.711421
1.208036
1.373092
1.370294
1.218507
0.392883
-0.185228
-0.260450
-0.683262
-1.078103
-1.107039
-1.200589
-1.516650
-1.240335
-0.941484
-0.857278
-0.515557
-0.250192
-0.240196
0.060692
0.319527
0.188965
0.236061
0.278718
0.072206
-0.180059
0.112373
0.988252
1.599557
2.063589
2.385088
2.163764
1.102579
0.408963
-0.221423
-0.695744
-0.779502
-0.667428
-0.505171
-0.330042
-0.146018
-0.214691
-0.338733
-0.477691
-0.675535
-0.913888
-1.087323
-1.025656
-0.764591
-0.515685
-0.418392
-0.327873
-0.098407
-0.338185
-0.570564
-0.553238
-0.240636
0.482672
1.126342
1.523197
1.738489
1.423506
0.602294
0.196666
-0.001378
-0.126663
-0.183544
-0.254972
-0.383190
-0.352833
-0.334695
-0.344027
0.115334
0.557439
0.777374
0.875860
0.933410
0.393020
-0.280698
-0.561724
-0.747536
-0.848802
-0.763061
-0.490427
-0.440391
-0.438609
-0.376754
-0.563094
-0.772467
-0.830245
-0.835560
-0.816593
-0.457576
-0.255762
0.032135
0.217754
0.305038
0.740337
1.277543
1.372834
1.471209
1.493226
0.899776
0.403012
0.385134
0.432979
0.529210
0.334058
0.254994
-0.151656
-0.379336
-0.203695
-0.021989
0.199779
0.302633
0.310976
0.091165
0.113104
-0.160316
-0.306423
-0.357169
-0.575361
-0.756874
-0.749754
-0.864430
-0.891813
-0.758484
-0.670787
-0.563000
-0.227798
-0.161269
-0.228695
-0.264180
-0.083010
0.331381
0.673709
0.606800
0.649945
0.817068
0.520485
0.045950
-0.073353
0.169766
0.123570
0.260298
0.545891
0.935337
0.952973
0.614618
0.246223
-0.092311
-0.124648
-0.353793
-0.507681
-0.520905
-0.153385
-0.221551
-0.130975
-0.173873
-0.226513
-0.425801
-0.161302
0.023018
0.157722
0.075482
-0.037468
-0.160931
-0.316551
-0.301541
0.078527
0.646060
0.746827
0.651262
0.587027
0.300568
0.037540
0.063359
0.207930
0.472523
0.391551
0.275181
-0.038443
-0.169651
-0.195127
0.016036
-0.148514
-0.370013
-0.580071
-0.931614
-1.046166
-0.916732
-0.728751
-0.576422
-0.481242
-0.459160
-0.552453
-0.289425
-0.077846
0.054953
0.046930
0.279415
0.588794
0.994799
1.245250
1.400891
1.120622
0.431256
-0.306570
-0.806404
-1.147955
-1.118942
-0.493502
-0.134165
0.083120
0.262177
0.242761
-0.115919
0.319398
0.775632
1.129346
1.343593
1.119394
0.337001
0.025899
-0.253918
-0.426842
-0.473511
-0.073487
-0.175619
-0.197608
-0.244288
-0.138768
-0.375034
-0.281141
-0.369312
-0.359437
-0.202820
-0.107985
-0.102759
-0.085752
-0.116175
-0.015370
0.052205
-0.115262
-0.120140
0.146829
0.080436
-0.137623
-0.336556
-0.525091
-0.745957
-0.306939
0.184886
0.584445
0.976100
1.225090
0.874965
0.413705
0.341747
0.372406
0.055471
-0.287490
-0.046225
-0.056627
-0.078665
-0.010781
0.152005
-0.143069
-0.340382
-0.668287
-0.688209
-0.897745
-1.040955
-1.044532
-0.677713
-0.149290
0.483038
0.865507
1.118917
1.057552
0.636855
0.429714
0.380017
0.378343
0.161189
-0.030711
-0.442420
-0.469916
-0.306578
0.053103
0.297093
0.444729
0.296837
-0.024053
-0.311007
-0.408529
-0.403838
-0.245101
0.089151
0.602087
0.847789
0.761073
0.568488
0.291174
-0.151844
-0.168305
-0.164392
-0.111821
-0.311749
-0.496839
-0.775569
-0.846516
-0.953617
-0.680201
-0.281987
0.058347
0.273275
0.442582
0.471747
0.327641
0.078106
-0.044359
-0.131543
-0.484281
-0.709932
-0.709247
-0.715198
-0.351439
0.074587
0.316766
0.323259
0.795881
0.869592
0.846610
0.741332
0.605891
0.165146
-0.245475
-0.115333
0.401867
0.830047
1.035286
1.053498
0.546170
-0.166220
-0.599592
-0.815835
-0.721714
-0.334747
-0.080715
0.033095
-0.010270
-0.177353
-0.486421
-0.776747
-0.596008
-0.391675
-0.286743
-0.207497
-0.044518
-0.244390
-0.417646
0.162343
0.761770
0.913674
0.975549
0.890545
0.133324
-0.440191
-0.576269
-0.540904
-0.528691
-0.525016
-0.709568
-0.349964
0.147762
0.558375
0.889514
0.846186
0.246298
-0.347438
-0.489220
-0.666621
-0.423682
-0.044828
0.051744
-0.052350
-0.119012
0.126768
0.302169
0.351253
0.396979
0.302709
0.015647
-0.171327
0.210690
0.639355
0.800294
0.788670
0.515179
-0.238870
-0.719407
-0.437692
-0.117289
0.149285
0.354851
0.196222
-0.223229
-0.718457
-0.971567
-0.901852
-0.390350
-0.071124
0.334414
0.657911
0.833511
0.432734
0.134616
-0.131888
-0.308029
-0.568012
-0.711922
-0.695313
-0.743121
-0.799956
-0.710404
-0.627456
-0.278188
0.134527
0.398666
0.575540
0.711422
0.449278
0.162534
0.106367
0.088755
0.208761
0.469036
0.574454
0.502339
0.465453
0.522299
0.287603
-0.048008
-0.086098
-0.365741
-0.531188
-0.586791
-0.226219
-0.132878
0.030440
0.221104
0.154035
-0.165794
-0.339385
-0.675788
-1.088444
-0.352120
0.253224
0.471839
0.636517
0.617913
-0.037312
-0.213713
-0.363750
-0.211769
-0.095397
-0.181210
0.011523
0.132128
0.321988
0.548104
0.760528
0.475604
0.417821
0.616432
0.601972
0.456232
0.110415
-0.247239
-0.943243
-1.453436
-1.273921
-0.976269
-0.872228
-0.883489
-0.700640
-0.924986
-1.279667
-1.022619
0.135162
0.882429
1.151446
1.369614
1.392853
1.056553
0.378188
-0.033678
-0.111022
-0.290544
-0.490196
-0.186192
0.137201
0.263066
0.444670
0.201736
0.027875
0.080315
0.173366
0.073604
0.333491
0.568269
0.245900
0.039486
-0.005044
-0.596236
-0.786100
-0.646591
-0.215165
-0.209101
-0.348564
-0.385308
-0.149781
0.342357
0.686510
1.137504
1.082916
0.904150
-0.216522
-1.072889
-0.729487
-0.603980
-0.694355
0.375011
1.041010
0.789367
0.566683
0.478885
-0.033216
0.174460
0.072242
0.347424
0.778383
0.642722
0.422815
0.485575
0.530690
0.239594
-0.148542
-0.412935
-0.400220
-0.759702
-0.682888
-0.815598
-0.472091
-0.384036
-0.037912
-0.139080
0.173062
-0.261617
-0.794054
-1.251130
-0.993455
-1.072627
-0.622403
-0.360771
0.019156
-0.022526
0.135804
0.081102
0.275315
0.654812
0.678312
0.663649
0.788818
0.741635
0.211625
0.068567
0.520975
0.632669
0.711657
0.661376
0.250424
-0.199987
-0.574314
-0.748820
-0.600291
-0.464897
-0.804740
-0.898380
-0.367940
0.166927
0.493719
0.704335
0.549651
0.245466
-0.303790
-0.477155
-0.132224
0.418929
0.192369
0.055546
-0.039952
-0.260854
-0.614129
-0.497432
-0.450757
-0.171755
-0.031591
0.115159
-0.022212
-0.034961
0.546206
0.715239
0.684079
0.609258
0.516324
0.104620
0.207898
0.363822
0.396598
0.251548
0.182359
-0.152315
-0.358699
-0.228097
0.254649
0.203160
0.156503
0.130100
-0.014664
0.113677
0.272027
0.410562
0.450677
0.455591
0.096041
-0.121579
-0.299356
-0.382171
-0.466215
-0.530616
-0.872322
-0.818848
-0.852535
-0.792378
-0.762960
-0.598364
-0.749683
-0.469523
-0.300914
-0.067909
0.350974
0.843390
0.761434
0.816918
0.753229
0.297832
-0.178409
-0.379498
-0.538054
-0.571881
-0.191707
-0.017017
0.247482
0.505123
0.597760
0.469743
0.201390
-0.224767
-0.412343
-0.425093
-0.078907
0.321047
0.598207
0.578689
0.605385
0.333732
0.302070
0.185939
-0.031533
-0.483359
-0.605765
-1.007876
-1.133925
-1.126619
-0.841612
-0.989198
-0.605213
-0.306875
0.119389
0.095197
0.320574
0.262142
0.251230
0.192094
0.637810
0.644728
0.995692
1.135679
1.033352
0.699211
0.581234
-0.006390
0.218217
0.297036
0.315805
0.172232
0.083770
-0.471380
-0.573139
-0.752364
-0.856399
-0.336184
0.027193
-0.004755
-0.160975
-0.260406
-0.805067
-0.912300
-0.764947
-0.589475
-0.322253
-0.176802
-0.388586
-0.480707
-0.344190
0.445024
1.148920
1.637358
1.556966
1.306808
0.546294
-0.018225
-0.398482
-0.289246
-0.050383
0.141532
0.075626
-0.168442
-0.224073
-0.333217
-0.310749
-0.111108
0.140333
0.006704
0.024911
-0.082826
-0.263186
0.175673
0.527209
0.581047
0.376209
0.328422
-0.276267
-0.705174
-0.850497
-1.004602
-1.158694
-0.790726
-0.134994
0.306830
0.626503
0.805618
0.403967
-0.041849
-0.398270
-0.575321
-0.602348
-0.571142
-0.315815
0.376702
0.923838
1.380227
1.539006
1.218318
0.437897
-0.116792
-0.618659
-0.857279
-0.849690
-0.924519
-0.424288
-0.103742
0.033120
0.025345
0.153499
-0.061692
-0.132947
0.064275
0.226933
0.365711
0.214845
0.280469
0.324484
0.378049
0.436985
0.530735
0.405440
0.149419
-0.029701
-0.103955
-0.344849
-0.587767
-0.639861
-0.379395
-0.036469
0.237793
0.427327
0.874271
0.651827
0.210220
-0.408419
-0.726864
-1.061789
-1.129777
-0.768965
-0.326000
-0.017450
-0.173464
-0.292048
-0.782109
-0.261660
-0.211149
-0.064252
0.003992
0.054273
-0.376896
-0.434488
-0.484485
-0.353397
-0.154022
-0.246657
-0.307969
-0.237881
0.024049
0.228692
0.354763
0.415548
0.284803
0.033646
-0.310238
-0.139471
0.534788
1.298497
1.690457
1.865856
1.515121
0.586138
-0.166222
-0.564389
-0.782062
-0.904466
-0.957699
-0.881959
-0.815725
-0.533295
-0.175169
0.164323
0.243042
0.449403
0.638777
0.728191
0.903414
1.004407
0.868024
0.758966
0.774802
0.452035
0.169603
-0.280496
-0.610132
-0.951103
-0.801654
-0.800210
-0.850620
-1.004372
-1.200950
-1.337186
-1.090307
-0.569759
-0.130434
0.109599
0.366289
0.312305
0.109741
-0.174530
-0.365155
-0.509975
-0.583862
-0.423152
-0.216034
0.006180
-0.007172
-0.073479
-0.325379
-1.088611
-1.728061
-1.808147
-1.643458
-1.156614
-0.597089
0.298227
0.221168
0.073772
-0.071522
0.196605
0.081703
0.382778
0.562165
0.815370
0.581805
0.620543
0.115694
-0.054919
-0.561857
-0.674694
-0.712265
-0.456406
-0.323360
-0.273131
-0.106605
-0.255875
-0.178540
0.003343
-0.448869
0.059670
0.782757
1.126914
1.461957
2.231594
1.872704
1.120426
0.488500
-0.279295
-0.732374
-1.108224
-1.206616
-0.900041
-0.662821
-0.497252
-0.024107
0.243337
0.139764
-0.135772
-0.406315
-0.613973
-0.820170
-0.470158
-0.190035
0.085690
0.147890
0.329460
0.315633
0.214724
0.442750
0.512050
0.433246
0.349022
0.227414
0.202690
0.039847
0.053313
-0.076257
0.302192
0.212079
0.022766
-0.078519
-0.412126
-0.841392
-0.581152
-0.155003
0.102968
0.350567
0.772500
0.519679
0.390781
0.575985
0.562449
0.534085
0.380873
0.194676
0.102521
-0.008061
-0.127367
-0.496404
-0.413069
-0.775511
-0.711040
-0.481376
-0.105435
-0.062110
-0.067204
0.006706
-0.252471
-0.300944
-0.352426
-0.551975
-0.319423
-0.001508
0.124260
0.316105
0.708025
0.881598
0.668374
0.648177
0.621748
0.336267
-0.109897
-0.420708
-0.767769
-1.218550
-1.326661
-1.065779
-1.100511
-0.726586
-0.420856
-0.015056
-0.186375
-0.062004
0.075231
0.283156
0.484403
0.985818
1.334628
1.412907
1.137129
1.109868
0.743371
0.645221
0.545135
0.679916
0.581474
0.547484
0.522824
0.396883
0.311297
0.074454
-0.140193
-0.284381
-0.741584
-1.078975
-0.948600
-0.992740
-0.901634
-0.597332
-0.173911
-0.087508
0.144451
0.137179
0.149194
-0.113057
-0.385180
-0.529654
-0.639247
-0.713653
-0.550744
-0.594025
-0.385900
-0.228739
0.033998
0.235779
0.743691
1.084140
1.248290
1.372331
1.489449
1.325952
1.071767
0.715119
0.322097
-0.150014
-0.596162
-1.012774
-1.150950
-1.083634
-1.077056
-0.982406
-0.930431
-0.783115
-0.568009
-0.393576
-0.234598
-0.031439
0.009998
0.126770
0.280605
0.546349
0.665595
0.793088
0.513878
0.205197
-0.114405
-0.169434
-0.231540
-0.179933
-0.243273
-0.350228
-0.555510
-0.357750
-0.312759
-0.033609
0.367953
0.579168
0.416155
0.625612
0.863718
0.720340
0.824309
0.831867
0.450982
0.038865
-0.201066
-0.605442
-0.436646
-0.500086
-0.365672
-0.407102
-0.328945
-0.623945
-0.672540
-0.604043
-0.348537
-0.198157
-0.072540
0.288735
0.470982
0.407787
0.244466
0.102492
0.323401
0.370998
0.424247
0.509177
0.515358
0.202178
-0.302770
-0.645323
-0.717313
-0.512215
-0.598586
-0.467671
0.160429
0.688909
0.846591
1.402778
1.736041
1.744873
1.212837
0.819760
0.288262
-0.108652
-0.499680
-0.308964
-0.080388
0.023366
-0.176893
-0.201581
-0.438606
-0.563520
-0.748505
-0.481037
-0.347079
-0.347522
-0.523457
-0.672513
-0.726171
-1.172707
-1.317345
-1.232403
-1.076834
-0.655544
-0.095893
0.182421
0.228690
0.280084
0.209165
0.337421
0.420701
0.799732
0.643091
0.313134
0.055662
-0.010915
-0.523321
-0.465752
0.092241
0.143509
0.227391
0.540823
0.849456
0.556688
0.344050
0.064669
-0.330303
-0.395931
-0.521515
-0.427404
-0.233694
-0.195190
0.099575
0.039557
0.375039
0.709290
0.855222
0.426040
0.326004
0.140384
-0.064435
0.094494
0.353327
0.529385
0.420596
-0.009937
-0.142664
-0.449148
-0.736177
-0.879249
-0.534466
-0.266489
-0.114084
0.183360
0.472949
0.426416
0.371752
0.524185
0.621376
0.680647
0.686618
0.504445
-0.002659
-0.546078
-1.007771
-1.132734
-0.967566
-0.513120
0.010553
0.484134
0.894425
1.042272
0.864740
0.693477
0.307769
0.097511
-0.247164
-0.359000
-0.269175
-0.249851
-0.315407
-0.398311
-0.465857
-0.393315
-0.253583
-0.215305
-0.176281
-0.040916
-0.391427
-0.589207
-0.461535
-0.215894
-0.054777
0.082645
0.462337
0.548039
0.375068
0.488748
0.624712
0.343568
0.062298
-0.002442
-0.425556
-0.603455
-0.028609
0.159206
0.511727
1.106879
1.192904
0.784499
0.517833
0.072000
-0.510658
-0.558095
-0.945708
-0.948156
-0.833896
-0.716599
-0.418645
-0.007239
0.223787
0.412151
0.499135
0.497201
0.214469
-0.219017
-0.355916
-0.060042
-0.228438
-0.056854
0.395259
0.498792
0.005920
0.195107
0.068126
-0.060631
-0.006680
0.271926
0.066309
-0.106304
-0.282432
-0.297664
-0.038637
0.113075
0.318259
0.599563
0.630166
0.187576
-0.035563
0.072905
0.109946
0.010014
0.326345
0.446936
0.587388
0.418494
0.588528
0.552675
0.639752
0.730541
0.322894
-0.303775
-0.592162
-1.054482
-1.433540
-1.056556
-0.867407
-0.951739
-0.643104
-0.303698
-0.215510
0.166192
0.271936
0.133502
-0.031844
-0.119506
0.106866
0.415553
0.632993
0.724598
0.705672
0.381075
-0.062041
-0.273384
-0.724677
-0.811430
-0.804831
-0.764676
-0.753013
-0.783991
-0.284286
-0.100371
0.184758
0.572487
0.972645
0.712302
0.392251
0.173624
0.045215
-0.310835
-0.598201
-0.785190
-0.751583
-0.837858
-0.549742
-0.302504
-0.038106
0.140417
0.215768
0.554969
1.043332
1.180385
1.050263
0.738128
0.388298
-0.154557
-0.456242
-0.409664
-0.921994
-0.641657
-0.379210
-0.073053
0.261410
1.032387
1.024402
0.752981
0.385168
-0.100951
-0.207200
-0.340625
-0.349606
0.119961
0.226419
0.180253
0.071489
-0.058937
-0.252308
-0.549279
-0.631997
-0.782327
-0.765194
-0.889467
-0.703398
-0.452613
-0.212105
0.099349
0.315080
0.295664
0.497483
0.436541
0.434698
0.407914
0.727917
0.613993
0.574447
0.431795
0.198205
-0.114763
-0.319064
-0.368410
-0.393955
-0.415407
-0.008606
0.252270
0.396539
0.653386
0.926517
0.829047
0.713680
0.734858
0.489066
0.308797
-0.006481
-0.469444
-0.900539
-1.262524
-1.613912
-1.436469
-1.281013
-1.119647
-0.996253
-0.676361
-0.618947
-0.451547
-0.128273
0.168800
0.558149
0.847313
0.923844
0.765326
0.512122
0.565997
0.195583
0.180810
0.326843
0.423420
0.192412
0.207919
0.214856
-0.009703
-0.066705
-0.058200
0.128787
0.424322
0.316244
0.265525
0.187411
-0.566301
-1.189383
-1.107605
-0.829666
-0.924666
-0.372729
-0.048395
0.227335
0.290504
0.256493
0.129792
0.177420
0.275684
0.465022
0.874460
1.138733
1.121605
0.909791
0.750319
0.452324
0.411191
0.329445
0.263648
0.234234
0.016370
0.128547
-0.296066
-0.519002
-0.916699
-0.984310
-1.233154
-0.628584
-0.224801
-0.022275
0.089864
0.139043
-0.345216
-0.335095
-0.577758
-0.446968
-0.364112
-0.253309
-0.191933
0.197889
0.375103
0.260658
0.457405
0.374877
0.386983
0.258724
0.055777
-0.102248
-0.493190
-0.657596
-0.706714
-0.675928
-0.588973
-0.294684
-0.233151
-0.055060
0.146208
0.148073
0.002504
0.142180
0.215174
0.335208
0.629094
0.739435
0.835465
0.698160
0.518590
0.191315
-0.120900
-0.734763
-1.060183
-1.147178
-1.144494
-1.170809
-0.882916
-0.801955
-0.705006
-0.476132
-0.013834
-0.080653
-0.382526
-0.213639
-0.394005
-0.215115
0.203439
0.798327
0.807783
0.946304
0.748898
0.449418
0.202159
-0.067150
-0.284972
-0.427690
-0.357456
0.379848
1.197425
1.347357
1.611779
1.369928
0.809590
0.062459
0.046511
-0.002103
-0.123726
-0.270055
-0.112362
-0.276161
-0.651206
-0.555311
-0.454957
-0.786422
-0.558163
-0.232435
0.203409
0.385695
0.843544
0.876327
0.698339
0.480686
0.206811
-0.256767
-0.557435
-0.829085
-1.028509
-1.066305
-1.039744
-0.733616
-0.483897
-0.064223
0.309746
0.679097
0.903905
0.867098
0.682675
0.683665
0.592179
-0.067692
-0.563551
-0.502617
-0.449443
-0.376478
-0.162703
0.424459
0.272885
-0.140782
-0.294580
-0.114152
0.037242
-0.002803
0.013633
0.123200
0.003115
0.108411
0.190331
0.399723
0.380310
0.445585
0.349255
0.178829
-0.108776
-0.470747
-0.803679
-0.903676
-0.864915
-0.841855
-1.078263
-0.848859
-1.222501
-1.416685
-1.327536
-0.678613
-0.271265
0.324584
0.849533
1.139660
1.104538
0.954686
0.930479
1.135874
1.057436
1.007248
1.105272
0.850960
0.383891
0.010421
-0.229531
-0.512643
-0.748911
-0.860074
-0.678356
-0.433695
-0.274098
0.166511
0.329071
0.264343
0.412545
0.101085
-0.177011
-0.044036
0.014769
-0.162450
-0.062999
-0.011029
-0.088291
-0.172856
-0.341794
-0.560804
-0.818396
-1.018220
-1.126378
-0.713997
-0.556962
0.187327
0.261578
0.673669
0.575594
0.453432
-0.233835
-0.429209
-0.706082
-0.876704
-0.706022
-0.264886
0.469940
1.104327
1.074193
1.177218
1.001710
0.627530
0.387229
0.345533
0.335187
0.353525
0.208694
-0.075420
-0.148686
-0.263941
-0.551428
-0.403015
-0.420826
-0.257915
-0.072224
0.080653
-0.295070
-0.449446
-0.589542
-0.467243
-0.123334
0.696372
1.030391
1.283038
1.156843
0.610246
0.543157
0.581029
0.548385
0.330144
0.511034
0.025655
-0.695662
-0.915665
-0.742662
-0.579981
-0.515290
-0.211499
-0.291849
-0.615143
-0.814538
-1.043725
-1.139077
-0.896705
-0.411991
-0.055462
0.246408
0.651670
0.718142
0.654782
0.617771
0.665171
0.902093
0.691936
0.366073
0.248307
-0.019035
-0.266674
-0.135121
0.346333
0.561336
0.678660
0.403346
0.259915
0.047607
-0.216929
-0.194021
0.203028
0.066275
-0.089635
-0.229227
0.008843
-0.178387
0.023493
0.412429
0.469137
-0.021036
-0.093370
0.095103
-0.089273
-0.105908
0.278077
0.050287
0.115373
0.227692
0.106992
-0.054198
-0.081581
-0.208622
-0.536701
-0.505561
-0.707143
-0.526327
-0.570413
-0.328383
-0.126636
0.097733
0.195478
0.414582
0.409665
0.618075
0.756479
0.804775
0.523699
0.205050
-0.005765
-0.109563
-0.123727
0.086713
0.278755
0.454171
0.280162
0.046470
-0.364288
-0.618813
-0.794141
-0.643216
-0.438917
-0.470711
-0.371216
-0.441405
-0.594607
-0.669789
-0.487728
-0.016545
-0.077986
0.021650
0.212601
0.414941
0.181551
0.421625
0.605364
0.520067
0.195133
-0.000300
-0.348773
-0.475517
-0.469585
-0.103512
0.163559
0.215669
0.097050
-0.233113
-0.518587
-0.772711
-0.917028
-0.585368
-0.151898
0.060964
0.283788
0.726335
0.473706
0.127933
-0.210586
-0.815040
-0.751504
-0.429563
-0.222732
0.293133
0.708719
0.521155
0.178241
0.082891
-0.189417
-0.086839
0.092900
0.244114
0.506256
0.648416
0.969356
1.362357
1.223499
1.281688
0.969549
0.606702
-0.090244
-0.428848
-0.708855
-0.632520
-0.943871
-1.136854
-0.824599
-0.903272
-0.881800
-0.966651
-1.073303
-1.146651
-0.640759
-0.596703
-0.162529
0.221882
0.334718
-0.027007
0.212531
0.619251
0.714325
0.908448
1.019917
0.731540
0.324315
-0.089200
-0.235525
-0.213872
-0.216656
-0.361575
0.028535
0.254458
0.083631
0.060565
0.574703
0.688993
0.573793
0.296193
0.556672
0.009059
-0.180776
-0.180776
0.191198
0.104613
-0.136905
-0.256218
-0.484541
-0.711000
-0.859933
-0.677472
-0.514231
-0.611090
-0.051367
0.253099
0.499153
0.622560
0.732730
0.670625
0.616279
0.705220
0.903362
1.000688
0.702787
0.586354
0.478828
0.263528
-0.040864
-0.275328
-0.599650
-0.665265
-0.986814
-0.955797
-0.969305
-1.000911
-0.791148
-0.297305
0.012778
0.173685
0.363795
0.307507
-0.100427
-0.002837
0.162539
0.514272
0.503390
0.875492
0.877990
0.661357
0.291874
0.239478
-0.086695
-0.132109
-0.182512
0.058036
0.010384
0.029598
0.024682
0.125057
0.115890
0.267113
0.561363
0.605055
0.516609
0.162333
-0.289512
-0.661292
-0.921064
-0.939933
-0.959526
-0.697646
-0.195157
0.149244
0.433889
0.771275
0.615738
0.147644
-0.181656
-0.360723
-0.550957
-0.629344
-0.824268
-0.900148
-0.941252
-0.945268
-0.508076
0.057708
0.271611
0.522139
0.582092
0.381751
0.085484
0.099372
0.111714
0.112662
0.428055
0.663071
0.791267
0.853999
0.780959
0.507831
0.091637
-0.071816
-0.181321
0.024918
-0.199592
-0.141576
-0.241264
-0.408099
-0.290278
0.237298
0.513873
0.668556
0.632159
0.366403
0.009806
-0.172633
-0.325669
-0.202645
-0.006116
0.178456
0.366355
0.469982
0.286530
0.067555
-0.299526
-0.563321
-0.975193
-1.379739
-1.401098
-1.653999
-1.382049
-1.046696
-0.371308
-0.059714
0.627980
0.591894
0.906488
0.986074
1.033020
0.882575
0.716206
0.380260
0.349460
0.188883
0.320471
0.525688
0.567178
0.576827
0.255066
-0.217900
-0.655798
-0.854389
-1.281209
-1.153988
-0.798593
-0.561874
-0.141585
0.158508
0.049007
-0.111440
0.002570
-0.054560
-0.086730
0.166548
0.409395
0.291336
0.136635
-0.006904
0.014065
-0.135546
-0.203971
0.316038
0.672407
1.152551
1.340898
1.501296
1.098331
0.842410
0.506378
-0.019793
-0.181988
-0.476241
-0.502445
-0.266186
-0.324236
-0.215660
-0.268961
-0.504759
-1.046636
-0.678355
-0.548271
-0.604340
-0.388464
-0.340041
-0.294262
-0.367749
-0.031909
-0.316811
-0.519449
-0.811019
-0.602925
-0.652192
-0.178852
0.186724
0.730187
0.757048
0.664535
0.673249
0.695378
0.559651
0.364499
0.506577
0.582147
0.469076
0.643792
0.524019
0.656964
0.474539
0.326491
-0.034692
0.155419
0.202908
0.266104
0.555613
0.694283
0.359501
0.067370
-0.425809
-0.645298
-0.892911
-1.134921
-1.082630
-1.133052
-1.356260
-1.331731
-1.097746
-1.133837
-0.720461
-0.380330
-0.110942
0.253833
0.477642
0.619354
0.841892
0.868511
0.783227
0.572363
0.420464
0.187622
-0.029574
-0.122933
-0.161719
-0.043602
-0.002841
-0.030246
-0.167545
-0.201586
-0.143741
-0.396756
-0.525317
-0.255645
0.126186
0.146211
0.197357
0.225220
0.135715
0.291797
0.676716
0.897660
1.416652
1.202106
0.525141
-0.149572
-0.416791
-0.676153
-0.481167
-0.218782
-0.113754
-0.025966
-0.102147
-0.097347
-0.092127
-0.218411
-0.253527
-0.100804
0.053693
0.226135
0.169484
0.367486
0.279982
-0.051828
-0.371693
-0.187229
-0.255580
-0.155694
0.135489
0.256825
-0.139419
-0.277528
-0.870273
-0.670482
-0.434590
0.097909
0.452168
0.992831
0.794831
0.601123
0.443402
0.148920
-0.287673
-0.506348
-0.639231
-0.705654
-0.783489
-0.826294
-0.710305
-0.652275
-0.483957
-0.316683
0.093517
0.266687
0.325333
0.488661
0.598821
0.707650
0.733984
1.162398
1.145070
0.985716
0.751200
0.311610
-0.193023
-0.627633
-0.721576
-0.601715
-0.484810
-0.537591
-0.347897
-0.349492
-0.526753
-0.498887
-0.326919
-0.639085
-0.839860
-0.138583
-0.108865
0.284418
0.523611
0.884273
0.272328
0.387626
0.109936
0.175247
0.389022
0.216927
-0.104778
-0.437104
-0.698074
-0.914868
-0.719820
-0.610804
-0.598638
-0.265078
-0.200557
-0.110497
0.122458
0.148973
-0.063654
0.122214
0.127169
0.159335
0.242111
0.523733
0.376021
0.269828
0.286824
0.514173
0.496868
0.393867
0.456377
0.355578
-0.178282
-0.308531
-0.622343
-0.853440
-1.030681
-1.087127
-0.786304
-0.306839
0.295508
0.552283
0.945903
0.558408
0.122517
-0.526173
-0.849575
-0.832100
-0.734522
-0.563880
-0.308349
-0.027659
0.148415
0.337975
0.614760
0.646584
0.681603
0.735259
0.743232
0.953452
1.221013
1.113486
1.026576
0.726437
0.264249
-0.128964
-0.409732
-0.696556
-1.136680
-1.246699
-1.246073
-0.887359
-0.708740
-0.359920
-0.359359
-0.351711
-0.518115
-0.607324
-0.532081
-0.489208
-0.435705
0.116052
0.320838
0.712475
1.008573
1.067564
0.558049
0.271918
-0.099608
-0.462105
-0.772300
-1.117850
-1.112789
-0.859424
-0.836968
-0.003314
0.644892
0.850903
1.101516
1.261879
0.727194
0.467603
0.423190
0.389904
0.484168
0.598567
0.698905
0.523945
0.038854
-0.352874
-0.467601
-0.705355
-0.343306
-0.152574
0.228843
0.331073
0.418361
0.217147
0.339448
0.182608
-0.046296
0.013796
0.038574
-0.236304
-0.062762
0.321828
0.785684
1.139130
1.342887
1.071503
0.623097
0.174592
-0.156623
-0.463493
-0.486003
-0.811957
-0.973406
-1.155428
-1.114216
-0.895135
-0.601638
-0.382872
-0.147968
0.276344
0.652731
0.978645
0.937537
0.922852
0.585578
0.295068
0.274229
-0.240148
-0.910562
-0.661716
-0.908988
-0.793132
-0.149920
0.578901
0.470523
0.766724
0.803032
0.705774
0.647252
0.742538
0.601998
0.421483
0.404512
0.369094
0.190500
-0.037431
-0.235837
-0.790122
-1.003177
-1.227151
-1.256996
-1.230557
-0.903019
-0.810753
-0.419444
-0.043701
0.273061
0.494986
1.076518
0.638919
0.483017
0.121654
-0.091816
-0.676503
-0.413956
-0.317394
-0.212084
0.095186
0.290887
0.309291
0.045227
-0.242233
-0.209174
-0.469233
-0.491938
-0.203211
0.346850
0.444435
0.733429
0.780175
0.732718
0.483350
0.275170
0.376615
0.775341
0.661274
0.480386
0.403959
-0.176227
-0.595434
-0.936678
-0.966877
-1.029403
-1.244435
-1.327375
-0.967147
-0.509910
-0.496874
-0.006188
0.204289
0.121662
0.270745
0.480253
0.466947
0.594127
0.745374
0.497357
0.343135
0.305183
0.215923
0.245963
0.318328
0.090379
0.093693
-0.096275
0.044220
-0.011399
0.181041
0.141013
0.045223
-0.309198
-0.484474
-0.576842
-0.627453
-0.574862
-0.554764
-0.930872
-1.021146
-1.058524
-1.014462
-0.715296
-0.228025
0.303949
0.714626
0.865281
1.241372
1.427702
1.579786
1.395698
1.351226
0.860908
0.619607
0.012965
-0.082837
-0.024046
-0.084538
-0.301329
-0.215060
-0.211827
-0.339896
-0.469935
-0.479144
-0.458062
-0.437424
-0.439165
-0.329530
0.047455
-0.190738
-0.448965
-0.213824
-0.309842
-0.289875
0.078650
0.567502
0.484881
0.519263
0.103624
-0.053783
-0.312123
-0.596460
-0.596502
-0.396633
-0.007299
0.304637
0.579464
0.951638
1.145830
0.810876
0.769648
0.589900
0.530924
0.445873
0.497040
0.048265
0.026702
-0.034341
-0.217206
-0.467574
-0.285431
-0.430690
-0.328540
-0.079896
0.143785
0.102821
0.182545
-0.158729
-0.463138
-0.533172
-0.481082
-0.489063
-0.478303
-0.371175
0.037535
0.209251
0.416866
0.321115
0.092296
-0.329630
-0.241800
-0.119688
0.220083
0.428402
0.537269
0.140002
-0.112355
-0.556571
-0.567736
-0.888804
-0.821720
-0.700692
-0.072306
0.422441
0.521668
0.533483
0.077905
-0.552708
-0.993266
-0.774824
-0.677452
-0.345277
-0.233318
0.370601
0.611571
1.072485
1.110355
1.268084
0.767424
0.486795
0.108916
0.073117
-0.008276
-0.381664
-0.734798
-0.863725
-1.229362
-1.241103
-1.160992
-0.914580
-0.861207
-0.563512
-0.428369
-0.080407
0.178615
0.477033
0.932407
1.294267
1.327440
1.187636
0.770347
0.446170
0.145441
0.111036
0.299553
0.349307
0.139372
-0.019696
-0.337681
-0.576125
-0.711823
-0.321464
-0.432578
-0.403814
-0.492660
-0.370941
-0.553883
-0.419398
-0.282416
0.039311
0.260151
0.401331
0.404924
0.394882
-0.023724
-0.119236
-0.334518
-0.408553
-0.448400
-0.465693
-0.183538
0.082959
0.411667
0.565696
0.878799
0.827577
0.648458
0.760898
0.998409
1.194138
1.198128
1.066417
0.565991
0.096609
-0.472790
-0.718318
-0.674677
-0.575125
-0.639765
-0.352112
-0.504615
-0.481320
-0.212068
-0.116500
-0.238458
-0.515734
-0.843188
-1.145293
-1.492870
-1.459706
-1.159672
-0.473327
0.002446
0.429580
0.384068
0.788649
0.970112
0.646049
0.610136
0.843392
0.593475
0.221491
0.274569
0.585658
0.483767
0.121979
0.083941
-0.123572
0.130075
0.421416
0.794257
0.804289
0.929937
0.553540
0.143183
0.446748
0.455657
-0.003241
-0.412320
-0.520217
-0.844007
-1.185843
-1.110041
-0.809926
-0.663572
-0.487615
-0.264740
0.133750
0.358594
0.680416
0.689969
0.774550
0.827064
0.367899
0.124469
0.049377
0.071385
0.039734
0.027139
0.068171
0.011405
-0.401902
-0.508506
-0.505489
-0.750256
-1.102102
-1.061733
-1.019309
-0.926065
-0.545610
-0.305500
0.184767
0.355784
0.489708
0.601805
0.680885
0.446731
0.180588
0.051276
-0.337233
-0.714055
-0.707679
-0.635543
-0.460769
-0.241373
0.183581
0.548402
0.663121
0.779999
0.905796
1.046004
0.887349
1.026613
1.079170
0.610698
0.338021
0.233695
-0.271553
-0.483139
-0.439420
-0.541393
-0.777656
-0.656512
-0.678343
-0.543129
-0.289105
-0.223311
0.040677
0.072367
0.183292
0.467014
0.682947
0.827847
1.132795
1.293310
0.912964
0.658173
0.410878
-0.011997
-0.422390
-0.588041
-0.618949
-0.962516
-1.256905
-1.107781
-1.290843
-1.467096
-1.252315
-0.975118
-0.839905
-0.507395
-0.105127
0.081653
0.141613
0.335976
0.589160
0.770925
0.712829
0.734176
0.612716
0.160241
0.085259
-0.087261
-0.015253
-0.116161
-0.183657
-0.417380
-0.335145
-0.380165
-0.328010
0.115060
0.306278
0.528359
1.071598
0.747840
0.395949
0.156963
-0.306155
-0.989665
-0.594877
-0.182159
-0.031975
0.458088
0.922432
0.815981
0.683177
0.639567
0.543189
0.217062
-0.099734
-0.183358
-0.193235
-0.234289
-0.263558
-0.111893
-0.079926
-0.369636
-0.306327
-0.482483
-0.648489
-1.003337
-0.967595
-0.866101
-0.771993
-0.356988
0.062276
0.450689
0.490027
0.967025
1.190878
1.453973
1.571068
1.592433
1.422090
1.094707
0.457901
0.134250
-0.272841
-0.659799
-0.733562
-0.846641
-1.102680
-1.403298
-1.257996
-1.261897
-0.946037
-0.487591
0.026275
0.453453
0.262530
0.265726
0.278742
0.246163
0.204397
0.290927
0.413862
0.329308
0.441795
0.201354
0.086653
-0.125534
-0.015132
-0.052787
-0.004952
0.095837
0.142949
-0.404584
-0.569383
-0.572968
-0.288536
0.076703
0.366017
0.408775
0.084347
-0.191381
-0.489505
-0.499146
-0.582496
-0.775445
-0.602234
-0.388253
-0.212906
0.113278
0.716638
1.129125
1.131384
1.186570
0.907003
0.739405
0.611017
0.549280
0.356751
0.313995
-0.151482
-0.503109
-0.855974
-0.980569
-1.059406
-0.793444
-0.829173
-0.615851
-0.248769
0.049182
0.407010
0.687538
0.810137
0.770339
0.633001
0.568345
0.460416
0.325800
0.235159
0.148601
-0.127992
-0.416560
-0.558594
-0.728758
-0.748187
-0.737232
-0.775280
-0.443215
-0.284711
-0.138834
0.204737
0.507245
0.563018
0.674931
0.753747
0.651773
0.646407
0.519942
0.175451
-0.198964
-0.535161
-0.881056
-1.075181
-1.054495
-0.849084
-0.610424
-0.123357
0.274698
0.644481
0.998278
0.966172
0.925213
0.662214
0.526536
0.221385
0.305143
0.277037
0.318990
0.062272
-0.151554
-0.785679
-1.077869
-1.278715
-1.182063
-1.044438
-0.346592
-0.175978
0.052640
0.468368
0.835691
0.662220
0.630196
0.109657
-0.134627
-0.298768
0.189982
0.171951
0.501975
0.723525
0.824400
0.708417
0.789796
0.909776
0.718595
0.752193
0.352779
0.117209
0.165848
-0.078329
-0.634552
-0.987073
-1.369540
-1.744999
-1.798161
-1.523316
-1.061617
-0.536250
-0.065993
0.109416
0.252199
-0.001618
-0.158647
-0.029615
-0.107415
-0.155882
-0.013419
0.253206
0.124275
0.192934
0.244583
0.440511
0.665216
0.655540
0.744834
0.562264
-0.017372
-0.280075
-0.570428
-0.471995
-0.084088
0.347393
0.481148
0.479556
0.456946
0.034836
0.002550
-0.109607
-0.042092
0.004898
-0.201907
0.069860
0.188768
0.532486
0.789825
1.435419
1.338348
1.102422
0.723462
0.225310
-0.402483
-0.737880
-0.946448
-1.104518
-1.152748
-1.180392
-0.929261
-0.699666
-0.368751
-0.307240
-0.108625
-0.266333
-0.262670
-0.126848
0.168257
0.627144
1.100199
1.066419
0.874200
0.482047
0.437754
0.029601
0.204862
0.427324
0.710726
0.807193
0.887707
0.708118
0.506435
0.326810
0.044698
0.092553
0.250308
0.082646
-0.002891
-0.168385
-0.505861
-0.698424
-0.956287
-1.056187
-1.075546
-1.291660
-1.344322
-1.090887
-0.696448
-0.786951
-0.407738
-0.143762
-0.278537
-0.269948
0.203235
0.628461
0.661102
1.148284
1.426982
1.174505
1.020689
0.885633
0.703415
0.380940
0.278663
0.215651
-0.074227
-0.116317
-0.329281
-0.539921
-0.659871
-0.715059
-0.957242
-1.059907
-0.869978
-0.970972
-0.817602
-0.542913
-0.280787
-0.058452
0.267375
0.239111
0.351470
0.361949
0.258031
0.066080
0.241357
0.317222
0.467242
0.743690
0.459926
0.436433
0.190121
-0.040291
-0.244321
-0.372191
0.071447
0.181695
0.337906
0.516908
1.087886
1.003680
1.022967
0.899973
0.657353
0.562325
0.572236
0.313985
0.139573
-0.052475
-0.277010
-0.601986
-0.451158
-0.163542
-0.250165
-0.065731
-0.016190
0.050471
-0.003942
0.172205
0.025362
-0.198948
-0.673550
-0.897579
-1.044514
-0.967379
-1.303420
-0.843178
-0.633105
-0.619212
-0.928799
-1.086793
-1.014364
-1.134779
-1.110566
-0.460894
-0.106507
-0.350255
-0.361584
0.285256
0.602179
1.193624
1.533025
1.645997
1.269882
0.627140
0.513112
0.522972
0.481894
0.191292
-0.174264
-0.434958
-0.706812
-1.365078
-1.115834
-0.830586
-0.766355
-0.656796
0.065002
-0.005553
-0.106050
-0.219830
-0.309494
-0.318908
-0.368383
-0.039684
0.232926
-0.123974
-0.127193
0.062617
0.110294
0.485508
0.870335
1.376725
1.031655
0.937551
0.429322
0.667356
0.296638
0.639700
0.794543
0.903097
0.657868
0.215489
-0.311916
-0.808622
-1.324538
-1.071505
-0.491749
-0.073621
0.407647
0.753158
0.522455
0.186441
0.115213
-0.029362
0.118383
0.380030
0.434983
0.408901
0.310183
0.052959
-0.361798
-0.787009
-0.594594
-0.577168
-0.532080
-0.454016
-0.298338
-0.373289
-0.533285
-0.017787
0.431196
0.437968
0.426750
0.673341
0.258559
-0.394400
-0.463059
-0.600337
-0.735611
-0.696276
-0.273396
0.256412
0.631399
0.528165
0.902186
0.719661
0.430549
0.071755
0.098386
-0.387121
-0.458342
-0.287803
-0.351306
-0.414306
-0.408022
-0.320457
-0.220315
-0.453709
-0.331459
-0.193383
-0.234153
-0.419017
0.136582
0.677718
0.945508
1.307525
1.466554
1.079216
0.617127
0.430108
0.246842
-0.072812
0.003103
0.165772
0.108012
0.050474
0.101679
0.015712
-0.276920
-0.508852
-0.491491
-0.564917
-0.424725
-0.523742
-0.565208
-0.709497
-0.653050
-0.305726
-0.085481
0.225330
0.499680
0.704541
0.692577
0.651387
0.778591
0.654147
0.587809
0.344246
0.213101
-0.131055
-0.360202
-0.304139
-0.279523
-0.289439
-0.285632
-0.421777
-0.687231
-0.820085
-0.785965
-0.527528
-0.068298
0.409502
0.647872
0.858691
0.812084
0.359890
0.077467
-0.261234
-0.379527
-0.525879
-0.189300
-0.150622
-0.072032
0.136117
0.261248
0.286926
0.345112
0.509562
0.457560
0.496062
0.603625
0.436477
0.227251
0.295969
0.143758
-0.093560
-0.246895
-0.230058
-0.603740
-0.682263
-0.869764
-0.787270
-0.479518
-0.492775
-0.605995
-0.756107
-1.004738
-1.261378
-1.085954
-0.743563
-0.164845
0.133389
0.488692
0.604016
0.642933
0.594133
0.745074
0.578586
0.757401
0.838456
0.778304
0.773013
0.801561
0.675489
0.651978
0.368748
0.110431
-0.036852
-0.202095
-0.343542
-0.193539
-0.015742
-0.147856
-0.298001
-0.363949
-0.552565
-0.760241
-0.721128
-0.426934
-0.446251
-0.230856
0.129660
0.383175
0.426756
0.715020
0.902582
0.945991
0.737685
0.622369
0.282091
0.080902
-0.242801
-0.126443
-0.161707
-0.228018
-0.339025
-0.557810
-0.983885
-1.311425
-1.547142
-1.593671
-1.722402
-1.527255
-1.197978
-0.843181
-0.536391
0.032143
0.563051
0.777754
1.229948
1.620142
1.279998
1.011240
0.894564
0.493856
-0.098675
0.030035
-0.034111
-0.137566
-0.113434
0.015660
0.272349
0.467345
0.614651
0.621679
0.794294
0.735445
0.546087
0.270598
0.139290
-0.365268
-0.349721
-0.403373
-0.334959
-0.047735
-0.184459
-0.538882
-0.670028
-0.598067
-1.069249
-0.958269
-1.089275
-0.866479
-0.927241
-0.799130
-0.092687
0.803942
0.646246
0.892266
1.051671
0.619237
0.249429
0.561583
0.721503
0.864974
1.306259
1.074036
0.981040
0.731568
0.292088
-0.261856
-0.503602
-0.731266
-0.903026
-0.654379
-0.545326
-0.428700
-0.245469
-0.262433
-0.092896
0.007101
0.129595
0.098114
0.194211
0.272341
-0.059523
-0.389944
-0.461446
-0.629578
-0.872654
-0.899530
-0.509976
-0.468398
-0.203043
0.108592
0.622235
0.531647
0.377674
0.148225
0.235892
-0.062196
0.208871
0.415907
0.896370
0.651927
0.507203
0.321862
-0.044816
-0.530229
-0.800770
-0.736859
-0.908772
-0.745835
-0.101080
0.140280
0.437703
0.844205
0.994552
0.425396
0.238321
0.077299
-0.133056
-0.142066
-0.099863
0.013399
0.174325
0.126515
0.346210
0.476354
0.331927
0.096359
0.295379
0.477807
0.631236
0.912369
1.160688
0.920624
0.645071
0.237420
-0.152009
-0.526329
-0.792711
-0.824574
-0.887807
-0.896987
-0.854257
-0.649668
-0.756523
-0.842607
-0.769124
-0.899731
-0.839626
-0.859144
-0.768307
-0.650215
-0.320838
-0.267145
-0.111764
0.155289
0.323114
0.476882
0.741772
0.995998
1.421750
1.717021
1.632424
1.519332
1.045426
0.124721
-0.893411
-1.538567
-1.585489
-1.445385
-0.809098
-0.087336
0.687629
0.884033
0.939903
0.749804
0.559947
0.445483
0.343717
0.276193
0.403190
0.630144
0.615391
0.320679
0.278734
0.194668
-0.098591
-0.254770
-0.427131
-0.315043
-0.504553
-0.356295
-0.453335
-0.160193
-0.209370
-0.228615
-0.053903
0.237516
0.064044
0.321820
0.696637
0.782043
0.421355
0.307922
0.029415
-0.498554
-0.736537
-0.841369
-0.645863
-0.792091
-0.984566
-1.158856
-1.139417
-1.322142
-1.142858
-0.622379
-0.256125
0.158359
0.510977
0.469384
0.699187
0.721536
0.538849
0.743819
0.661362
0.699981
0.425749
0.531656
0.393028
0.340957
0.294640
0.118774
-0.032331
-0.384727
-0.407561
-0.625600
-0.462745
-0.029680
-0.162518
-0.348205
-0.567390
-0.601034
-0.758758
-0.703130
-0.288818
-0.000924
0.179597
0.139495
0.628533
0.600567
0.553322
0.522049
0.469715
0.044763
-0.064142
-0.258510
-0.275084
-0.332835
-0.161654
0.013937
0.073642
-0.197586
-0.451930
-0.635986
-0.967362
-1.107670
-1.066925
-0.889486
-0.463188
0.174440
0.663895
1.261435
1.661410
1.729371
1.276850
0.955425
0.596565
0.202853
-0.376903
-0.760360
-1.019115
-1.442547
-1.643141
-1.243194
-0.841273
-0.373312
0.067632
0.441165
0.605123
0.867506
0.813464
0.832400
0.869167
0.737026
0.624269
0.690956
0.698253
0.675780
0.415257
0.086582
-0.116835
-0.232719
-0.395185
-0.313327
-0.259271
-0.312420
-0.568495
-0.371520
-0.437497
-0.212372
-0.541975
-0.705204
-1.051643
-0.810053
-0.581224
0.081550
0.716479
1.110460
0.992180
0.798158
0.492640
0.296233
-0.058310
-0.129099
-0.389159
-0.688981
-0.640274
-0.415019
-0.277495
-0.045108
0.301371
0.438177
0.557371
0.630651
0.282606
0.041699
-0.322135
-0.855801
-1.040973
-0.965458
-0.838839
-0.652641
-0.294092
-0.110217
-0.013188
0.314517
0.446534
0.535148
0.629323
0.831308
0.817684
0.719188
0.678313
0.483645
0.282298
0.450523
0.576448
0.542885
0.237071
-0.081756
-0.369535
-0.717574
-0.847281
-0.925793
-0.702482
-0.832394
-0.752201
-0.761804
-0.621587
-0.280207
-0.141309
-0.252014
-0.129917
0.210808
0.334494
0.333942
0.715608
0.725338
0.539678
0.201052
-0.075951
-0.396703
-0.612460
-0.623704
-0.386096
-0.189121
0.128119
0.420112
0.682840
0.526881
0.539082
0.383855
0.103729
-0.274662
-0.500344
-0.653792
-0.839065
-0.917495
-0.460020
0.085095
0.513029
0.814285
1.188912
1.084224
0.735684
0.676378
0.565945
0.525860
0.532584
0.520651
0.466551
0.262627
0.267627
0.066112
-0.315550
-0.646818
-0.428187
-0.468989
-0.387010
0.063145
0.430681
0.271437
0.189125
-0.110318
-0.360772
-0.704745
-1.174025
-1.264262
-1.288912
-0.859171
-0.647797
0.054424
0.309677
0.438107
0.280767
0.117998
-0.000046
-0.251901
-0.152569
0.049404
-0.000445
-0.063529
-0.182275
-0.684136
-1.164837
-1.161139
-0.699772
-0.270525
0.286867
0.358398
0.604169
0.559875
0.329982
0.361474
0.311563
-0.022399
-0.268444
-0.384198
-0.379938
-0.727266
-0.338300
-0.379951
-0.176393
-0.072342
0.080767
-0.155656
-0.137358
-0.225153
-0.450083
-0.059045
0.151211
0.319223
1.008936
1.486073
1.448460
1.586028
1.781974
1.280885
1.123335
1.115573
0.790549
0.264434
0.105614
-0.265368
-0.634539
-0.903792
-0.965350
-0.928684
-0.716336
-0.302849
-0.214450
-0.451374
-0.692823
-1.171573
-1.326788
-1.187236
-0.752371
-0.436385
0.130498
0.553629
0.368068
0.516786
0.312322
-0.094264
-0.221282
-0.065542
-0.291449
-0.397992
-0.318044
-0.589279
-0.345780
-0.348842
-0.165345
0.124504
0.339331
0.079197
0.332497
0.382753
0.573107
0.315737
0.532247
0.331743
0.045526
-0.385659
-0.410419
-0.413870
-0.517683
-0.294930
-0.015935
0.393221
0.614010
0.740057
0.901814
0.889321
0.784386
0.873431
0.959498
0.974277
0.749679
0.658668
0.220940
-0.276650
-0.669514
-1.017023
-1.173572
-1.208700
-1.074259
-0.513836
-0.559907
-0.485587
-0.456988
-0.377957
-0.670503
-0.096288
0.294833
0.313951
0.757486
1.130515
1.107085
0.765735
0.412187
0.187034
-0.323150
-0.491274
-0.420035
-0.167648
-0.074976
0.071928
0.386798
0.338489
0.186382
0.264347
0.110067
0.070347
0.124945
0.461957
0.370447
0.413476
0.147902
0.055706
0.088441
-0.034752
-0.197419
-0.358707
-0.846319
-0.739927
-0.993293
-0.941643
-0.757410
-0.369728
-0.581786
-0.241496
0.039750
-0.072201
-0.388664
-0.306572
-0.320614
-0.315623
-0.047212
0.452618
0.788455
0.772437
0.936685
0.802302
0.727253
0.555213
0.548708
0.614166
0.734571
0.828368
0.229466
-0.260082
-0.681077
-1.027257
-1.019774
-0.774837
-0.060586
0.271766
0.542375
0.390973
0.394010
-0.103122
-0.497008
-0.707431
-0.662734
-0.617825
-0.547683
-0.331046
0.147071
0.462945
0.803209
1.173748
1.260816
1.173118
0.690539
0.318756
0.095479
-0.067296
-0.138619
-0.154936
-0.345825
-0.722931
-1.023143
-1.171240
-0.956176
-0.602324
-0.050463
0.587269
0.683699
0.694438
0.737401
0.494859
0.219100
0.043010
-0.073498
-0.268372
-0.478747
-0.304230
-0.418060
-0.557196
-0.400994
-0.182231
-0.432495
-0.409271
0.088666
0.313043
0.299694
0.292896
0.491467
0.380418
-0.148100
-0.386066
-0.193323
-0.267638
-0.242877
0.167994
0.396938
0.270314
0.338185
0.438729
0.417019
0.513567
0.374110
0.301783
-0.146054
-0.419386
-0.542398
-0.571887
-0.736135
-0.661629
-0.726843
-0.522452
-0.315639
0.125343
0.120041
0.209357
-0.022449
-0.068261
-0.339030
-0.532283
-0.196645
0.135026
0.001339
0.371600
0.670914
0.293565
-0.268162
-0.456863
-0.705341
-0.374196
-0.211436
0.484876
0.781575
0.701072
-0.010366
0.090574
-0.240545
0.252835
0.364816
0.747639
0.738083
0.501677
0.024902
-0.278807
-0.177590
-0.248032
-0.335926
-0.283792
-0.632791
-0.632791
-0.732339
-0.427863
-0.522042
0.031851
0.076396
0.388305
0.318129
0.279678
0.101461
0.054584
-0.221322
0.107597
-0.066798
0.029144
0.094989
0.229257
0.244512
0.558590
0.549586
0.312048
0.057612
-0.425178
-0.556006
-0.484440
-0.613450
-0.641202
-0.666882
-0.922564
-0.955401
-0.639653
-0.155066
0.306261
0.667119
0.847544
0.722696
0.663831
0.641033
0.821704
0.923485
1.057973
0.927578
0.814182
0.706925
0.426614
0.144206
-0.004145
-0.265606
-0.425178
-0.574749
-0.728261
-0.821214
-0.941490
-0.998676
-0.944422
-0.739636
-0.480942
-0.233735
-0.113846
-0.204302
-0.251827
-0.498012
-0.591855
-0.462601
-0.303762
-0.039699
0.254198
0.546034
0.639612
0.811386
0.804629
0.674819
0.801939
0.673343
0.721174
0.796242
0.985983
1.038910
1.028772
0.987948
0.842114
0.589936
0.078655
-0.362044
-0.576913
-0.800278
-0.987295
-0.694296
-0.441481
-0.452419
-0.500874
-0.360135
-0.470299
-0.493005
-0.490591
-0.376950
-0.273919
-0.422651
-0.351626
-0.377497
-0.139494
0.116750
0.185799
0.428234
0.766531
0.770570
0.695580
0.833566
0.874555
0.677026
0.531890
0.433674
0.452620
0.355544
0.280185
0.119061
-0.200130
-0.424036
-0.643942
-0.653365
-0.441368
-0.561546
-0.662046
-0.532143
-0.639027
-0.837412
-0.684865
-0.684104
-0.927600
-0.952073
-0.636743
-0.653851
-0.375777
0.074250
0.470938
0.383419
0.713509
0.953585
0.868843
0.587184
0.518698
0.396291
0.023250
-0.196217
0.155915
0.362965
0.448922
0.940060
0.988134
0.902301
0.609135
0.525110
-0.002635
-0.248059
-0.469868
-0.324219
-0.341774
-0.357248
-0.213562
-0.177718
-0.548502
-0.282862
-0.068849
0.263038
0.414289
0.575282
0.181876
-0.222385
-0.447338
-0.796705
-1.114853
-1.110979
-0.758355
-0.353358
-0.162200
0.354647
0.938621
1.025214
0.818863
1.095814
1.074562
0.857646
1.003792
1.080825
1.030488
0.781293
0.022737
-0.363104
-0.693761
-1.195541
-1.074044
-0.779301
-0.648808
-0.678578
-0.477609
-0.341736
-0.145564
0.018417
-0.121649
-0.019006
-0.099598
-0.258006
-0.373875
-0.204945
-0.205498
-0.126166
0.147044
0.357309
0.317708
0.563169
0.580818
0.660634
0.604422
0.961802
0.939245
0.465370
0.244808
-0.502995
-1.368048
-1.810506
-1.828758
-1.962413
-1.405644
-0.594309
-0.200190
0.297290
0.703436
0.727551
0.476246
0.285580
0.172502
-0.036380
-0.154834
0.045665
0.218927
0.421680
0.588854
0.705835
0.796527
0.795631
0.652027
0.316744
0.136219
-0.121156
-0.265243
-0.074332
0.008184
0.291739
0.203910
-0.154961
-0.421481
-0.386441
-0.279990
-0.036467
0.514636
0.707429
0.614581
0.445723
0.165043
-0.002910
-0.117601
-0.195400
-0.234702
-0.012847
0.170354
0.035005
0.006008
-0.100611
-0.452294
-0.593036
-0.612162
-0.270482
0.112713
0.308902
0.554261
0.390518
0.070194
-0.233302
-0.265862
-0.444685
-0.406025
-0.307955
-0.696075
-0.749149
-1.197830
-1.054940
-1.032834
-0.527889
-0.014356
0.404526
0.416000
1.123713
1.135971
1.136023
1.035077
1.074941
0.401639
0.233064
-0.174458
-0.627235
-0.691865
-0.686630
-0.739981
-0.712521
0.049922
0.585944
0.698424
0.740634
0.777703
0.104066
0.193228
0.127493
0.155615
-0.177990
-0.223709
-1.062452
-1.638670
-1.762946
-2.024882
-1.586156
-1.204031
-0.563490
0.007659
1.201900
1.644728
1.565502
1.453222
0.808201
0.193290
-0.225671
-0.215253
0.009316
0.448032
0.522849
0.837788
1.214894
1.034463
0.459960
0.329331
-0.093161
-0.592529
-0.619547
-0.614306
-0.534342
-0.553494
-0.870206
-0.605282
-0.721647
-0.824707
-0.925303
-0.587896
-1.041542
-0.664769
-0.502272
-0.271504
0.064047
0.442140
0.622926
0.659997
0.484137
0.318980
0.079445
-0.082319
0.186878
0.728303
0.980632
1.241821
1.456242
1.096496
0.430145
0.256010
0.223995
0.441189
0.427490
0.485761
0.262832
-0.041240
-0.408215
-0.438086
-0.094002
0.149975
0.165267
0.208081
0.193037
0.077836
-0.056686
0.120382
0.277136
0.258273
0.473375
0.463760
0.332745
-0.011899
-0.136336
-0.398898
-0.696931
-0.779709
-0.876213
-1.049585
-1.462144
-1.598392
-1.767699
-1.698046
-1.176235
-0.713297
-0.313741
0.310305
0.442077
0.453090
0.630050
0.864614
0.941610
1.100535
1.098257
0.948452
0.930469
0.757468
0.594897
0.431153
0.216692
-0.105513
-0.363489
-0.392803
-0.431977
-0.366886
-0.169947
-0.179461
-0.114532
-0.097318
-0.166360
-0.137400
-0.215296
-0.092305
0.037910
0.364437
0.545750
0.865587
1.041683
1.003007
0.986558
0.763456
0.588659
0.486006
0.433465
0.217627
-0.200520
-0.581078
-0.794823
-0.974469
-0.952795
-0.682377
-0.151019
0.028442
-0.041845
0.164622
0.490016
0.539741
0.218453
0.342547
-0.091533
-0.800512
-1.223464
-1.460862
-1.353371
-1.118891
-0.588127
-0.331302
-0.081002
-0.169024
-0.235599
-0.350567
-0.418091
-0.284778
-0.340875
-0.394262
-0.155026
0.016497
0.119142
0.468478
0.866173
0.926949
0.948474
0.995896
0.977383
0.734223
0.418976
0.223740
0.358801
0.325597
0.339194
0.426253
0.309596
-0.025260
-0.405149
-0.642597
-0.538823
-0.637233
-0.693856
-0.506905
-0.093703
-0.149475
-0.104441
0.056181
-0.049992
-0.072422
-0.351331
-0.391070
-0.507282
-0.451000
-0.528032
-0.309476
-0.028442
0.152202
0.145436
-0.113192
-0.512256
-0.676097
-0.815369
-0.912315
-0.582800
-0.271475
-0.151255
-0.283332
0.186075
0.379199
0.580191
0.757157
1.025755
0.897392
0.564818
0.563142
0.440387
0.318316
0.320094
-0.012369
-0.024583
0.128845
-0.138714
-0.392863
-0.247998
-0.417063
-0.918663
-0.875539
-0.784022
-0.864367
-0.724646
-0.988679
-0.634029
-0.571861
-0.448286
-0.349310
0.358387
0.452760
0.391807
0.478720
0.233700
0.556541
0.798887
1.182208
1.380631
1.749807
1.305243
1.432694
0.977238
0.871632
0.465747
0.290678
-0.651328
-0.707121
-0.770478
-0.799088
-0.613130
-0.175414
-0.135875
-0.327325
-0.095509
0.420248
0.196901
0.078516
0.417820
0.382175
-0.215835
0.023156
0.165569
-0.112395
-0.442142
-0.394713
-0.536177
-0.342034
-0.526326
-0.567084
-0.328864
-0.157661
0.092652
0.694582
1.390536
1.691890
1.718484
1.417333
0.856387
0.365591
-0.292015
-0.557408
-0.917153
-1.103992
-1.071906
-0.990877
-0.660896
-0.363215
0.010815
0.130862
0.013765
-0.190991
-0.289126
-0.182190
0.047278
0.430274
0.926355
0.918411
0.942172
0.632163
-0.004891
-0.565400
-0.833485
-1.196728
-1.571513
-1.535318
-1.347861
-1.009042
-0.813264
-0.208767
0.584722
1.092770
1.113438
1.248604
1.054567
0.975068
0.425274
0.527938
0.567975
0.562922
0.312007
0.375374
0.367947
0.458075
0.600320
0.457005
-0.025092
-0.186871
-0.472921
-0.806644
-0.872473
-0.784231
-0.592286
-0.314639
-0.273135
-0.184406
-0.082521
-0.099803
-0.389184
-0.293343
-0.412605
-0.442977
-0.703839
-0.927936
-0.775329
-0.666883
-0.359935
-0.123027
0.368242
0.678114
0.869985
0.984994
0.904669
0.772688
0.598052
0.294410
0.148628
-0.189512
-0.253998
-0.598084
-0.636375
-0.610989
-0.041564
0.317256
0.354041
0.481619
0.486688
0.026213
-0.642881
-1.030541
-0.975644
-1.024240
-0.915146
-0.411339
-0.136479
-0.176768
-0.212506
-0.033535
-0.069855
0.021804
0.237206
0.361186
0.345838
0.217417
0.367116
0.798682
0.549581
0.754587
1.038053
1.435533
1.180381
1.762475
2.004540
1.742813
0.969877
-0.056381
-0.633022
-1.703293
-2.380089
-2.295611
-2.001469
-2.553410
