3.396753
2.369590
1.796352
0.858586
-0.371624
-1.547339
-2.435078
-3.071453
-3.944072
-4.041542
-3.860651
-3.018972
-2.106791
-0.966740
-0.307938
0.434977
0.862371
1.039905
1.040566
1.126461
1.043440
0.946864
0.716471
0.568235
0.353587
0.274203
0.034940
-0.239588
-0.308726
-0.268192
-0.346956
-0.104901
0.079685
0.380236
0.550921
0.648539
0.681207
0.630355
0.417830
0.249922
0.206936
-0.061241
-0.212577
-0.323876
-0.567650
-0.748278
-0.913916
-1.071507
-1.166066
-1.267935
-1.214526
-1.133445
-0.970416
-0.550790
0.051294
-0.086360
0.465080
0.894994
0.933640
0.982244
1.533201
1.496907
1.396739
1.414912
1.311519
1.118493
0.920621
0.723234
0.541875
0.168113
0.034359
-0.137530
-0.328733
-0.487045
-0.495413
-0.466308
-0.542684
-0.541557
-0.664059
-0.605103
-0.484199
-0.586032
-0.570417
-0.421662
-0.543264
-0.509810
-0.288103
0.128527
0.316085
0.424080
0.512865
0.615109
0.704858
0.498011
0.560871
0.422911
0.250899
0.233131
0.238379
0.404890
0.467283
0.380683
0.281689
0.147291
0.125996
-0.238890
-0.293190
-0.720018
-0.679491
-0.710490
-0.555406
-0.257669
0.004091
-0.007398
-0.102384
-0.233007
-0.209105
-0.349003
-0.360247
-0.201596
-0.099785
-0.016567
-0.038430
0.475342
0.662543
0.731342
0.812497
0.920987
0.814635
0.313614
0.264645
0.094648
0.041441
-0.039663
-0.914636
-0.459050
-0.326293
-0.332791
-0.321630
0.738557
0.467055
0.204761
0.285378
0.300829
0.048335
-0.190202
-0.151773
0.119057
0.148998
-0.041757
-0.219315
-0.299782
-0.460258
-0.789768
-0.412287
0.002853
-0.152785
-0.107782
0.014158
0.330084
0.424911
0.462339
0.583789
0.419648
-0.134105
-0.475258
-0.452093
-0.611183
-0.515410
-0.155912
-0.038736
0.318050
0.279813
0.135383
0.114321
0.053046
-0.013255
-0.180824
0.007842
0.135907
0.123188
0.154165
0.086964
0.119801
-0.088901
-0.200990
-0.163417
-0.059298
0.037534
-0.206080
-0.134774
-0.386693
-0.511862
-0.536691
-0.439151
-0.077748
0.191409
0.121798
0.318641
0.338062
0.229159
-0.017493
0.198087
0.052728
0.064607
0.078288
0.053861
0.296704
0.337542
0.353458
0.321885
0.148399
0.118864
-0.174687
-0.231621
-0.155002
-0.128911
-0.276352
-0.403951
-0.198971
-0.375496
-0.343337
-0.555325
-0.341548
-0.035916
-0.044900
0.046687
0.485548
0.375602
0.190377
0.065743
0.235507
0.094498
0.067267
0.125747
0.155465
0.330967
0.036569
0.002411
-0.075974
-0.013503
0.158503
0.273278
0.784536
0.920555
0.907595
0.579535
0.643161
0.504367
-0.795734
-1.702345
-1.502216
-1.482143
-1.618636
-0.708993
0.635293
0.742877
0.628822
0.667588
0.691331
0.488843
-0.028664
-0.010333
0.068288
0.075345
0.027818
0.031506
0.230674
0.246068
0.368212
-0.506337
-0.370271
-0.263026
-0.347693
-0.283535
0.675213
0.697815
0.605979
0.536403
0.582156
0.516372
0.499051
0.522155
0.134803
-0.200355
-0.673991
-1.058091
-1.467750
-0.879972
-0.562149
-0.220564
0.241046
0.677858
0.161512
0.154615
-0.091291
-0.036790
-0.375340
-0.286809
-0.639265
-0.335566
-0.397153
-0.360859
0.024620
0.426200
0.324365
0.333437
0.496363
0.466735
0.103686
-0.020969
-0.031882
-0.058383
-0.069673
0.178273
0.440599
0.420927
0.383424
0.318457
0.272656
0.289807
0.008095
-0.138694
-0.015781
-0.164528
-0.098612
-0.105486
-0.112173
-0.484111
-0.515681
-0.876706
-0.412952
-0.001533
0.065515
0.129643
0.134547
-0.337060
-0.252886
-0.284513
0.196995
0.711113
1.349586
0.921299
0.928535
0.462784
0.062784
-0.355360
-0.431567
-0.413854
-0.483642
-0.438631
0.170410
0.190086
0.218936
0.246165
0.115321
-0.540548
-0.469707
-0.454258
-0.446523
-0.413751
-0.635648
-0.568406
-0.766478
-0.937605
-1.056706
-1.031770
-1.063457
-0.929045
-0.713878
-0.576304
-0.461762
-0.520661
-0.429062
-0.336067
0.555632
1.460751
1.481225
2.333803
2.104950
0.993438
0.180842
0.283143
-0.760465
-0.606975
-0.498434
-0.528542
-0.764507
-0.735700
-0.705347
-0.765697
-0.857792
-0.954100
-0.606450
-0.469040
-0.429284
-0.354230
-0.246208
-0.346283
-0.437777
-0.186367
0.026326
0.385256
0.743443
0.600683
1.013145
1.352513
0.984635
0.251076
-0.025204
-0.685607
-1.244257
-1.037960
-0.641912
-0.290648
0.043892
0.234754
0.213366
0.140848
0.412073
0.441858
0.125053
0.163438
-0.001455
-0.349118
-0.562011
-0.635850
-0.527368
-0.316707
-0.175473
-0.141908
0.257801
0.340152
0.076429
0.282000
0.193193
0.080183
-0.250756
-0.118597
-0.167995
-0.252122
-0.422468
-0.491293
-0.721259
-1.131815
-1.128106
-0.913889
-0.877309
-0.675339
-0.449865
-0.085115
0.417132
0.663997
1.424002
2.038526
1.790019
1.278378
1.277265
0.869525
0.357690
0.512438
0.531298
0.129249
0.044841
-0.334576
-0.302186
-0.301928
-0.375670
-0.726578
-0.702809
-0.760481
-0.822499
-0.429325
-0.021103
0.228705
0.192261
-0.109776
-0.014468
-0.128120
-0.236298
-0.067828
0.099934
0.281596
0.022965
-0.017340
-0.066171
0.170187
0.220768
0.243849
0.439756
0.394862
0.106562
0.004654
0.220480
0.371518
0.151210
0.271814
0.239069
0.155198
0.253225
0.532370
0.781141
0.869173
0.721468
0.513897
-0.032762
-0.307103
-1.066702
-1.362120
-1.458513
-1.396794
-1.380232
-0.976835
-0.534339
-0.522464
-0.271778
-0.242611
-0.350162
-0.193044
-0.213883
-0.169802
0.197221
0.158463
0.279029
0.181688
0.191230
-0.073868
0.643492
0.292404
0.548025
0.892658
0.582352
-0.175325
0.142115
-0.202700
-0.503466
-0.422419
-0.130091
-0.323229
-0.384640
-0.636775
-0.084391
-0.115473
-0.174527
0.084949
0.184121
-0.361737
-0.396706
-0.022601
0.073654
0.268320
0.712650
0.699025
0.180651
0.011531
0.271077
0.262347
0.253804
0.417396
0.637391
0.499149
0.397292
0.636643
0.557240
0.383126
0.495013
0.184416
-0.181043
-0.294759
-0.333612
-0.404299
-0.267542
-0.252380
-0.146509
-0.092369
-0.339846
-0.315689
0.115020
0.256412
0.650615
1.030022
0.983693
0.520837
0.329515
-0.190661
-0.678321
-0.829031
-0.408893
-0.417562
-0.479929
-0.605157
-0.476714
-0.716157
-0.695066
-0.283651
-0.063680
-0.269811
-0.230746
-0.038019
0.045049
-0.033427
0.088148
0.170364
0.452349
0.468898
0.474879
0.840442
0.699472
0.669569
0.341503
0.446518
-0.144946
-0.190530
-0.234335
-0.377883
-0.505146
-0.249472
-0.183260
-0.547067
-0.345470
0.127503
0.185081
0.176795
0.538699
0.499392
-0.099906
-0.204560
-0.010300
-0.151458
-0.166076
0.361129
0.369001
0.655694
0.343700
0.234868
0.034736
-0.121443
-0.516412
-0.463371
-0.216167
-0.144354
0.022417
0.058633
-0.015984
0.101009
-0.252327
-0.353342
-0.101549
-0.036388
-0.172242
-0.074549
0.361047
0.222725
0.255681
0.396919
0.494735
0.409513
0.054213
0.014152
-0.354638
-0.501224
-0.495765
-0.307554
0.060451
0.428284
0.525214
0.524751
0.425137
0.446180
0.061701
0.008560
-0.167225
-0.238760
-0.616816
-0.594056
-0.385846
-0.261105
-0.280630
-0.062348
-0.047270
0.059169
-0.082027
-0.005821
0.120568
0.121279
0.017932
-0.002610
0.327598
0.379242
0.301767
0.439195
0.330899
0.110354
-0.362812
-0.373647
-0.572625
-0.578202
-0.525578
-0.482110
-0.231013
-0.218681
-0.090934
0.220971
0.261199
0.613652
0.630340
0.705046
0.473536
0.530688
0.233099
0.039119
0.165995
0.187258
0.119226
0.132951
0.078688
0.457448
0.070772
-0.008492
-0.125139
-0.270103
-0.712207
-0.610203
-0.342246
-0.300189
0.001969
0.103876
0.068103
0.053644
-0.143653
-0.334354
-0.263925
-0.248232
0.184454
0.250638
0.582368
0.409040
0.519147
0.128262
0.090194
0.055039
-0.264058
-0.431066
-0.523457
-0.627298
-0.351199
-0.344601
-0.135285
-0.085921
-0.031035
-0.333344
-0.167056
-0.049549
-0.196136
-0.116709
0.024952
-0.060957
-0.152635
-0.211604
0.185512
0.296024
0.191436
0.310596
0.315298
0.404258
-0.036457
0.084941
-0.032762
0.009163
-0.146322
0.381144
0.610154
0.682013
0.589848
0.687038
0.168791
0.091362
-0.070180
0.118638
-0.147759
-0.226212
-0.254012
-0.364171
-0.234562
-0.191718
-0.078474
-0.151146
-0.259224
-0.044705
-0.499494
-0.780666
-0.740284
-0.734446
-0.998235
-0.716098
-0.267635
-0.152600
-0.045056
0.246277
0.624952
0.572229
0.844266
1.312966
1.231356
0.764845
1.220387
0.595393
0.286965
0.001076
-0.230974
-0.740340
-0.599022
-0.675583
-1.067135
-1.069624
-1.220109
-0.656082
-0.067412
0.329439
0.796737
1.113674
0.658154
0.255095
0.092093
0.127225
-0.110431
-0.130084
-0.142696
0.386419
0.128384
0.683493
0.814792
0.779680
0.770889
0.786821
-0.139413
-0.212845
-0.469709
-0.923771
-0.710741
-0.542249
-0.369614
-0.278756
-0.124995
-0.190795
-0.114420
0.204043
0.017022
0.004489
-0.256638
-0.248926
-0.834830
-0.968244
-1.037767
-0.559459
-0.320471
-0.196585
0.567619
0.645404
0.643346
0.795036
1.039868
0.934630
0.871947
0.440546
0.208435
-0.283265
-0.568164
-0.567122
-0.543349
-0.497635
-0.488977
-0.551372
-0.320024
-0.415341
-0.182859
0.202648
0.278996
-0.107922
0.211842
0.050148
-0.311687
-0.380646
-0.372546
-0.434996
-0.260286
0.074290
-0.101224
0.219690
0.299562
0.237756
0.134772
0.491818
0.588577
0.451900
0.490273
0.309890
0.425446
0.353004
0.418779
0.445779
0.401894
0.277387
0.018540
-0.069863
-0.292770
-0.074732
-0.160438
-0.339354
-0.106749
0.065564
-0.303939
-0.766560
-0.658937
-0.569010
-0.872061
-0.696197
-0.204200
0.026640
0.012869
0.349091
0.728549
0.951477
0.833484
0.942661
0.629094
0.693308
0.305380
0.213596
-0.034397
-0.203479
-0.434403
-0.292490
-0.077761
-0.084717
-0.020290
-0.021774
-0.292272
-0.296386
-0.612896
-0.626739
-0.533926
-0.382328
-0.352469
-0.442860
-0.092028
-0.145898
-0.188359
-0.184902
-0.066337
0.037801
-0.181532
-0.130783
0.164989
0.378991
0.497448
0.642331
0.951027
0.683354
0.597769
0.478063
0.497099
0.436391
0.083372
-0.044096
-0.164294
-0.618888
-0.706337
-0.758451
-0.473290
-0.470935
-0.300231
-0.341205
-0.243034
-0.113201
-0.176202
0.052050
0.183805
0.187080
0.166941
0.009938
0.188622
0.204765
0.068065
0.008742
-0.016771
0.017490
-0.222281
-0.015457
0.060005
0.404672
0.381986
0.477707
0.667760
0.562995
0.208422
0.182287
-0.052876
-0.042862
-0.201146
-0.186764
-0.189450
-0.191363
-0.231774
-0.107364
0.174886
0.150092
0.049950
0.132839
-0.191678
-0.220066
-0.549455
-0.467615
-0.421326
-0.349319
-0.358001
0.023142
0.347965
0.254548
0.435202
0.432036
0.280678
0.313567
-0.076306
-0.359932
-0.321663
-0.528984
-0.501003
-0.348705
0.177503
0.253231
0.099136
-0.024537
-0.020848
-0.199557
-0.335772
0.075461
0.107000
-0.038303
0.040623
-0.359343
-0.357720
-0.337863
-0.296036
-0.373365
0.209770
0.334332
0.356844
0.635400
0.664625
-0.155796
-0.221859
-0.273312
-0.276845
-0.305009
0.417259
0.439221
0.664042
0.345853
0.010747
-0.454131
-0.809975
-0.689373
-0.462263
-0.153618
0.243664
0.523472
0.077843
-0.270821
-0.400546
-0.638740
-0.389498
0.038859
0.309675
0.276770
0.210612
-0.452226
-1.008704
-1.068967
-1.077524
-1.215384
-0.747729
-0.385245
-0.043585
0.209784
0.563637
0.503924
0.300471
0.144894
0.011872
-0.067735
0.048557
-0.112946
0.313672
0.213967
0.661731
0.899136
1.423122
1.490626
2.004784
1.910969
1.866767
1.886273
1.535318
1.470254
1.288213
0.881501
0.407394
0.154847
-0.200621
-0.256997
-0.429136
-0.693746
-0.587908
-0.554616
-0.506311
-0.486452
0.086649
0.102330
0.226850
0.283986
0.506372
0.476781
0.492443
0.383427
0.345776
0.465581
0.392950
-0.222505
-0.126803
-0.324471
-0.379858
-0.339289
0.131724
-0.117962
-0.734303
-0.880701
-1.368735
-1.573480
-1.294106
-0.929680
-0.745617
-0.426049
0.216912
0.429108
0.821678
0.560280
0.878383
0.854770
0.798944
1.031749
0.998574
0.639879
0.666385
0.328429
0.433092
1.046945
0.909833
0.604583
0.404695
-0.305174
-1.083137
-1.188826
-1.346382
-1.398985
-1.411435
-1.431244
-1.254087
-1.220176
-1.154496
-0.905290
-0.697031
-0.604680
-0.394900
-0.061013
0.133504
0.202985
0.332130
0.190774
0.070509
-0.062344
-0.140110
-0.409096
-0.426959
-0.200229
-0.139157
0.093466
0.435076
0.484496
0.694042
0.668713
0.590560
0.581198
0.869152
0.821372
0.932549
1.208088
0.977847
0.740410
0.726452
0.874731
0.899151
0.543164
0.137106
-0.434975
-1.208141
-1.770551
-2.102327
-2.096826
-2.159970
-1.959765
-1.830609
-0.991734
-0.588823
-0.200195
0.274191
0.550366
0.306299
0.282748
0.270566
0.225338
0.031242
0.251579
0.339026
-0.013553
-0.207236
-0.302634
-0.381117
-0.463026
-0.452456
-0.739129
-0.770539
-0.785060
-0.894140
-0.710360
-0.391984
-0.159994
-0.051032
0.229955
0.552032
0.966654
0.779543
1.123394
1.108941
1.041938
0.902795
1.326488
1.562794
1.070656
0.501375
0.127458
-0.159486
-0.697889
-0.636342
-0.366328
-0.501250
-0.731413
-0.876623
-0.630640
-0.521399
-0.259785
-0.288796
-0.635855
-1.067631
-1.417211
-1.556416
-1.251447
-0.906654
-0.243117
-0.080049
-0.094535
-0.344842
-0.300346
-0.485227
-0.208276
0.086451
0.420584
0.527140
0.748758
0.626035
0.694868
0.404346
0.207811
0.142345
0.096256
-0.138809
-0.009067
0.325037
0.398899
0.482558
0.616387
0.972322
0.795416
0.629185
0.770132
0.730984
0.486785
0.618310
0.687286
0.727328
0.894256
0.137434
-0.115600
-0.869611
-1.505931
-2.151474
-1.852433
-2.081331
-1.879029
-1.687294
-1.270378
-0.837837
-0.446880
-0.253892
0.335353
0.263410
0.407289
0.205292
0.360410
0.328973
0.262922
-0.070306
-0.096654
-0.114103
-0.441516
-0.184473
-0.180655
0.126744
0.386941
0.714472
0.924740
1.491362
1.238946
0.932149
0.834226
0.549928
0.175785
-0.114664
-0.190249
-0.733198
-1.116382
-1.509770
-1.377513
-1.137791
-1.013137
-0.858072
-0.576727
-0.448935
-0.568636
-0.729649
-0.336767
-0.439914
-0.396873
-0.366695
0.014261
-0.227612
-0.248633
-0.370899
-0.518947
-0.685477
-0.779860
-0.944027
-0.830885
-0.773102
-0.594925
-0.467686
-0.120546
0.173038
0.450152
0.691666
0.729677
1.155570
1.468490
1.480422
1.527344
1.308644
0.879311
0.333633
0.240686
-0.051339
0.179117
0.185319
0.289104
-0.179284
-0.475848
-0.741306
-1.145634
-1.364479
-1.119830
-1.049334
-0.961842
0.077732
-0.201544
-0.327479
-0.506039
-0.551580
-1.325261
-0.973445
-0.876874
-0.997557
-0.858003
-0.831652
-0.760676
-0.446949
0.083580
0.078943
0.085212
0.104382
0.069895
-0.230486
0.049289
-0.145729
0.119922
0.042450
0.413894
0.345780
-0.014372
-0.157842
-0.993050
-0.972092
-0.953503
-0.623119
-0.756110
0.191056
0.440362
0.176471
0.521720
0.781959
0.609248
0.635318
0.791600
0.521107
0.134764
-0.040338
-0.397090
-0.540367
-0.158144
-0.423045
-0.535518
-0.613650
-0.509046
-1.019141
-0.739296
-0.454052
-0.350965
-0.632316
-0.513296
-0.637545
-0.614824
-0.781140
-0.605961
-0.355754
-0.477533
-0.465927
-0.570386
-0.448739
-0.303051
-0.174618
-0.060150
0.145325
0.082592
-0.343275
-0.357527
-0.360642
-0.423860
-0.194888
0.016919
-0.116829
-0.507605
-0.766319
-0.978946
-0.958991
-0.457436
-0.191878
0.188896
0.500592
0.633271
0.764085
0.914792
1.058194
0.940349
0.989661
0.889463
0.958339
1.002371
0.546197
0.137644
-0.361219
-0.748334
-0.835297
-0.769167
-0.663673
-0.415828
-0.588372
-0.932474
-0.967101
-0.774451
-0.803003
-0.493196
-0.356046
-0.297284
-0.243619
-0.291658
-0.364378
-0.332186
-0.085282
0.213120
0.350145
0.484531
0.320874
0.059599
-0.213511
-0.346866
-0.377531
-0.354178
-0.267457
-0.411227
-0.663046
-0.612745
-0.671996
-0.450266
-0.662382
-0.407298
-0.421868
0.018815
0.054685
0.300250
0.775310
1.179608
1.118254
1.447199
1.407014
1.118428
0.388140
-0.052626
-0.705969
-0.839786
-0.968842
-0.954425
-0.975034
-1.080868
-0.998832
-0.954893
-0.660140
-0.398469
-0.405457
-0.554530
-0.614581
-0.738159
-0.803795
-0.678889
-0.629943
-0.667553
-0.815683
-0.566167
-0.534116
-0.397375
-0.178821
0.197792
0.208602
0.474489
0.882538
0.772204
1.190358
1.577959
1.588612
1.400757
1.443813
1.286682
0.351762
-0.181368
-0.399785
-0.759333
-1.077347
-0.814058
-0.518168
-0.442891
-0.399456
-0.376818
-0.469598
-0.703219
-1.111839
-1.153669
-1.331731
-1.382290
-1.102322
-0.999918
-0.904576
-1.025565
-0.899111
-0.989966
-0.869229
-0.377316
-0.262719
-0.191555
-0.095441
-0.081659
-0.466680
-0.527311
-0.176613
0.075770
0.111030
0.473896
0.431958
0.018643
-0.361444
-0.400343
-0.385495
-0.339391
-0.346148
-0.388355
-0.302134
-0.586765
-0.521697
-0.010151
0.048659
0.071720
0.091590
0.167729
-0.059372
0.050023
0.432014
0.451371
0.539901
0.850580
0.747396
0.391143
0.252637
0.399123
-0.168021
-0.198171
0.023110
-0.109084
-0.503164
-0.538642
-0.317129
-0.451975
-0.483914
-0.236811
-0.337965
-0.263918
-0.573216
-0.521682
-0.478344
-0.314732
-0.193172
-0.085669
0.400553
0.532069
0.500266
0.458186
0.478492
0.397589
0.101333
0.188354
0.174005
0.151111
0.170717
0.005535
0.143826
0.028162
0.029226
-0.185365
-0.072542
-0.012637
-0.276011
-0.295470
-0.060824
-0.162368
-0.272851
-0.386897
-0.109646
-0.144134
-0.180576
-0.095891
-0.005257
-0.298714
-0.564068
-0.441686
-0.370576
-0.210514
0.193395
0.271448
0.578667
0.578858
0.480254
0.391885
0.334780
0.383217
0.136372
0.225237
0.012998
-0.072387
-0.162621
-0.261210
-0.087960
0.110710
0.142607
0.089073
0.102173
0.059193
-0.291537
-0.381687
-0.414411
-0.495428
-0.690157
-0.654162
-0.212823
-0.054873
0.081920
0.414637
0.463812
0.526055
0.348727
0.427142
0.431195
0.446199
0.378577
0.242789
0.111332
-0.241505
-0.245162
-0.249108
-0.295398
0.005328
-0.022710
-0.049214
-0.115567
-0.195547
-0.326053
-0.415124
-0.179685
-0.163492
-0.161157
-0.276575
-0.133816
-0.045517
-0.304624
-0.233767
-0.041964
-0.027740
-0.069035
-0.059180
0.290898
0.380698
0.271759
0.300000
0.301804
0.320465
0.020022
0.086643
0.108260
0.096059
0.037892
-0.026563
0.244855
0.206370
0.217282
0.200663
0.255746
0.243494
-0.127224
-0.278796
-0.262750
-0.337747
-0.377966
-0.281382
0.096619
0.043674
0.073820
0.071668
0.060052
0.118667
-0.042128
0.023583
0.018567
0.003962
0.037419
0.022396
0.289219
0.386013
0.412121
0.386895
0.298176
0.174623
-0.204956
-0.278094
-0.344951
-0.359892
-0.365577
-0.361708
-0.065673
-0.089473
-0.147750
-0.131616
-0.133303
-0.142962
-0.427702
-0.393785
-0.215618
-0.188620
-0.137435
-0.073487
0.322850
0.262053
0.317505
0.185704
0.204225
0.241217
-0.045653
-0.040861
0.232275
0.263531
0.180322
0.155350
0.322374
0.120673
-0.008779
-0.056752
-0.141463
-0.092464
-0.318779
-0.265243
-0.295817
-0.277448
-0.252724
-0.310424
-0.013049
0.090041
0.169050
0.213243
0.351865
0.411613
0.112068
0.101833
0.149770
0.099304
0.071976
0.048798
0.339152
0.271203
0.202671
0.090101
0.020998
-0.076424
-0.397889
-0.355664
-0.325032
-0.289113
-0.229619
-0.301352
-0.077599
-0.092794
-0.049098
-0.015728
0.089813
0.170031
-0.062097
-0.068020
-0.045020
-0.006443
0.064612
0.091878
0.369905
0.321916
0.217693
0.159562
0.179854
0.232673
0.081286
0.217040
0.260060
0.283499
0.237412
0.041064
0.114591
-0.071500
-0.240690
-0.260591
-0.252784
-0.160041
-0.461448
-0.494449
-0.554007
-0.579943
-0.550567
-0.482811
-0.002309
0.121763
0.144578
0.113936
0.163921
0.175798
-0.032742
0.094572
0.129164
0.144293
0.068677
-0.018857
0.227354
0.253016
0.317916
0.374385
0.377090
0.392953
0.135647
0.109622
0.109422
0.136501
0.110060
0.094956
0.270056
0.185557
0.058732
-0.096806
-0.249771
-0.312853
-0.697354
-0.801630
-0.798585
-0.716179
-0.624918
-0.494117
-0.029125
0.141224
0.237328
0.366467
0.443365
0.445010
0.212578
0.206143
0.156297
0.172556
0.220016
0.215567
0.432673
0.401437
0.307913
0.221198
0.118092
0.058959
-0.327354
-0.400131
-0.387682
-0.450098
-0.458711
-0.390344
-0.082157
-0.123155
-0.117296
-0.040810
-0.118075
-0.028466
-0.179037
-0.035030
0.076429
0.299820
0.525418
0.554858
0.926560
0.949238
0.858951
0.590538
0.732660
0.576564
0.021092
-0.187141
-0.253140
-0.721708
-0.822569
-0.857682
-0.491230
-0.476181
-0.290796
-0.257127
-0.213612
-0.277199
-0.286487
-0.063484
-0.078573
-0.096316
-0.002088
-0.283108
-0.185671
-0.111323
-0.016749
0.099851
0.206511
0.336088
0.056739
0.089675
0.140304
0.113808
0.103094
0.112633
0.411019
0.342836
0.311498
0.249855
0.156075
0.106296
0.058323
0.020394
-0.073772
0.185428
0.120716
-0.289540
-0.063745
-0.138923
-0.153697
-0.159880
-0.240668
-0.149050
-0.457754
-0.775997
-0.701629
-0.233182
-0.243261
-0.116130
0.380639
0.458430
0.200314
0.320361
0.266619
0.292289
-0.109728
-0.152686
-0.193527
-0.173795
-0.304987
0.170827
0.429045
0.310789
0.537898
0.486212
0.300095
0.346058
-0.012997
-0.370687
-0.277113
-0.195936
-0.179605
-0.256555
0.137590
0.078780
-0.487136
-0.544216
-0.095811
-0.035971
-0.497780
-0.483760
-0.217415
-0.002522
0.030502
0.023524
0.614757
0.416345
0.251265
0.086023
0.540878
0.449232
0.417349
0.318737
0.385187
0.443619
0.522955
-0.127909
-0.236193
-0.408570
-0.487752
-0.789952
-0.352432
-0.403528
-0.400457
-0.499374
-0.419731
-0.339521
-0.154963
0.130530
0.409733
0.724253
0.456543
0.779755
0.825565
0.755139
0.704093
1.185885
0.976611
0.918934
0.918855
0.805063
0.236213
-0.298047
-0.767492
-0.840895
-1.276132
-1.204316
-1.159734
-0.777577
-0.777911
-0.312600
-0.005831
0.341454
0.282447
0.247759
-0.084531
0.012569
0.137365
0.244241
0.359168
0.749445
0.856615
0.547774
0.219198
-0.176968
-0.485365
-0.828165
-0.529517
-0.187279
0.241733
0.522355
0.672457
0.527019
0.448315
0.252007
-0.211796
-0.637406
-0.999942
-1.397431
-1.745181
-1.384551
-0.909639
-0.479677
-0.053783
0.440122
0.594893
0.733534
1.086451
1.370810
1.442046
1.426926
1.413702
1.158374
0.931082
0.835400
0.733705
0.570086
0.484794
0.299763
0.164875
-0.680573
-0.761730
-0.880171
-0.817075
-0.862855
-0.068020
-0.138093
-0.029571
0.016958
0.080421
0.156434
0.309123
0.470369
0.557605
0.242916
0.492933
0.924684
1.007158
0.696298
0.761454
0.084774
-0.542423
-1.090483
-0.624899
-0.717590
-0.648378
-0.729960
-0.797883
-1.256112
-1.156525
-1.144198
-0.660773
-0.115565
-0.002244
0.268002
0.526489
0.204681
-0.038605
0.012397
-0.006692
0.041088
0.141070
0.113909
0.136431
0.183384
0.117229
-0.003229
-0.201015
0.098989
0.503305
0.961947
0.830843
0.794618
0.092210
-0.644978
-1.459705
-1.608780
-1.499147
-1.415739
-1.242417
-0.970985
-0.494082
-0.276108
0.060208
0.332436
0.499239
0.659968
0.753162
0.867685
0.902534
0.885648
0.782412
0.723501
0.693939
0.673325
0.579685
0.431853
0.090871
-0.079304
-0.460998
-0.580905
-0.673472
-0.791593
-0.638431
-0.611537
-0.589797
-0.543776
-0.392858
-0.546786
-0.564383
-0.493628
-0.625444
-0.601672
-0.561428
-0.642169
-0.638076
-0.564280
-0.284176
-0.177099
0.098164
0.282074
0.437711
0.499948
0.408847
0.411821
0.876844
0.806456
0.614399
0.687258
1.172744
1.024852
0.889994
1.372386
0.982180
0.336535
-0.419982
-0.533513
-1.249567
-1.260792
-1.186649
-1.168880
-1.313389
-0.843740
-0.844648
-0.849466
-0.718808
-0.291190
-0.512010
-0.271115
-0.037071
0.101579
0.191492
0.378196
0.542954
0.528768
0.533891
0.508459
0.380229
0.423516
0.586860
0.885962
0.879959
0.811864
0.642226
0.274578
0.087643
0.180062
0.198712
0.780588
0.609803
0.262433
-0.308700
-0.713511
-1.530251
-1.759915
-1.937369
-1.807531
-1.541649
-1.356087
-0.852127
-0.294108
-0.002222
0.396919
0.360826
0.307141
0.972146
0.933725
0.759096
0.919268
1.120374
0.437226
0.495254
0.454066
0.244422
-0.011145
-0.141589
-0.196242
0.103268
0.003506
-0.157776
-0.464881
-0.467504
-0.760406
-0.553061
-0.109010
-0.094256
0.064278
-0.134487
-0.258363
-0.722691
-0.588452
-0.409968
-0.408681
-0.326737
-0.138280
-0.168033
-0.222482
-0.236945
0.120615
0.132244
0.268507
0.070753
0.178917
-0.096643
-0.078576
0.329025
0.684809
0.657802
0.972932
1.020234
1.050704
0.478201
0.404749
0.283058
0.101756
-0.047652
-0.159703
-0.148797
-0.430079
-0.421754
-0.741291
-0.630340
-0.529041
-0.576234
-0.540933
-0.506821
-0.507840
-0.544036
-0.516402
-0.119499
0.216096
0.363181
0.596556
0.673540
0.447872
0.067821
-0.006578
0.035751
-0.090708
0.118414
0.006389
0.178940
0.067008
-0.057910
-0.237508
-0.401228
-0.746199
-1.168524
-1.239016
-1.151907
-0.901029
-0.311717
-0.048912
0.649025
0.867688
0.996258
1.047586
1.092562
1.020201
0.716251
0.753594
0.473598
0.455175
0.157039
0.034407
-0.087825
-0.248883
-0.344789
-0.127683
-0.302428
-0.152263
-0.360702
-0.427327
-0.479154
-0.437468
-0.611732
-0.519312
-0.168625
-0.163979
-0.161516
0.050810
0.072739
0.174195
-0.027612
0.087650
0.244005
0.319775
0.382701
0.324553
0.357825
0.077961
0.020034
-0.119144
-0.197965
0.014063
-0.036851
0.002553
0.056691
0.111782
0.111372
0.033018
0.285687
0.238868
0.194053
0.238392
0.213072
0.100536
-0.324605
-0.417015
-0.577862
-0.578567
-0.430415
-0.312194
0.086111
0.155492
0.186247
0.111820
0.136446
0.239429
0.044736
0.097505
0.198512
0.209023
0.184205
0.116669
0.397656
0.337178
0.292376
0.219966
0.212346
0.197690
-0.083730
-0.073712
-0.377852
-0.477712
-0.606011
-0.673225
-0.529703
-0.287217
-0.214743
-0.162283
-0.143411
-0.012192
-0.192425
-0.125121
-0.017520
0.074628
0.148098
0.151361
0.471936
0.517789
0.465274
0.419088
0.437726
0.372754
-0.031722
-0.081626
0.076487
0.126902
0.103565
0.125226
0.251317
0.139895
0.049730
0.051910
0.016207
0.165464
-0.313119
-0.453456
-0.568959
-0.661762
-0.770012
-0.751587
-0.342067
-0.170838
-0.009226
-0.043393
0.124609
0.178410
-0.161106
-0.242638
-0.029292
-0.089167
-0.057833
0.025307
0.392091
0.386050
0.442377
0.422339
0.491825
0.540116
0.348198
0.362195
0.423893
0.311121
0.146472
-0.016607
0.124492
-0.098761
-0.186440
-0.197703
-0.236775
-0.240390
-0.502886
-0.515106
-0.529288
-0.497153
-0.380442
-0.336592
-0.005398
0.060875
0.057116
0.015719
0.032102
0.051077
-0.125509
-0.002686
0.021001
0.044294
0.121166
0.034609
0.233105
0.194010
0.188252
0.156297
0.193538
0.266978
0.053568
0.106991
0.132777
0.052935
-0.005893
-0.075199
0.107082
-0.027129
-0.129700
-0.278840
-0.436611
-0.420558
-0.717402
-0.649650
-0.520212
-0.368650
-0.245871
-0.049941
0.374154
0.450779
0.536469
0.535061
0.472725
0.567971
0.368833
0.430627
0.453078
0.502736
0.370966
0.244274
0.365359
0.217781
0.104439
0.021430
0.003766
0.018798
-0.295528
-0.355464
-0.353393
-0.426933
-0.451125
-0.534841
-0.295085
-0.351555
-0.323668
-0.303109
-0.230624
-0.119551
-0.288226
-0.267520
-0.209037
-0.054723
0.065209
0.140900
0.487269
0.495708
0.428027
0.343114
0.282670
0.347436
0.069234
0.110830
0.073276
0.038583
-0.056360
-0.172044
0.051919
0.092068
0.112777
0.013006
0.065707
0.046103
-0.332394
-0.378676
-0.319823
-0.276865
-0.297445
-0.264092
-0.026987
-0.064620
-0.172657
-0.113675
-0.108016
-0.020004
-0.180654
-0.076080
-0.086597
0.003037
0.080679
0.076940
0.384628
0.439619
0.370664
0.340640
0.339552
0.297954
-0.020669
0.007305
0.013217
-0.029501
-0.005548
-0.091527
0.098426
-0.005501
-0.077235
-0.249844
-0.289726
-0.315724
-0.576726
-0.529102
-0.395974
-0.274373
-0.184538
-0.057937
0.310001
0.388526
0.471902
0.511498
0.488949
0.444596
0.138428
0.082834
0.092220
-0.027164
0.011522
0.036089
0.276452
0.231881
0.288477
0.188258
0.148199
0.097118
-0.303447
-0.431473
-0.480425
-0.641084
-0.617805
-0.564289
-0.161857
-0.056940
0.133922
0.183062
0.284464
0.284851
0.059688
0.038904
0.062669
0.096492
0.163829
0.134292
0.481201
0.551369
0.531808
0.440074
0.400870
0.294453
-0.144357
-0.255619
-0.252662
-0.334166
-0.447416
-0.499963
-0.272018
-0.357381
-0.348320
-0.200342
-0.142993
-0.041245
-0.164324
-0.058469
-0.076452
0.011682
0.082496
0.112788
0.429520
0.452028
0.470716
0.453191
0.428876
0.396959
0.103639
0.083326
0.031245
-0.062452
-0.128874
-0.200073
0.015605
0.027351
0.016199
0.042033
0.035983
-0.040194
-0.340245
-0.356679
-0.422237
-0.470531
-0.383688
-0.419868
-0.155377
-0.127746
-0.068621
-0.151832
-0.151794
-0.060166
-0.252881
-0.169388
-0.055764
0.074146
0.179689
0.223733
0.533856
0.607251
0.848222
0.712844
0.590521
0.397289
0.010053
-0.319975
-0.372835
-0.409354
-0.371342
-0.190613
0.001143
-0.029606
-0.069836
-0.165329
-0.433881
-0.449294
-0.683232
-0.622829
-0.507980
-0.450245
-0.336623
-0.026109
0.367767
0.497360
0.855530
0.937037
1.000873
0.995436
0.624161
0.290667
0.198140
-0.124684
-0.279359
-0.280340
-0.092486
-0.161483
-0.194491
-0.164639
-0.188110
-0.145191
-0.114397
0.141658
0.101406
0.073386
0.024150
-0.302733
-0.312134
-0.284997
-0.283325
-0.248719
-0.199096
-0.147176
-0.439469
-0.429717
-0.315076
-0.301439
-0.255588
-0.144742
0.216978
0.206308
0.609309
0.652749
0.586358
0.618659
0.338006
-0.000589
-0.038579
0.231324
0.178428
0.381692
0.517159
0.372841
0.312997
0.209170
-0.149476
-0.163383
-0.483877
-0.784241
-0.793093
-0.873745
-0.865516
-0.805602
-0.476917
-0.432310
0.079016
0.200836
0.236942
0.430265
0.618746
0.717077
0.907677
0.911601
0.828813
0.385862
0.308810
0.106946
0.025586
-0.058607
-0.201043
-0.339331
-0.428941
-0.118109
-0.167114
0.177280
0.112502
0.081714
0.061791
0.050802
0.063197
0.202438
0.261482
0.439433
0.594635
0.737422
0.788853
0.357604
0.254325
-0.194712
-0.171086
-0.113830
-0.063963
0.052843
0.156471
0.312761
0.291411
0.238724
0.076623
-0.181751
-0.537880
-1.230251
-0.975855
-1.096349
-1.162722
-1.180172
-0.696745
-0.635213
-0.529644
-0.076209
-0.131930
0.008118
0.250693
0.352724
0.628258
0.956002
0.969898
0.945880
0.971098
1.123372
1.163101
1.276594
1.170829
0.056184
-0.247210
-0.301898
-0.468771
-0.494737
0.533194
0.575685
-0.571633
-1.039600
-1.218217
-1.390440
-1.574376
-0.613805
-0.353509
-0.148978
-0.104575
-0.090392
0.072450
0.190146
0.234923
0.390734
0.513369
0.286731
0.645575
0.681026
0.771228
0.999988
1.331329
1.285593
0.242806
0.229416
0.292056
0.227355
-0.075143
0.934620
0.877150
0.682062
0.411408
0.404544
0.081222
-0.191859
-1.340379
-1.471144
-1.484923
-1.201576
-1.192195
-0.438586
-0.307066
-0.463268
-0.505901
-0.262905
0.048661
0.253107
0.858757
1.404684
2.098001
2.129968
1.903547
1.386034
0.552939
-0.394746
-0.502532
-0.804070
-1.111402
-1.219248
-0.841654
-0.702556
-0.403662
-0.851959
-0.565340
-0.768228
-0.966568
-0.851899
-0.178742
-0.198942
-0.281126
-0.186770
-0.300029
-0.044256
-0.217413
-0.244903
0.181754
0.737294
0.739328
0.081297
0.764967
0.816281
0.230921
0.040806
1.054390
0.427579
0.044070
0.495303
1.042382
1.421349
1.404584
1.500165
1.065893
0.513123
-0.246401
-0.455310
-0.932797
-0.973985
-1.154748
-0.968240
-0.795584
-0.703503
-0.901614
-0.714291
-0.636945
-0.385568
-0.139139
0.296044
0.419066
0.466493
0.477264
0.520660
0.439442
0.490867
0.689328
0.636587
0.806357
0.983987
1.068468
1.034011
1.046563
0.815823
0.497898
0.246311
0.038718
-0.146150
-0.435946
-0.761094
-0.896283
-1.417881
-1.562209
-1.462120
-1.201708
-1.059267
-0.523177
-0.363640
-0.032237
0.336362
0.592093
1.021254
1.322544
1.566576
1.728747
2.017863
0.706003
0.611054
-0.886201
-1.165239
-1.543989
-0.493008
-0.569241
0.555763
0.575056
0.464038
0.416613
0.343987
0.177889
0.157902
0.040478
0.035611
0.043561
0.134309
-0.422008
-0.288991
-0.904400
-1.079960
-1.379850
-1.176540
-1.120442
-0.875793
-0.734085
-0.099198
0.358731
0.467477
0.802064
1.191649
0.842249
0.814003
0.644568
0.646367
0.545315
0.451804
0.359167
0.297556
0.406855
0.285574
0.477516
0.408328
0.893134
0.730616
0.444185
0.235148
0.223004
-0.689180
-1.093332
-1.177857
-1.389937
-1.668719
-1.027360
-0.460819
-0.084008
0.420326
0.680808
0.466050
0.459422
0.509606
0.551659
0.724302
0.644575
0.346628
0.041170
-0.313571
-0.589843
-0.588828
-0.378279
-0.174260
0.198145
0.413389
0.703602
0.425979
0.027141
-0.455429
-0.483162
-0.447898
-0.395591
-0.364182
-0.181798
-0.298794
-0.251922
0.099143
0.243559
0.214544
0.067334
0.119315
-0.074279
0.056958
0.179986
0.232860
-0.143648
-0.215854
-0.383419
-0.406513
-0.337993
-0.228202
-0.205935
-0.078597
0.151186
0.082878
0.270141
0.162686
0.299347
0.176119
0.150811
0.018683
-0.102671
-0.051341
-0.320359
-0.312421
-0.211643
-0.022126
-0.021554
-0.101242
0.245830
0.255732
0.182682
0.156859
0.289370
0.262367
-0.060746
-0.061004
-0.171529
-0.204629
-0.195266
-0.180226
0.059912
0.100153
0.041436
0.016457
-0.021305
0.010386
-0.234803
-0.228124
-0.321271
-0.295615
-0.264349
-0.224303
0.102537
0.205850
0.202790
0.312449
0.388436
0.458533
0.143430
0.136271
0.064038
0.042318
0.015713
0.041861
0.296494
0.205976
0.085492
0.015261
0.014692
0.044049
-0.278234
-0.306480
-0.420197
-0.547912
-0.620213
-0.312248
-0.076922
-0.049949
0.172133
0.129335
0.187349
0.333236
0.146050
0.002296
0.138385
-0.155031
-0.160032
-0.128417
0.188339
0.183826
0.203740
0.156035
0.179150
0.277085
-0.025847
-0.052394
0.011409
-0.046325
-0.074596
-0.052118
0.176224
0.094983
0.387064
0.187416
0.074250
0.046919
-0.271605
-0.610783
-0.553478
-0.512618
-0.465647
-0.450450
-0.058735
0.119236
0.577494
0.642856
0.631842
0.588205
0.282195
-0.053551
0.010941
0.090131
0.085117
0.015924
0.179344
0.101689
-0.029714
-0.043393
-0.149326
-0.150878
-0.411197
-0.288247
-0.244574
-0.348789
-0.475887
-0.328498
-0.216026
-0.402440
-0.421615
-0.216074
-0.514254
-0.304011
0.040675
0.694117
0.635166
1.046276
1.022036
0.428387
0.203856
0.160312
0.144538
-0.057662
0.297640
0.277885
0.347167
0.349970
0.435790
0.008258
-0.145042
-0.691512
-0.877092
-0.896061
-0.641976
-0.470568
-0.389611
-0.123079
0.153699
-0.004812
0.256145
0.430357
0.307742
-0.286918
0.200609
0.107617
0.092713
0.209241
0.277754
0.281527
0.317335
0.738514
0.621098
0.916110
0.728636
0.352868
0.035129
-0.156035
-0.278376
-0.377146
-0.487505
-0.462712
-0.485117
-0.582010
-0.809020
-0.619644
-0.686712
-1.097496
-0.824880
-0.457434
-0.963384
-0.836338
-0.095859
0.041406
0.332796
1.246047
1.553712
1.568604
1.380437
1.214441
0.831308
0.477171
0.316141
0.367342
-0.394733
-0.528317
-0.537533
-0.646175
-0.936049
-1.040009
-0.970984
-0.905107
-0.773683
-0.582501
0.280374
0.641888
0.906317
1.149932
1.537429
1.635762
1.490364
1.324963
1.106843
0.963843
0.700529
0.540562
0.458585
0.110255
-0.339849
-0.642421
-1.665726
-1.704106
-1.672635
-1.943123
-1.765635
-0.642280
-0.659588
-0.363781
0.181524
0.192381
0.241524
0.486675
0.563791
0.702378
0.818589
0.816840
0.960025
0.986521
0.659965
0.493810
-0.575621
-0.691854
-0.440537
-0.492665
-0.081588
1.162610
1.031352
0.772175
0.871985
0.613389
0.373881
0.305088
0.009145
0.105786
0.162827
0.167509
-0.466536
-0.902394
-0.899703
-0.863012
-1.230154
-0.642003
0.050302
0.201633
0.286361
1.176161
1.277162
1.291868
1.248792
1.121077
0.621469
0.487656
0.188007
0.059506
-0.200874
-0.434625
-0.421328
-0.724456
-0.929478
-1.047169
-1.118814
-1.262846
-0.892857
-0.749010
-0.731672
-0.374253
-0.235036
-0.150606
0.227458
0.686977
0.706876
0.900353
1.200903
1.108174
1.191674
1.198679
1.056655
0.733326
0.523882
0.251375
0.068635
-0.158254
-0.238856
-0.500815
-0.622209
-0.688741
-0.660804
-0.531709
-0.249688
-0.181162
-0.292885
-0.311081
-0.500853
-0.803057
-0.789043
-0.891549
-0.685226
-0.442563
-0.316174
-0.146064
0.109726
0.268150
0.412823
0.698828
0.715063
0.933145
0.942434
0.760725
0.895460
1.083973
0.952520
0.894297
0.756976
0.481306
-0.024387
-0.254156
-0.409233
-0.422412
-0.738461
-0.834982
-0.814843
-0.890391
-0.916418
-0.679385
-0.526334
-0.445477
-0.594809
-0.687513
-0.659130
-0.468775
-0.267734
0.148635
0.610260
0.876729
1.091203
1.217874
1.097053
1.068564
0.890833
0.581055
0.468818
0.404697
0.446842
0.266712
-0.556877
-1.569630
-1.570095
-1.770691
-1.868799
-0.895847
-0.184562
-0.245682
-0.210745
-0.012211
-0.040868
0.133778
0.339621
0.404595
0.446029
0.372256
0.459586
0.560814
0.766395
1.112634
1.460314
1.524823
1.473533
1.189001
1.112319
1.011175
0.861474
0.236618
0.053464
-0.792513
-1.090603
-1.099174
-1.003289
-0.896361
-0.695023
-0.698554
-0.989566
-0.895810
-0.786867
-0.602376
-0.336707
-0.099036
0.356135
0.484489
0.603950
0.644931
0.673673
0.723595
0.401471
0.323457
0.159395
0.026702
-0.093980
-0.177003
0.018610
-0.015469
-0.104881
-0.195888
-0.249315
-0.321611
-0.642982
-0.610592
-0.601964
-0.627648
-0.432484
-0.310282
0.061799
0.173821
0.280504
0.315824
0.321016
0.338387
0.122825
0.186647
0.228527
0.206631
0.187229
0.174331
0.461357
0.427747
0.439469
0.417235
0.409465
0.345131
-0.012682
-0.007197
-0.098695
-0.340421
-0.413426
-0.542114
-0.335048
-0.274040
-0.206340
-0.225208
-0.257406
-0.221618
-0.447058
-0.315710
-0.215918
-0.077325
-0.037022
0.066182
0.409206
0.498944
0.609824
0.610424
0.485491
0.456222
0.126177
0.092057
0.076555
0.048442
-0.027541
-0.109618
0.087421
0.083065
0.011613
-0.064859
-0.132245
-0.231225
-0.579133
-0.539141
-0.500239
-0.462559
-0.376046
-0.306448
0.051928
0.141672
0.198792
0.227938
0.254852
0.258533
-0.016259
0.030613
0.059425
0.033082
0.096356
0.138848
0.419725
0.436847
0.365194
0.231748
0.078435
0.019229
-0.297800
-0.249396
-0.220100
-0.199408
-0.261212
-0.463571
-0.263762
-0.343709
-0.044120
0.020344
0.491615
0.595891
0.366926
0.035211
0.080625
-0.254419
-0.244252
-0.252017
0.065286
0.013341
0.116400
0.106724
0.147106
0.114028
-0.144130
-0.190618
-0.179875
-0.127705
-0.053426
-0.174558
0.049880
-0.015932
-0.115286
-0.121951
-0.053625
0.012547
-0.235422
-0.200435
-0.198326
-0.254940
-0.330073
-0.417139
-0.143999
-0.150505
0.243782
0.452332
0.570989
0.644689
0.407836
0.142922
0.046269
0.029434
0.026035
0.046682
0.318084
0.287464
0.210318
0.008919
-0.134751
-0.204107
-0.563053
-0.581302
-0.479287
-0.520903
-0.566974
-0.576541
-0.268404
-0.272415
0.148696
0.241530
0.645042
0.744178
0.596786
0.388725
0.517538
0.178479
0.159405
0.422735
0.667881
0.606684
0.809777
0.659522
0.093332
-0.044019
-0.426319
-0.693649
-0.712379
-0.706131
-0.804935
-0.696018
-0.463709
-0.400382
-0.509754
-0.478061
-0.773937
-0.712694
-0.627312
0.007780
0.217243
0.765757
0.829092
0.853708
0.944712
0.991367
0.916749
0.939866
0.596581
0.467638
0.412579
0.449812
0.393770
0.704071
0.680458
0.581461
0.496782
0.400220
-0.110671
-0.252055
-0.805479
-0.954832
-1.043355
-0.749897
-0.755747
-0.345152
-0.429967
-0.969591
-0.805632
-0.616306
-0.913531
-0.511737
0.341758
0.475858
0.543649
1.107263
1.057249
0.325401
0.422981
0.473673
0.628869
0.790889
1.049845
0.712471
0.463665
0.061698
-0.304383
-0.098061
-0.011194
-0.043164
0.002389
0.096776
0.107169
0.049849
-0.018541
-0.028897
-0.732766
-0.582863
-1.215472
-1.802309
-1.693386
-0.821416
-0.828609
0.019105
0.973327
1.231940
0.131259
0.258988
0.350496
0.263197
0.279406
1.493371
1.264592
1.295360
1.132508
0.789498
0.328712
0.186658
-0.254289
-0.288407
-0.293564
-0.302319
-0.324126
-0.411146
-0.715741
-0.977075
-1.036145
-1.014627
-0.925475
-0.762239
-0.405203
-0.174353
0.087148
0.243306
0.641959
0.816611
1.076127
0.243772
0.313076
0.217468
0.243724
0.319725
1.165020
1.241399
1.273375
0.889012
0.300033
0.033480
-0.232111
-0.292383
-0.213167
-0.082674
-0.003395
0.039149
-0.252274
-0.467375
-0.459407
-0.569041
-0.553113
-0.452832
-0.395164
-0.454686
-0.441898
-1.473753
-1.248942
-0.892364
-0.462607
0.132533
1.371231
1.582129
1.709851
1.744038
1.361454
1.202199
0.896897
0.640934
0.374684
0.320276
0.150610
0.029397
-0.315690
-0.480576
-0.432267
-0.143286
-0.185249
0.138165
0.088238
-0.326352
-0.797616
-1.020581
-1.445756
-1.480078
-1.260606
-1.060536
-0.512807
0.063765
0.171726
0.439391
0.677846
0.650892
0.508835
0.570017
0.650592
0.735233
0.586055
0.563607
0.759021
0.803177
0.714452
0.716239
0.606853
0.450119
-0.137869
-0.650556
-0.958520
-1.154408
-1.344151
-1.117331
-0.891364
-0.774618
-0.813172
-0.775343
-0.734209
-0.425269
-0.083542
0.470663
0.660684
0.598605
0.401337
0.237782
0.132696
0.238663
0.466024
0.693816
0.793080
0.796112
0.739472
0.732883
0.574505
0.374672
0.354207
0.340333
0.512646
0.707347
0.853219
0.624924
0.563432
0.335329
-0.002309
-0.195021
-0.045612
-0.000566
0.161706
0.490080
0.195380
-0.171148
-0.057468
-0.365110
-0.388886
-0.202839
0.245030
0.163233
-0.056746
-0.102211
-0.089635
-0.378617
-0.644436
-0.511201
-0.463668
-0.443818
-0.465829
-0.462505
-0.471726
-0.307683
-0.247457
-0.130135
-0.110677
0.368368
-0.145712
-0.230211
-0.341054
-0.368976
-0.243626
-0.160551
-0.022652
0.074396
0.217280
-0.252763
-0.191699
-0.143905
-0.156276
-0.321279
-0.263691
-0.419549
-0.129266
0.080881
0.490949
0.611051
0.747153
0.153772
-0.115103
-0.438141
-0.637193
-0.782191
-0.521887
-0.418388
-0.509165
-0.678516
-0.467281
-0.396919
-0.594522
-0.384699
0.000849
0.045680
0.131110
0.565935
0.709013
0.839138
1.170233
1.206888
1.144585
1.160761
1.058530
0.961134
0.779317
0.883230
0.787720
0.692818
0.370404
-0.419271
-0.915517
-1.403797
-1.441459
-1.365649
-0.556237
0.007387
0.411504
0.288161
0.057722
-0.065576
-0.461555
-0.471914
-0.404072
-0.199310
0.124913
0.355697
0.629195
0.706679
0.706290
0.503487
0.095524
-0.458590
-0.516378
-0.706939
-0.398716
-0.399539
0.416366
0.937624
0.846648
0.276056
0.339029
-0.299023
-0.930111
-0.851470
-0.101792
0.060138
0.197207
0.401703
0.552342
0.063061
0.081810
0.334411
0.174874
0.121229
-0.003841
-0.137762
-0.210697
-0.215631
0.100263
0.071098
0.021180
-0.411993
-0.615133
-0.540648
-0.510831
-0.197896
-0.101055
0.034675
-0.051365
0.006706
-0.173965
-0.187148
0.182782
0.226106
0.394952
0.820077
0.963369
0.969218
0.581654
0.397014
0.232125
0.144311
-0.252727
-0.291758
-0.028515
-0.064514
-0.166478
0.099064
0.050336
-0.307976
-0.693401
-0.757277
-0.738060
-0.679217
-0.263603
-0.140120
-0.061390
-0.343109
-0.385335
-0.614799
-0.607081
-0.532345
-0.389956
-0.207511
0.107630
0.167590
0.601531
0.612976
0.636176
0.691431
0.662559
0.286319
0.143133
0.493854
0.076303
0.020654
0.209896
-0.033275
-0.372152
-0.775907
-0.563242
-0.655062
-0.558411
-0.396084
-0.030603
0.139126
-0.046086
0.075618
-0.243490
-0.292441
-0.314943
-0.282719
0.145415
0.533243
0.649379
0.645563
0.660686
0.640903
0.309446
0.287174
0.303653
0.253327
-0.160474
-0.239342
-0.070985
-0.183101
-0.299405
-0.092025
-0.177414
-0.291928
-0.661794
-0.653477
-0.642560
-0.663678
-0.524616
-0.434896
0.073832
0.275188
0.458182
0.606496
0.751811
0.747462
0.458950
0.495506
0.450175
0.382974
0.294639
0.254536
0.382163
0.263372
0.179038
-0.148117
-0.231291
-0.219096
-0.482149
-0.511865
-0.291038
-0.318367
-0.317820
-0.385745
-0.064939
-0.016508
0.009346
0.003316
-0.021448
-0.287466
-0.597818
-0.611540
-0.505273
-0.363657
-0.009843
0.115114
0.509757
0.537711
0.572453
0.522065
0.523179
0.544290
0.271234
0.305397
0.094649
0.062217
-0.007017
-0.156525
0.015850
0.231199
0.148141
0.075166
0.085503
0.063864
-0.255612
-0.232203
-0.228731
-0.332317
-0.670964
-0.822636
-0.529505
-0.516191
-0.345402
0.123002
0.313761
0.390910
0.201655
0.224655
0.201138
0.238873
0.251365
0.221935
0.303386
0.080572
0.003122
0.006204
0.008386
0.152860
0.028565
0.022642
-0.069741
-0.079968
-0.054300
-0.129475
0.044441
-0.035756
-0.181454
-0.199605
-0.189209
-0.163275
-0.402057
-0.345429
-0.305147
-0.240074
-0.094638
0.031163
0.401752
0.443614
0.490503
0.477517
0.470482
0.555602
0.253914
0.256066
0.238369
0.152102
-0.068257
-0.156507
-0.022579
-0.143545
-0.231294
-0.176975
-0.199306
-0.243391
-0.523231
-0.552544
-0.505386
-0.550391
-0.472857
-0.358273
0.075891
0.106884
0.282053
0.463421
0.500630
0.539103
0.290514
0.285695
0.214472
0.163666
0.109917
0.040070
0.222528
0.164256
0.166842
0.131669
0.107890
0.067900
-0.326753
-0.465525
-0.484972
-0.511948
-0.509549
-0.466746
-0.071108
-0.048821
-0.058301
0.049796
0.201326
0.279296
0.065283
0.181417
0.202876
0.135952
0.067763
0.098060
0.331460
0.260095
0.252311
0.297271
0.210480
0.165985
-0.161586
-0.202264
-0.278301
-0.277288
-0.262080
-0.264582
-0.073658
-0.153620
-0.248011
-0.211056
-0.231340
-0.097806
-0.180037
-0.013173
0.010558
0.011513
-0.044906
-0.128074
0.156783
0.169311
0.259921
0.369071
0.378308
0.360057
0.100569
0.138582
0.211759
0.250383
0.242974
0.202455
0.381963
0.208993
0.118240
0.059682
-0.077620
-0.120701
-0.422001
-0.414577
-0.443075
-0.423551
-0.423603
-0.400740
-0.146607
-0.146591
-0.074712
0.069651
0.169636
0.301826
0.153660
0.240428
0.197731
0.211674
0.265633
0.234790
0.473753
0.471293
0.311833
0.096473
0.008154
-0.083008
-0.469306
-0.461651
-0.446712
-0.585335
-0.625990
-0.725271
-0.456557
-0.432347
-0.368590
-0.105824
0.123523
0.334232
0.141838
0.300781
0.179114
0.176704
0.039655
0.112999
0.388316
0.438519
0.426363
0.472768
0.366555
0.477346
0.106002
0.061189
0.172520
0.173321
-0.004181
-0.078175
0.130832
-0.091857
-0.231667
-0.261446
-0.264520
-0.269786
-0.578679
-0.573730
-0.749895
-0.674395
-0.556791
-0.406599
-0.015603
0.205115
0.273031
0.332334
0.345650
0.445704
0.214862
0.209098
0.199673
0.231517
0.214998
0.133434
0.265008
0.078780
-0.023763
0.003189
0.104371
0.203831
-0.032242
-0.100362
-0.187170
-0.356183
-0.428668
-0.299321
0.106799
0.127799
0.307051
0.383657
0.340179
0.238354
-0.047224
-0.105985
-0.117859
-0.105504
-0.075898
-0.088276
0.195559
0.205389
0.200690
0.221241
0.205023
0.196231
-0.080182
-0.077015
-0.125162
-0.179281
-0.259722
-0.385435
-0.171197
-0.115610
-0.173871
-0.210354
-0.153965
-0.091466
-0.403305
-0.314174
-0.229439
-0.249951
-0.248522
-0.220791
0.154941
0.238564
0.379637
0.356169
0.391321
0.349030
0.059667
0.041436
0.090850
0.097974
0.082504
0.082327
0.313161
0.256113
0.274463
0.304459
0.193139
0.043708
-0.294216
-0.422414
-0.514600
-0.497923
-0.395396
-0.322391
-0.063224
-0.076059
-0.048669
0.017574
0.019268
0.144577
0.011841
0.108525
0.131941
0.186157
0.164838
0.090520
0.377013
0.419935
0.349715
0.334415
0.314918
0.129488
-0.265977
-0.294723
-0.367543
-0.427344
-0.414273
-0.478768
-0.215653
-0.178111
-0.168591
-0.101387
-0.022371
0.033147
-0.156089
-0.022378
0.035930
0.135019
0.125947
0.106383
0.379638
0.413513
0.418668
0.484167
0.426582
0.387718
0.012290
-0.117491
-0.196837
-0.208879
-0.308787
-0.444609
-0.278788
-0.386423
-0.455112
-0.452529
-0.290253
-0.115861
-0.247873
-0.117021
-0.025519
0.070547
0.047121
0.064371
0.295242
0.270173
0.150582
0.268090
0.297204
0.410166
0.196115
0.246412
0.211524
0.120193
0.065309
-0.038790
0.184393
0.094552
0.075742
0.028565
-0.015165
-0.065163
-0.409730
-0.487729
-0.572463
-0.555682
-0.546511
-0.472927
-0.040080
0.084356
0.211157
0.336836
0.432279
0.415625
0.227509
0.273343
0.301243
0.298358
0.344884
0.271324
0.412154
0.282573
0.227323
0.124746
-0.014410
-0.129739
-0.510661
-0.688344
-0.785636
-0.963274
-0.868746
-0.401737
0.089384
0.291046
0.497073
0.595200
0.199868
0.205731
-0.011522
0.188869
0.251872
0.320235
0.338278
0.287728
0.432142
0.335161
0.389640
0.090927
-0.112983
-0.323272
-0.504614
-0.479451
-0.181822
-0.023409
0.136889
0.014384
0.144436
-0.258160
-0.519004
-0.440469
-0.366618
-0.322235
-0.236787
-0.016645
-0.010130
0.240516
0.222338
-0.001394
0.368204
0.102217
-0.210346
-0.087651
0.129239
0.108095
0.136126
0.193238
0.143403
0.094744
0.017389
-0.010427
0.227677
0.226638
0.234718
0.295053
0.175915
0.015310
-0.347928
-0.418670
-0.547989
-0.525725
-0.449362
-0.351383
0.080264
0.269155
0.375400
0.601089
0.699643
0.715836
0.453260
0.533456
0.532078
0.266019
0.015977
-0.192516
0.085003
-0.294208
0.316302
0.193614
0.047904
-0.161029
-0.377309
-0.979146
-0.977168
-1.041804
-1.216798
-1.009667
-0.856291
-0.779268
-0.803913
-0.704008
-0.572902
0.062019
0.109083
0.601049
1.169237
1.310976
0.881118
0.530482
0.547867
0.119851
-0.198293
-0.009021
0.647792
0.955959
0.440869
0.524706
0.329831
-0.407235
0.005425
0.342868
0.394876
0.373136
0.141345
-0.908851
-1.486994
-1.472974
-1.558125
-0.891161
-0.564518
-0.224342
0.000115
0.069559
0.197067
0.245639
0.297791
0.200630
-0.367051
-0.433034
-0.498454
-0.257634
-0.356361
0.294464
0.405714
0.575168
0.812767
1.045985
1.107318
1.324459
1.272959
1.080167
0.384798
-0.324673
-0.712199
-1.079156
-1.215734
-1.297691
-0.767881
-0.739191
-0.520075
-0.475232
-0.231544
-0.041745
-0.262198
-0.376086
-0.081503
0.109343
0.146974
0.538051
0.712932
0.555291
0.804634
0.596638
0.102983
0.147732
-0.037559
-0.304813
-0.071421
0.076722
-0.063655
-0.096871
-0.057846
-0.398724
-0.633226
-0.398215
-0.518713
-0.237748
-0.369544
-0.141908
-0.131693
0.180537
0.032703
0.323025
0.612659
0.584051
0.117915
0.103670
-0.141724
-0.016723
0.003499
0.267480
0.264801
0.202448
0.000839
-0.150929
-0.034426
-0.082813
0.056357
-0.056159
-0.308857
-0.502071
-0.632572
-0.762458
-0.348868
-0.271582
0.123182
0.181781
0.567508
0.398591
0.415035
0.366183
0.265139
0.158303
-0.154295
-0.116061
-0.073104
-0.031837
0.049290
-0.011472
0.211240
0.153742
0.040341
-0.016036
-0.048784
-0.040465
-0.290902
-0.176372
-0.095524
-0.081263
-0.157874
-0.252639
-0.018911
-0.062663
0.084762
0.203254
0.376913
0.415808
0.204755
0.170700
0.158323
0.117236
0.136286
0.065287
0.276818
0.233054
0.118417
0.041441
-0.037579
-0.150214
-0.493499
-0.517731
-0.594901
-0.630084
-0.599635
-0.623582
-0.265793
-0.146408
-0.028650
0.086033
0.218056
0.270416
0.112841
0.201888
0.253975
0.279691
0.273347
0.250737
0.554273
0.631142
0.635530
0.601150
0.473554
0.355407
-0.110288
-0.235474
-0.253623
-0.358445
-0.480937
-0.575675
-0.365143
-0.431908
-0.341764
-0.223900
-0.128243
0.035145
-0.100498
-0.007285
-0.014290
0.028394
0.018648
0.000386
0.258508
0.293012
0.328532
0.288099
0.242879
0.297526
0.043161
0.040756
0.047684
0.042864
0.006723
-0.026168
0.196650
0.198593
0.200734
0.118301
0.093386
0.114201
-0.165206
-0.180258
-0.167629
-0.237487
-0.335358
-0.311871
-0.016720
0.009904
0.081677
0.174158
0.104609
0.002899
-0.398933
-0.497180
-0.518234
-0.513828
-0.350453
-0.148075
0.247597
0.293468
0.361117
0.329980
0.344117
0.413265
0.099243
0.046257
0.042906
-0.018228
-0.098359
-0.070062
0.310566
0.378774
0.355083
0.353049
0.286773
0.143965
-0.161597
-0.125004
-0.102724
-0.053889
-0.064930
-0.194957
-0.015986
-0.069042
-0.088398
-0.005866
0.060945
0.111322
-0.157515
-0.153938
-0.200483
-0.221765
-0.242023
-0.290616
0.044449
0.154965
0.168944
0.147109
0.254798
0.242347
-0.147805
-0.185167
-0.176589
-0.259677
-0.425598
-0.481168
-0.219261
-0.233123
-0.268180
-0.176596
-0.010439
0.084341
-0.059607
0.117189
0.244830
0.188478
0.189427
0.146147
0.360440
0.297981
0.328444
0.298166
0.317531
0.384664
0.168489
0.224176
0.254514
0.151525
-0.017333
-0.183368
-0.113096
-0.223641
-0.287698
-0.360935
-0.379949
-0.367843
-0.613767
-0.590273
-0.520019
-0.450045
-0.359423
-0.348301
0.051735
0.191836
0.228262
0.309251
0.405788
0.416063
0.099548
0.091760
0.025020
0.038933
0.054786
0.085180
0.415007
0.436088
0.358416
0.305960
0.263541
0.154131
-0.147993
-0.159042
-0.212396
-0.215519
-0.149935
-0.256942
-0.093601
-0.148899
-0.258135
-0.317616
-0.326366
-0.213144
-0.393344
-0.336450
-0.289148
-0.186419
-0.089152
-0.021624
0.357747
0.434505
0.506613
0.538660
0.510335
0.495068
0.194239
0.149747
0.096467
0.068926
0.029930
-0.068402
0.126342
-0.001420
-0.101625
-0.101264
-0.083610
-0.080331
-0.355819
-0.324802
-0.408720
-0.373027
-0.306079
-0.207467
0.116747
0.203414
0.156477
0.165656
0.115944
0.077992
-0.108517
0.033099
0.048540
0.126723
0.267538
0.221894
0.494373
0.562415
0.513823
0.413648
0.338355
0.211009
-0.198995
-0.243164
-0.276564
-0.364898
-0.429672
-0.536592
-0.311672
-0.346617
-0.263905
-0.072662
0.098179
0.155033
-0.004783
0.058798
0.067197
0.138234
0.230839
0.250455
0.548686
0.504242
0.450946
0.416437
0.355735
0.239884
-0.146605
-0.261288
-0.373687
-0.432065
-0.409231
-0.431615
-0.163738
-0.168638
-0.128163
-0.117784
-0.104793
-0.115511
-0.334430
-0.358644
-0.297497
-0.172055
-0.083992
-0.035771
0.250762
0.203200
0.447407
0.440681
0.450703
0.517578
0.311717
0.070870
0.129568
0.201007
0.179986
-0.001769
0.221384
-0.075406
0.104093
0.020033
0.087709
-0.040084
-0.086636
-0.392904
-0.442474
-0.583977
-0.551532
-0.546410
-0.240062
-0.095006
0.191453
0.324307
0.219299
0.261311
0.010160
-0.035554
-0.054788
-0.012399
-0.313106
-0.302407
-0.010058
0.041379
0.147284
0.420208
0.419939
0.373787
-0.028336
-0.022687
-0.091270
-0.206522
-0.330832
-0.342789
-0.202706
-0.233918
0.003142
0.037632
0.024092
0.072020
-0.120363
-0.304518
-0.136229
0.443782
0.596627
0.596185
0.953569
0.625722
-0.052082
-0.113727
-0.069641
-0.047996
-0.019570
0.227974
0.212910
0.168829
-0.210032
-0.408123
-0.479349
-0.776222
-0.941102
-0.936733
-0.456536
-0.142965
-0.118055
0.030108
0.291119
-0.061444
-0.077232
-0.108644
0.177732
0.202414
0.304765
0.351684
0.425187
0.422090
0.417469
0.603411
0.586517
0.559113
0.541263
0.233857
0.301016
-0.035131
-0.244052
-0.494856
-0.656967
-0.721975
-0.720655
-0.568429
-0.217856
0.030081
0.145593
0.011881
0.102440
-0.158462
-0.407278
-0.721113
-0.705771
-0.696110
-0.562216
-0.157416
-0.041554
0.108670
0.225390
0.113381
0.375704
0.631417
0.707087
0.980590
1.010963
0.676561
0.340593
0.355241
-0.101249
-0.570538
-0.707597
-1.087643
-0.758833
-0.362612
-0.062798
0.201506
0.740428
0.366467
-0.123257
-0.159703
-0.303743
-0.602170
-0.447364
-0.433149
-0.191957
-0.111411
0.274683
0.401948
0.365712
0.545558
0.405190
0.099330
0.120975
0.291825
0.292414
-0.054579
-0.168990
-0.614097
-0.442415
-0.953879
-1.007553
-0.770516
-0.548655
-0.692212
-0.343702
0.157593
0.288407
0.109539
0.514167
0.859011
1.184558
1.165948
1.149959
0.804173
0.435779
0.105658
0.041059
0.227916
0.332196
0.127984
0.089117
-0.023625
-0.312622
-0.569176
-0.556330
-0.549120
-0.766343
-0.686268
-0.479684
-0.241315
0.282814
0.634288
1.145964
1.356105
1.600316
1.270447
1.725273
1.457149
0.893702
0.238090
-0.082971
-1.075134
-1.123577
-0.972182
-0.587273
-0.388985
-0.025045
-0.088307
-0.164725
-0.521432
-0.931585
-1.257720
-1.486605
-1.549533
-1.305601
-0.936652
-0.572464
-0.256877
-0.129230
0.229127
0.307679
0.639843
0.742976
0.983572
1.010591
0.992610
0.681634
0.428618
0.382841
0.187252
0.235863
0.181006
-0.252011
-0.157713
-0.366376
-0.411988
-0.606075
-0.232513
-0.883671
-1.032540
-1.344975
-1.245565
-1.252254
-0.850755
-0.820841
-0.624520
0.274822
1.176217
1.271459
1.429177
1.576238
0.737710
0.269251
0.560536
0.679749
0.606000
0.750874
0.656128
0.195260
-0.023510
-0.165584
-0.527288
-0.930074
-1.011372
-1.119630
-1.266266
-1.059234
-0.921025
-0.743208
-0.419827
-0.010790
0.204460
0.488195
0.704021
0.725674
0.616736
0.620940
0.600008
0.533012
0.333345
0.116461
-0.234923
-0.417250
-0.550800
-0.486677
-0.285337
-0.170023
-0.408057
-0.566401
-0.733349
-0.905734
-0.620426
-0.549730
-0.194248
-0.161996
-0.217317
-0.133762
-0.023070
0.073573
0.116022
0.465426
0.396726
0.425294
0.288683
0.247839
0.274603
0.007239
-0.037215
0.030657
0.030817
-0.011365
-0.102992
0.266639
0.330328
0.291006
0.235336
0.259765
0.157224
-0.292195
-0.289238
-0.247279
-0.331592
-0.388891
-0.432544
-0.031078
0.030022
0.014815
0.243521
0.615187
0.476375
