1	1	1	1	1	1	1	1	1	1	1	1	1	1	1	1	1	1	1	1	1	1	1	1	1	1	1	1	1	1	1	1	1	1	1	1	1	1	1	1	1	1	1	1	1	1	1	1	1	1	1	1	1	1	1	1	1	1	1	1	1	1	1	1	1	1	1	1	1	1	1	1	1	1	1	1	1	1	1	1	1	1	1	1	1	1	+Inf	+Inf	+Inf	+Inf	+Inf	+Inf	+Inf	+Inf	+Inf	+Inf	+Inf	+Inf	+Inf	+Inf	+Inf	+Inf	+Inf	+Inf	+Inf	+Inf	+Inf	+Inf	+Inf	+Inf	+Inf	+Inf	+Inf	+Inf	1	1	1	1	1	1	1	1	1	1	1	1	1	1	1	1	1	1	1	1	1	1	1	1	1	1	1	1	1	1	1	1	1	1	1	1	1	1	1	1	1	1	1	1	1	1	1	1	1	1	1	1	1	1	1	1	1	1	1	1	1	1	1	1	1	1	1	1	1	1	1	1	1	1	1	1	1	1	1	1	1	1	1	1	1	1	
1	1	1	1	1	1	1	1	1	1	1	1	1	1	1	1	1	1	1	1	1	1	1	1	1	1	1	1	1	1	1	1	1	1	1	1	1	1	1	1	1	1	1	1	1	1	1	1	1	1	1	1	1	1	1	1	1	1	1	1	1	1	1	1	1	1	1	1	1	1	1	1	1	1	1	1	1	1	1	1	1	1	1	1	1	1	+Inf	+Inf	+Inf	+Inf	+Inf	+Inf	+Inf	+Inf	+Inf	+Inf	+Inf	+Inf	+Inf	+Inf	+Inf	+Inf	+Inf	+Inf	+Inf	+Inf	+Inf	+Inf	+Inf	+Inf	+Inf	+Inf	+Inf	+Inf	1	1	1	1	1	1	1	1	1	1	1	1	1	1	1	1	1	1	1	1	1	1	1	1	1	1	1	1	1	1	1	1	1	1	1	1	1	1	1	1	1	1	1	1	1	1	1	1	1	1	1	1	1	1	1	1	1	1	1	1	1	1	1	1	1	1	1	1	1	1	1	1	1	1	1	1	1	1	1	1	1	1	1	1	1	1	
1	1	1	1	1	1	1	1	1	1	1	1	1	1	1	1	1	1	1	1	1	1	1	1	1	1	1	1	1	1	1	1	1	1	1	1	1	1	1	1	1	1	1	1	1	1	1	1	1	1	1	1	1	1	1	1	1	1	1	1	1	1	1	1	1	1	1	1	1	1	1	1	1	1	1	1	1	1	1	1	1	1	1	1	1	1	+Inf	+Inf	+Inf	+Inf	+Inf	+Inf	+Inf	+Inf	+Inf	+Inf	+Inf	+Inf	+Inf	+Inf	+Inf	+Inf	+Inf	+Inf	+Inf	+Inf	+Inf	+Inf	+Inf	+Inf	+Inf	+Inf	+Inf	+Inf	1	1	1	1	1	1	1	1	1	1	1	1	1	1	1	1	1	1	1	1	1	1	1	1	1	1	1	1	1	1	1	1	1	1	1	1	1	1	1	1	1	1	1	1	1	1	1	1	1	1	1	1	1	1	1	1	1	1	1	1	1	1	1	1	1	1	1	1	1	1	1	1	1	1	1	1	1	1	1	1	1	1	1	1	1	1	
1	1	1	1	1	1	1	1	1	1	1	1	1	1	1	1	1	1	1	1	1	1	1	1	1	1	1	1	1	1	1	1	1	1	1	1	1	1	1	1	1	1	1	1	1	1	1	1	1	1	1	1	1	1	1	1	1	1	1	1	1	1	1	1	1	1	1	1	1	1	1	1	1	1	1	1	1	1	1	1	1	1	1	1	1	1	+Inf	+Inf	+Inf	+Inf	+Inf	+Inf	+Inf	+Inf	+Inf	+Inf	+Inf	+Inf	+Inf	+Inf	+Inf	+Inf	+Inf	+Inf	+Inf	+Inf	+Inf	+Inf	+Inf	+Inf	+Inf	+Inf	+Inf	+Inf	1	1	1	1	1	1	1	1	1	1	1	1	1	1	1	1	1	1	1	1	1	1	1	1	1	1	1	1	1	1	1	1	1	1	1	1	1	1	1	1	1	1	1	1	1	1	1	1	1	1	1	1	1	1	1	1	1	1	1	1	1	1	1	1	1	1	1	1	1	1	1	1	1	1	1	1	1	1	1	1	1	1	1	1	1	1	
1	1	1	1	1	1	1	1	1	1	1	1	1	1	1	1	1	1	1	1	1	1	1	1	1	1	1	1	1	1	1	1	1	1	1	1	1	1	1	1	1	1	1	1	1	1	1	1	1	1	1	1	1	1	1	1	1	1	1	1	1	1	1	1	1	1	1	1	1	1	1	1	1	1	1	1	1	1	1	1	1	1	1	1	1	1	+Inf	+Inf	+Inf	+Inf	+Inf	+Inf	+Inf	+Inf	+Inf	+Inf	+Inf	+Inf	+Inf	+Inf	+Inf	+Inf	+Inf	+Inf	+Inf	+Inf	+Inf	+Inf	+Inf	+Inf	+Inf	+Inf	+Inf	+Inf	1	1	1	1	1	1	1	1	1	1	1	1	1	1	1	1	1	1	1	1	1	1	1	1	1	1	1	1	1	1	1	1	1	1	1	1	1	1	1	1	1	1	1	1	1	1	1	1	1	1	1	1	1	1	1	1	1	1	1	1	1	1	1	1	1	1	1	1	1	1	1	1	1	1	1	1	1	1	1	1	1	1	1	1	1	1	
1	1	1	1	1	1	1	1	1	1	1	1	1	1	1	1	1	1	1	1	1	1	1	1	1	1	1	1	1	1	1	1	1	1	1	1	1	1	1	1	1	1	1	1	1	1	1	1	1	1	1	1	1	1	1	1	1	1	1	1	1	1	1	1	1	1	1	1	1	1	1	1	1	1	1	1	1	1	1	1	1	1	1	1	1	1	+Inf	+Inf	+Inf	+Inf	+Inf	+Inf	+Inf	+Inf	+Inf	+Inf	+Inf	+Inf	+Inf	+Inf	+Inf	+Inf	+Inf	+Inf	+Inf	+Inf	+Inf	+Inf	+Inf	+Inf	+Inf	+Inf	+Inf	+Inf	1	1	1	1	1	1	1	1	1	1	1	1	1	1	1	1	1	1	1	1	1	1	1	1	1	1	1	1	1	1	1	1	1	1	1	1	1	1	1	1	1	1	1	1	1	1	1	1	1	1	1	1	1	1	1	1	1	1	1	1	1	1	1	1	1	1	1	1	1	1	1	1	1	1	1	1	1	1	1	1	1	1	1	1	1	1	
1	1	1	1	1	1	1	1	1	1	1	1	1	1	1	1	1	1	1	1	1	1	1	1	1	1	1	1	1	1	1	1	1	1	1	1	1	1	1	1	1	1	1	1	1	1	1	1	1	1	1	1	1	1	1	1	1	1	1	1	1	1	1	1	1	1	1	1	1	1	1	1	1	1	1	1	1	1	1	1	1	1	1	1	1	1	+Inf	+Inf	+Inf	+Inf	+Inf	+Inf	+Inf	+Inf	+Inf	+Inf	+Inf	+Inf	+Inf	+Inf	+Inf	+Inf	+Inf	+Inf	+Inf	+Inf	+Inf	+Inf	+Inf	+Inf	+Inf	+Inf	+Inf	+Inf	1	1	1	1	1	1	1	1	1	1	1	1	1	1	1	1	1	1	1	1	1	1	1	1	1	1	1	1	1	1	1	1	1	1	1	1	1	1	1	1	1	1	1	1	1	1	1	1	1	1	1	1	1	1	1	1	1	1	1	1	1	1	1	1	1	1	1	1	1	1	1	1	1	1	1	1	1	1	1	1	1	1	1	1	1	1	
1	1	1	1	1	1	1	1	1	1	1	1	1	1	1	1	1	1	1	1	1	1	1	1	1	1	1	1	1	1	1	1	1	1	1	1	1	1	1	1	1	1	1	1	1	1	1	1	1	1	1	1	1	1	1	1	1	1	1	1	1	1	1	1	1	1	1	1	1	1	1	1	1	1	1	1	1	1	1	1	1	1	1	1	1	1	+Inf	+Inf	+Inf	+Inf	+Inf	+Inf	+Inf	+Inf	+Inf	+Inf	+Inf	+Inf	+Inf	+Inf	+Inf	+Inf	+Inf	+Inf	+Inf	+Inf	+Inf	+Inf	+Inf	+Inf	+Inf	+Inf	+Inf	+Inf	1	1	1	1	1	1	1	1	1	1	1	1	1	1	1	1	1	1	1	1	1	1	1	1	1	1	1	1	1	1	1	1	1	1	1	1	1	1	1	1	1	1	1	1	1	1	1	1	1	1	1	1	1	1	1	1	1	1	1	1	1	1	1	1	1	1	1	1	1	1	1	1	1	1	1	1	1	1	1	1	1	1	1	1	1	1	
1	1	1	1	1	1	1	1	1	1	1	1	1	1	1	1	1	1	1	1	1	1	1	1	1	1	1	1	1	1	1	1	1	1	1	1	1	1	1	1	1	1	1	1	1	1	1	1	1	1	1	1	1	1	1	1	1	1	1	1	1	1	1	1	1	1	1	1	1	1	1	1	1	1	1	1	1	1	1	1	1	1	1	1	1	1	+Inf	+Inf	+Inf	+Inf	+Inf	+Inf	+Inf	+Inf	+Inf	+Inf	+Inf	+Inf	+Inf	+Inf	+Inf	+Inf	+Inf	+Inf	+Inf	+Inf	+Inf	+Inf	+Inf	+Inf	+Inf	+Inf	+Inf	+Inf	1	1	1	1	1	1	1	1	1	1	1	1	1	1	1	1	1	1	1	1	1	1	1	1	1	1	1	1	1	1	1	1	1	1	1	1	1	1	1	1	1	1	1	1	1	1	1	1	1	1	1	1	1	1	1	1	1	1	1	1	1	1	1	1	1	1	1	1	1	1	1	1	1	1	1	1	1	1	1	1	1	1	1	1	1	1	
1	1	1	1	1	1	1	1	1	1	1	1	1	1	1	1	1	1	1	1	1	1	1	1	1	1	1	1	1	1	1	1	1	1	1	1	1	1	1	1	1	1	1	1	1	1	1	1	1	1	1	1	1	1	1	1	1	1	1	1	1	1	1	1	1	1	1	1	1	1	1	1	1	1	1	1	1	1	1	1	1	1	1	1	1	1	+Inf	+Inf	+Inf	+Inf	+Inf	+Inf	+Inf	+Inf	+Inf	+Inf	+Inf	+Inf	+Inf	+Inf	+Inf	+Inf	+Inf	+Inf	+Inf	+Inf	+Inf	+Inf	+Inf	+Inf	+Inf	+Inf	+Inf	+Inf	1	1	1	1	1	1	1	1	1	1	1	1	1	1	1	1	1	1	1	1	1	1	1	1	1	1	1	1	1	1	1	1	1	1	1	1	1	1	1	1	1	1	1	1	1	1	1	1	1	1	1	1	1	1	1	1	1	1	1	1	1	1	1	1	1	1	1	1	1	1	1	1	1	1	1	1	1	1	1	1	1	1	1	1	1	1	
1	1	1	1	1	1	1	1	1	1	1	1	1	1	1	1	1	1	1	1	1	1	1	1	1	1	1	1	1	1	1	1	1	1	1	1	1	1	1	1	1	1	1	1	1	1	1	1	1	1	1	1	1	1	1	1	1	1	1	1	1	1	1	1	1	1	1	1	1	1	1	1	1	1	1	1	1	1	1	1	1	1	1	1	1	1	+Inf	+Inf	+Inf	+Inf	+Inf	+Inf	+Inf	+Inf	+Inf	+Inf	+Inf	+Inf	+Inf	+Inf	+Inf	+Inf	+Inf	+Inf	+Inf	+Inf	+Inf	+Inf	+Inf	+Inf	+Inf	+Inf	+Inf	+Inf	1	1	1	1	1	1	1	1	1	1	1	1	1	1	1	1	1	1	1	1	1	1	1	1	1	1	1	1	1	1	1	1	1	1	1	1	1	1	1	1	1	1	1	1	1	1	1	1	1	1	1	1	1	1	1	1	1	1	1	1	1	1	1	1	1	1	1	1	1	1	1	1	1	1	1	1	1	1	1	1	1	1	1	1	1	1	
1	1	1	1	1	1	1	1	1	1	1	1	1	1	1	1	1	1	1	1	1	1	1	1	1	1	1	1	1	1	1	1	1	1	1	1	1	1	1	1	1	1	1	1	1	1	1	1	1	1	1	1	1	1	1	1	1	1	1	1	1	1	1	1	1	1	1	1	1	1	1	1	1	1	1	1	1	1	1	1	1	1	1	1	1	1	+Inf	+Inf	+Inf	+Inf	+Inf	+Inf	+Inf	+Inf	+Inf	+Inf	+Inf	+Inf	+Inf	+Inf	+Inf	+Inf	+Inf	+Inf	+Inf	+Inf	+Inf	+Inf	+Inf	+Inf	+Inf	+Inf	+Inf	+Inf	1	1	1	1	1	1	1	1	1	1	1	1	1	1	1	1	1	1	1	1	1	1	1	1	1	1	1	1	1	1	1	1	1	1	1	1	1	1	1	1	1	1	1	1	1	1	1	1	1	1	1	1	1	1	1	1	1	1	1	1	1	1	1	1	1	1	1	1	1	1	1	1	1	1	1	1	1	1	1	1	1	1	1	1	1	1	
1	1	1	1	1	1	1	1	1	1	1	1	1	1	1	1	1	1	1	1	1	1	1	1	1	1	1	1	1	1	1	1	1	1	1	1	1	1	1	1	1	1	1	1	1	1	1	1	1	1	1	1	1	1	1	1	1	1	1	1	1	1	1	1	1	1	1	1	1	1	1	1	1	1	1	1	1	1	1	1	1	1	1	1	1	1	+Inf	+Inf	+Inf	+Inf	+Inf	+Inf	+Inf	+Inf	+Inf	+Inf	+Inf	+Inf	+Inf	+Inf	+Inf	+Inf	+Inf	+Inf	+Inf	+Inf	+Inf	+Inf	+Inf	+Inf	+Inf	+Inf	+Inf	+Inf	1	1	1	1	1	1	1	1	1	1	1	1	1	1	1	1	1	1	1	1	1	1	1	1	1	1	1	1	1	1	1	1	1	1	1	1	1	1	1	1	1	1	1	1	1	1	1	1	1	1	1	1	1	1	1	1	1	1	1	1	1	1	1	1	1	1	1	1	1	1	1	1	1	1	1	1	1	1	1	1	1	1	1	1	1	1	
1	1	1	1	1	1	1	1	1	1	1	1	1	1	1	1	1	1	1	1	1	1	1	1	1	1	1	1	1	1	1	1	1	1	1	1	1	1	1	1	1	1	1	1	1	1	1	1	1	1	1	1	1	1	1	1	1	1	1	1	1	1	1	1	1	1	1	1	1	1	1	1	1	1	1	1	1	1	1	1	1	1	1	1	1	1	+Inf	+Inf	+Inf	+Inf	+Inf	+Inf	+Inf	+Inf	+Inf	+Inf	+Inf	+Inf	+Inf	+Inf	+Inf	+Inf	+Inf	+Inf	+Inf	+Inf	+Inf	+Inf	+Inf	+Inf	+Inf	+Inf	+Inf	+Inf	1	1	1	1	1	1	1	1	1	1	1	1	1	1	1	1	1	1	1	1	1	1	1	1	1	1	1	1	1	1	1	1	1	1	1	1	1	1	1	1	1	1	1	1	1	1	1	1	1	1	1	1	1	1	1	1	1	1	1	1	1	1	1	1	1	1	1	1	1	1	1	1	1	1	1	1	1	1	1	1	1	1	1	1	1	1	
1	1	1	1	1	1	1	1	1	1	1	1	1	1	1	1	1	1	1	1	1	1	1	1	1	1	1	1	1	1	1	1	1	1	1	1	1	1	1	1	1	1	1	1	1	1	1	1	1	1	1	1	1	1	1	1	1	1	1	1	1	1	1	1	1	1	1	1	1	1	1	1	1	1	1	1	1	1	1	1	1	1	1	1	1	1	+Inf	+Inf	+Inf	+Inf	+Inf	+Inf	+Inf	+Inf	+Inf	+Inf	+Inf	+Inf	+Inf	+Inf	+Inf	+Inf	+Inf	+Inf	+Inf	+Inf	+Inf	+Inf	+Inf	+Inf	+Inf	+Inf	+Inf	+Inf	1	1	1	1	1	1	1	1	1	1	1	1	1	1	1	1	1	1	1	1	1	1	1	1	1	1	1	1	1	1	1	1	1	1	1	1	1	1	1	1	1	1	1	1	1	1	1	1	1	1	1	1	1	1	1	1	1	1	1	1	1	1	1	1	1	1	1	1	1	1	1	1	1	1	1	1	1	1	1	1	1	1	1	1	1	1	
1	1	1	1	1	1	1	1	1	1	1	1	1	1	1	1	1	1	1	1	1	1	1	1	1	1	1	1	1	1	1	1	1	1	1	1	1	1	1	1	1	1	1	1	1	1	1	1	1	1	1	1	1	1	1	1	1	1	1	1	1	1	1	1	1	1	1	1	1	1	1	1	1	1	1	1	1	1	1	1	1	1	1	1	1	1	+Inf	+Inf	+Inf	+Inf	+Inf	+Inf	+Inf	+Inf	+Inf	+Inf	+Inf	+Inf	+Inf	+Inf	+Inf	+Inf	+Inf	+Inf	+Inf	+Inf	+Inf	+Inf	+Inf	+Inf	+Inf	+Inf	+Inf	+Inf	1	1	1	1	1	1	1	1	1	1	1	1	1	1	1	1	1	1	1	1	1	1	1	1	1	1	1	1	1	1	1	1	1	1	1	1	1	1	1	1	1	1	1	1	1	1	1	1	1	1	1	1	1	1	1	1	1	1	1	1	1	1	1	1	1	1	1	1	1	1	1	1	1	1	1	1	1	1	1	1	1	1	1	1	1	1	
1	1	1	1	1	1	1	1	1	1	1	1	1	1	1	1	1	1	1	1	1	1	1	1	1	1	1	1	1	1	1	1	1	1	1	1	1	1	1	1	1	1	1	1	1	1	1	1	1	1	1	1	1	1	1	1	1	1	1	1	1	1	1	1	1	1	1	1	1	1	1	1	1	1	1	1	1	1	1	1	1	1	1	1	1	1	+Inf	+Inf	+Inf	+Inf	+Inf	+Inf	+Inf	+Inf	+Inf	+Inf	+Inf	+Inf	+Inf	+Inf	+Inf	+Inf	+Inf	+Inf	+Inf	+Inf	+Inf	+Inf	+Inf	+Inf	+Inf	+Inf	+Inf	+Inf	1	1	1	1	1	1	1	1	1	1	1	1	1	1	1	1	1	1	1	1	1	1	1	1	1	1	1	1	1	1	1	1	1	1	1	1	1	1	1	1	1	1	1	1	1	1	1	1	1	1	1	1	1	1	1	1	1	1	1	1	1	1	1	1	1	1	1	1	1	1	1	1	1	1	1	1	1	1	1	1	1	1	1	1	1	1	
1	1	1	1	1	1	1	1	1	1	1	1	1	1	1	1	1	1	1	1	1	1	1	1	1	1	1	1	1	1	1	1	1	1	1	1	1	1	1	1	1	1	1	1	1	1	1	1	1	1	1	1	1	1	1	1	1	1	1	1	1	1	1	1	1	1	1	1	1	1	1	1	1	1	1	1	1	1	1	1	1	1	1	1	1	1	+Inf	+Inf	+Inf	+Inf	+Inf	+Inf	+Inf	+Inf	+Inf	+Inf	+Inf	+Inf	+Inf	+Inf	+Inf	+Inf	+Inf	+Inf	+Inf	+Inf	+Inf	+Inf	+Inf	+Inf	+Inf	+Inf	+Inf	+Inf	1	1	1	1	1	1	1	1	1	1	1	1	1	1	1	1	1	1	1	1	1	1	1	1	1	1	1	1	1	1	1	1	1	1	1	1	1	1	1	1	1	1	1	1	1	1	1	1	1	1	1	1	1	1	1	1	1	1	1	1	1	1	1	1	1	1	1	1	1	1	1	1	1	1	1	1	1	1	1	1	1	1	1	1	1	1	
1	1	1	1	1	1	1	1	1	1	1	1	1	1	1	1	1	1	1	1	1	1	1	1	1	1	1	1	1	1	1	1	1	1	1	1	1	1	1	1	1	1	1	1	1	1	1	1	1	1	1	1	1	1	1	1	1	1	1	1	1	1	1	1	1	1	1	1	1	1	1	1	1	1	1	1	1	1	1	1	1	1	1	1	1	1	+Inf	+Inf	+Inf	+Inf	+Inf	+Inf	+Inf	+Inf	+Inf	+Inf	+Inf	+Inf	+Inf	+Inf	+Inf	+Inf	+Inf	+Inf	+Inf	+Inf	+Inf	+Inf	+Inf	+Inf	+Inf	+Inf	+Inf	+Inf	1	1	1	1	1	1	1	1	1	1	1	1	1	1	1	1	1	1	1	1	1	1	1	1	1	1	1	1	1	1	1	1	1	1	1	1	1	1	1	1	1	1	1	1	1	1	1	1	1	1	1	1	1	1	1	1	1	1	1	1	1	1	1	1	1	1	1	1	1	1	1	1	1	1	1	1	1	1	1	1	1	1	1	1	1	1	
1	1	1	1	1	1	1	1	1	1	1	1	1	1	1	1	1	1	1	1	1	1	1	1	1	1	1	1	1	1	1	1	1	1	1	1	1	1	1	1	1	1	1	1	1	1	1	1	1	1	1	1	1	1	1	1	1	1	1	1	1	1	1	1	1	1	1	1	1	1	1	1	1	1	1	1	1	1	1	1	1	1	1	1	1	1	+Inf	+Inf	+Inf	+Inf	+Inf	+Inf	+Inf	+Inf	+Inf	+Inf	+Inf	+Inf	+Inf	+Inf	+Inf	+Inf	+Inf	+Inf	+Inf	+Inf	+Inf	+Inf	+Inf	+Inf	+Inf	+Inf	+Inf	+Inf	1	1	1	1	1	1	1	1	1	1	1	1	1	1	1	1	1	1	1	1	1	1	1	1	1	1	1	1	1	1	1	1	1	1	1	1	1	1	1	1	1	1	1	1	1	1	1	1	1	1	1	1	1	1	1	1	1	1	1	1	1	1	1	1	1	1	1	1	1	1	1	1	1	1	1	1	1	1	1	1	1	1	1	1	1	1	
1	1	1	1	1	1	1	1	1	1	1	1	1	1	1	1	1	1	1	1	1	1	1	1	1	1	1	1	1	1	1	1	1	1	1	1	1	1	1	1	1	1	1	1	1	1	1	1	1	1	1	1	1	1	1	1	1	1	1	1	1	1	1	1	1	1	1	1	1	1	1	1	1	1	1	1	1	1	1	1	1	1	1	1	1	1	+Inf	+Inf	+Inf	+Inf	+Inf	+Inf	+Inf	+Inf	+Inf	+Inf	+Inf	+Inf	+Inf	+Inf	+Inf	+Inf	+Inf	+Inf	+Inf	+Inf	+Inf	+Inf	+Inf	+Inf	+Inf	+Inf	+Inf	+Inf	1	1	1	1	1	1	1	1	1	1	1	1	1	1	1	1	1	1	1	1	1	1	1	1	1	1	1	1	1	1	1	1	1	1	1	1	1	1	1	1	1	1	1	1	1	1	1	1	1	1	1	1	1	1	1	1	1	1	1	1	1	1	1	1	1	1	1	1	1	1	1	1	1	1	1	1	1	1	1	1	1	1	1	1	1	1	
1	1	1	1	1	1	1	1	1	1	1	1	1	1	1	1	1	1	1	1	1	1	1	1	1	1	1	1	1	1	1	1	1	1	1	1	1	1	1	1	1	1	1	1	1	1	1	1	1	1	1	1	1	1	1	1	1	1	1	1	1	1	1	1	1	1	1	1	1	1	1	1	1	1	1	1	1	1	1	1	1	1	1	1	1	1	+Inf	+Inf	+Inf	+Inf	+Inf	+Inf	+Inf	+Inf	+Inf	+Inf	+Inf	+Inf	+Inf	+Inf	+Inf	+Inf	+Inf	+Inf	+Inf	+Inf	+Inf	+Inf	+Inf	+Inf	+Inf	+Inf	+Inf	+Inf	1	1	1	1	1	1	1	1	1	1	1	1	1	1	1	1	1	1	1	1	1	1	1	1	1	1	1	1	1	1	1	1	1	1	1	1	1	1	1	1	1	1	1	1	1	1	1	1	1	1	1	1	1	1	1	1	1	1	1	1	1	1	1	1	1	1	1	1	1	1	1	1	1	1	1	1	1	1	1	1	1	1	1	1	1	1	
1	1	1	1	1	1	1	1	1	1	1	1	1	1	1	1	1	1	1	1	1	1	1	1	1	1	1	1	1	1	1	1	1	1	1	1	1	1	1	1	1	1	1	1	1	1	1	1	1	1	1	1	1	1	1	1	1	1	1	1	1	1	1	1	1	1	1	1	1	1	1	1	1	1	1	1	1	1	1	1	1	1	1	1	1	1	+Inf	+Inf	+Inf	+Inf	+Inf	+Inf	+Inf	+Inf	+Inf	+Inf	+Inf	+Inf	+Inf	+Inf	+Inf	+Inf	+Inf	+Inf	+Inf	+Inf	+Inf	+Inf	+Inf	+Inf	+Inf	+Inf	+Inf	+Inf	1	1	1	1	1	1	1	1	1	1	1	1	1	1	1	1	1	1	1	1	1	1	1	1	1	1	1	1	1	1	1	1	1	1	1	1	1	1	1	1	1	1	1	1	1	1	1	1	1	1	1	1	1	1	1	1	1	1	1	1	1	1	1	1	1	1	1	1	1	1	1	1	1	1	1	1	1	1	1	1	1	1	1	1	1	1	
1	1	1	1	1	1	1	1	1	1	1	1	1	1	1	1	1	1	1	1	1	1	1	1	1	1	1	1	1	1	1	1	1	1	1	1	1	1	1	1	1	1	1	1	1	1	1	1	1	1	1	1	1	1	1	1	1	1	1	1	1	1	1	1	1	1	1	1	1	1	1	1	1	1	1	1	1	1	1	1	1	1	1	1	1	1	+Inf	+Inf	+Inf	+Inf	+Inf	+Inf	+Inf	+Inf	+Inf	+Inf	+Inf	+Inf	+Inf	+Inf	+Inf	+Inf	+Inf	+Inf	+Inf	+Inf	+Inf	+Inf	+Inf	+Inf	+Inf	+Inf	+Inf	+Inf	1	1	1	1	1	1	1	1	1	1	1	1	1	1	1	1	1	1	1	1	1	1	1	1	1	1	1	1	1	1	1	1	1	1	1	1	1	1	1	1	1	1	1	1	1	1	1	1	1	1	1	1	1	1	1	1	1	1	1	1	1	1	1	1	1	1	1	1	1	1	1	1	1	1	1	1	1	1	1	1	1	1	1	1	1	1	
1	1	1	1	1	1	1	1	1	1	1	1	1	1	1	1	1	1	1	1	1	1	1	1	1	1	1	1	1	1	1	1	1	1	1	1	1	1	1	1	1	1	1	1	1	1	1	1	1	1	1	1	1	1	1	1	1	1	1	1	1	1	1	1	1	1	1	1	1	1	1	1	1	1	1	1	1	1	1	1	1	1	1	1	1	1	+Inf	+Inf	+Inf	+Inf	+Inf	+Inf	+Inf	+Inf	+Inf	+Inf	+Inf	+Inf	+Inf	+Inf	+Inf	+Inf	+Inf	+Inf	+Inf	+Inf	+Inf	+Inf	+Inf	+Inf	+Inf	+Inf	+Inf	+Inf	1	1	1	1	1	1	1	1	1	1	1	1	1	1	1	1	1	1	1	1	1	1	1	1	1	1	1	1	1	1	1	1	1	1	1	1	1	1	1	1	1	1	1	1	1	1	1	1	1	1	1	1	1	1	1	1	1	1	1	1	1	1	1	1	1	1	1	1	1	1	1	1	1	1	1	1	1	1	1	1	1	1	1	1	1	1	
1	1	1	1	1	1	1	1	1	1	1	1	1	1	1	1	1	1	1	1	1	1	1	1	1	1	1	1	1	1	1	1	1	1	1	1	1	1	1	1	1	1	1	1	1	1	1	1	1	1	1	1	1	1	1	1	1	1	1	1	1	1	1	1	1	1	1	1	1	1	1	1	1	1	1	1	1	1	1	1	1	1	1	1	1	1	+Inf	+Inf	+Inf	+Inf	+Inf	+Inf	+Inf	+Inf	+Inf	+Inf	+Inf	+Inf	+Inf	+Inf	+Inf	+Inf	+Inf	+Inf	+Inf	+Inf	+Inf	+Inf	+Inf	+Inf	+Inf	+Inf	+Inf	+Inf	1	1	1	1	1	1	1	1	1	1	1	1	1	1	1	1	1	1	1	1	1	1	1	1	1	1	1	1	1	1	1	1	1	1	1	1	1	1	1	1	1	1	1	1	1	1	1	1	1	1	1	1	1	1	1	1	1	1	1	1	1	1	1	1	1	1	1	1	1	1	1	1	1	1	1	1	1	1	1	1	1	1	1	1	1	1	
1	1	1	1	1	1	1	1	1	1	1	1	1	1	1	1	1	1	1	1	1	1	1	1	1	1	1	1	1	1	1	1	1	1	1	1	1	1	1	1	1	1	1	1	1	1	1	1	1	1	1	1	1	1	1	1	1	1	1	1	1	1	1	1	1	1	1	1	1	1	1	1	1	1	1	1	1	1	1	1	1	1	1	1	1	1	+Inf	+Inf	+Inf	+Inf	+Inf	+Inf	+Inf	+Inf	+Inf	+Inf	+Inf	+Inf	+Inf	+Inf	+Inf	+Inf	+Inf	+Inf	+Inf	+Inf	+Inf	+Inf	+Inf	+Inf	+Inf	+Inf	+Inf	+Inf	0.9999999999999999	0.9999999999999999	0.9999999999999999	0.9999999999999999	0.9999999999999999	0.9999999999999999	0.9999999999999999	0.9999999999999999	0.9999999999999999	0.9999999999999999	0.9999999999999999	0.9999999999999999	0.9999999999999999	0.9999999999999999	0.9999999999999999	0.9999999999999999	0.9999999999999999	0.9999999999999999	0.9999999999999999	0.9999999999999999	0.9999999999999999	0.9999999999999999	0.9999999999999999	0.9999999999999999	0.9999999999999999	0.9999999999999999	0.9999999999999999	0.9999999999999999	0.9999999999999999	0.9999999999999999	0.9999999999999999	0.9999999999999999	0.9999999999999999	0.9999999999999999	0.9999999999999999	0.9999999999999999	0.9999999999999999	0.9999999999999999	0.9999999999999999	0.9999999999999999	0.9999999999999999	0.9999999999999999	0.9999999999999999	0.9999999999999999	0.9999999999999999	0.9999999999999999	0.9999999999999999	0.9999999999999999	0.9999999999999999	0.9999999999999999	0.9999999999999999	0.9999999999999999	0.9999999999999999	0.9999999999999999	0.9999999999999999	0.9999999999999999	0.9999999999999999	0.9999999999999999	0.9999999999999999	0.9999999999999999	0.9999999999999999	0.9999999999999999	0.9999999999999999	0.9999999999999999	0.9999999999999999	0.9999999999999999	0.9999999999999999	0.9999999999999999	0.9999999999999999	0.9999999999999999	0.9999999999999999	0.9999999999999999	0.9999999999999999	0.9999999999999999	0.9999999999999999	0.9999999999999999	0.9999999999999999	0.9999999999999999	0.9999999999999999	0.9999999999999999	0.9999999999999999	0.9999999999999999	0.9999999999999999	0.9999999999999999	0.9999999999999999	0.9999999999999999	
1	1	1	1	1	1	1	1	1	1	1	1	1	1	1	1	1	1	1	1	1	1	1	1	1	1	1	1	1	1	1	1	1	1	1	1	1	1	1	1	1	1	1	1	1	1	1	1	1	1	1	1	1	1	1	1	1	1	1	1	1	1	1	1	1	1	1	1	1	1	1	1	1	1	1	1	1	1	1	1	1	1	1	1	1	1	+Inf	+Inf	+Inf	+Inf	+Inf	+Inf	+Inf	+Inf	+Inf	+Inf	+Inf	+Inf	+Inf	+Inf	+Inf	+Inf	+Inf	+Inf	+Inf	+Inf	+Inf	+Inf	+Inf	+Inf	+Inf	+Inf	+Inf	+Inf	1	1	1	1	1	1	1	1	1	1	1	1	1	1	1	1	1	1	1	1	1	1	1	1	1	1	1	1	1	1	1	1	1	1	1	1	1	1	1	1	1	1	1	1	1	1	1	1	1	1	1	1	1	1	1	1	1	1	1	1	1	1	1	1	1	1	1	1	1	1	1	1	1	1	1	1	1	1	1	1	1	1	1	1	1	1	
1	1	1	1	1	1	1	1	1	1	1	1	1	1	1	1	1	1	1	1	1	1	1	1	1	1	1	1	1	1	1	1	1	1	1	1	1	1	1	1	1	1	1	1	1	1	1	1	1	1	1	1	1	1	1	1	1	1	1	1	1	1	1	1	1	1	1	1	1	1	1	1	1	1	1	1	1	1	1	1	1	1	1	1	1	1	+Inf	+Inf	+Inf	+Inf	+Inf	+Inf	+Inf	+Inf	+Inf	+Inf	+Inf	+Inf	+Inf	+Inf	+Inf	+Inf	+Inf	+Inf	+Inf	+Inf	+Inf	+Inf	+Inf	+Inf	+Inf	+Inf	+Inf	+Inf	1	1	1	1	1	1	1	1	1	1	1	1	1	1	1	1	1	1	1	1	1	1	1	1	1	1	1	1	1	1	1	1	1	1	1	1	1	1	1	1	1	1	1	1	1	1	1	1	1	1	1	1	1	1	1	1	1	1	1	1	1	1	1	1	1	1	1	1	1	1	1	1	1	1	1	1	1	1	1	1	1	1	1	1	1	1	
1	1	1	1	1	1	1	1	1	1	1	1	1	1	1	1	1	1	1	1	1	1	1	1	1	1	1	1	1	1	1	1	1	1	1	1	1	1	1	1	1	1	1	1	1	1	1	1	1	1	1	1	1	1	1	1	1	1	1	1	1	1	1	1	1	1	1	1	1	1	1	1	1	1	1	1	1	1	1	1	1	1	1	1	1	1	+Inf	+Inf	+Inf	+Inf	+Inf	+Inf	+Inf	+Inf	+Inf	+Inf	+Inf	+Inf	+Inf	+Inf	+Inf	+Inf	+Inf	+Inf	+Inf	+Inf	+Inf	+Inf	+Inf	+Inf	+Inf	+Inf	+Inf	+Inf	1	1	1	1	1	1	1	1	1	1	1	1	1	1	1	1	1	1	1	1	1	1	1	1	1	1	1	1	1	1	1	1	1	1	1	1	1	1	1	1	1	1	1	1	1	1	1	1	1	1	1	1	1	1	1	1	1	1	1	1	1	1	1	1	1	1	1	1	1	1	1	1	1	1	1	1	1	1	1	1	1	1	1	1	1	1	
1	1	1	1	1	1	1	1	1	1	1	1	1	1	1	1	1	1	1	1	1	1	1	1	1	1	1	1	1	1	1	1	1	1	1	1	1	1	1	1	1	1	1	1	1	1	1	1	1	1	1	1	1	1	1	1	1	1	1	1	1	1	1	1	1	1	1	1	1	1	1	1	1	1	1	1	1	1	1	1	1	1	1	1	1	1	+Inf	+Inf	+Inf	+Inf	+Inf	+Inf	+Inf	+Inf	+Inf	+Inf	+Inf	+Inf	+Inf	+Inf	+Inf	+Inf	+Inf	+Inf	+Inf	+Inf	+Inf	+Inf	+Inf	+Inf	+Inf	+Inf	+Inf	+Inf	1	1	1	1	1	1	1	1	1	1	1	1	1	1	1	1	1	1	1	1	1	1	1	1	1	1	1	1	1	1	1	1	1	1	1	1	1	1	1	1	1	1	1	1	1	1	1	1	1	1	1	1	1	1	1	1	1	1	1	1	1	1	1	1	1	1	1	1	1	1	1	1	1	1	1	1	1	1	1	1	1	1	1	1	1	1	
1	1	1	1	1	1	1	1	1	1	1	1	1	1	1	1	1	1	1	1	1	1	1	1	1	1	1	1	1	1	1	1	1	1	1	1	1	1	1	1	1	1	1	1	1	1	1	1	1	1	1	1	1	1	1	1	1	1	1	1	1	1	1	1	1	1	1	1	1	1	1	1	1	1	1	1	1	1	1	1	1	1	1	1	1	1	+Inf	+Inf	+Inf	+Inf	+Inf	+Inf	+Inf	+Inf	+Inf	+Inf	+Inf	+Inf	+Inf	+Inf	+Inf	+Inf	+Inf	+Inf	+Inf	+Inf	+Inf	+Inf	+Inf	+Inf	+Inf	+Inf	+Inf	+Inf	1	1	1	1	1	1	1	1	1	1	1	1	1	1	1	1	1	1	1	1	1	1	1	1	1	1	1	1	1	1	1	1	1	1	1	1	1	1	1	1	1	1	1	1	1	1	1	1	1	1	1	1	1	1	1	1	1	1	1	1	1	1	1	1	1	1	1	1	1	1	1	1	1	1	1	1	1	1	1	1	1	1	1	1	1	1	
1	1	1	1	1	1	1	1	1	1	1	1	1	1	1	1	1	1	1	1	1	1	1	1	1	1	1	1	1	1	1	1	1	1	1	1	1	1	1	1	1	1	1	1	1	1	1	1	1	1	1	1	1	1	1	1	1	1	1	1	1	1	1	1	1	1	1	1	1	1	1	1	1	1	1	1	1	1	1	1	1	1	1	1	1	1	+Inf	+Inf	+Inf	+Inf	+Inf	+Inf	+Inf	+Inf	+Inf	+Inf	+Inf	+Inf	+Inf	+Inf	+Inf	+Inf	+Inf	+Inf	+Inf	+Inf	+Inf	+Inf	+Inf	+Inf	+Inf	+Inf	+Inf	+Inf	1	1	1	1	1	1	1	1	1	1	1	1	1	1	1	1	1	1	1	1	1	1	1	1	1	1	1	1	1	1	1	1	1	1	1	1	1	1	1	1	1	1	1	1	1	1	1	1	1	1	1	1	1	1	1	1	1	1	1	1	1	1	1	1	1	1	1	1	1	1	1	1	1	1	1	1	1	1	1	1	1	1	1	1	1	1	
1	1	1	1	1	1	1	1	1	1	1	1	1	1	1	1	1	1	1	1	1	1	1	1	1	1	1	1	1	1	1	1	1	1	1	1	1	1	1	1	1	1	1	1	1	1	1	1	1	1	1	1	1	1	1	1	1	1	1	1	1	1	1	1	1	1	1	1	1	1	1	1	1	1	1	1	1	1	1	1	1	1	1	1	1	1	+Inf	+Inf	+Inf	+Inf	+Inf	+Inf	+Inf	+Inf	+Inf	+Inf	+Inf	+Inf	+Inf	+Inf	+Inf	+Inf	+Inf	+Inf	+Inf	+Inf	+Inf	+Inf	+Inf	+Inf	+Inf	+Inf	+Inf	+Inf	1	1	1	1	1	1	1	1	1	1	1	1	1	1	1	1	1	1	1	1	1	1	1	1	1	1	1	1	1	1	1	1	1	1	1	1	1	1	1	1	1	1	1	1	1	1	1	1	1	1	1	1	1	1	1	1	1	1	1	1	1	1	1	1	1	1	1	1	1	1	1	1	1	1	1	1	1	1	1	1	1	1	1	1	1	1	
1	1	1	1	1	1	1	1	1	1	1	1	1	1	1	1	1	1	1	1	1	1	1	1	1	1	1	1	1	1	1	1	1	1	1	1	1	1	1	1	1	1	1	1	1	1	1	1	1	1	1	1	1	1	1	1	1	1	1	1	1	1	1	1	1	1	1	1	1	1	1	1	1	1	1	1	1	1	1	1	1	1	1	1	1	1	+Inf	+Inf	+Inf	+Inf	+Inf	+Inf	+Inf	+Inf	+Inf	+Inf	+Inf	+Inf	+Inf	+Inf	+Inf	+Inf	+Inf	+Inf	+Inf	+Inf	+Inf	+Inf	+Inf	+Inf	+Inf	+Inf	+Inf	+Inf	1	1	1	1	1	1	1	1	1	1	1	1	1	1	1	1	1	1	1	1	1	1	1	1	1	1	1	1	1	1	1	1	1	1	1	1	1	1	1	1	1	1	1	1	1	1	1	1	1	1	1	1	1	1	1	1	1	1	1	1	1	1	1	1	1	1	1	1	1	1	1	1	1	1	1	1	1	1	1	1	1	1	1	1	1	1	
1	1	1	1	1	1	1	1	1	1	1	1	1	1	1	1	1	1	1	1	1	1	1	1	1	1	1	1	1	1	1	1	1	1	1	1	1	1	1	1	1	1	1	1	1	1	1	1	1	1	1	1	1	1	1	1	1	1	1	1	1	1	1	1	1	1	1	1	1	1	1	1	1	1	1	1	1	1	1	1	1	1	1	1	1	1	+Inf	+Inf	+Inf	+Inf	+Inf	+Inf	+Inf	+Inf	+Inf	+Inf	+Inf	+Inf	+Inf	+Inf	+Inf	+Inf	+Inf	+Inf	+Inf	+Inf	+Inf	+Inf	+Inf	+Inf	+Inf	+Inf	+Inf	+Inf	1	1	1	1	1	1	1	1	1	1	1	1	1	1	1	1	1	1	1	1	1	1	1	1	1	1	1	1	1	1	1	1	1	1	1	1	1	1	1	1	1	1	1	1	1	1	1	1	1	1	1	1	1	1	1	1	1	1	1	1	1	1	1	1	1	1	1	1	1	1	1	1	1	1	1	1	1	1	1	1	1	1	1	1	1	1	
1	1	1	1	1	1	1	1	1	1	1	1	1	1	1	1	1	1	1	1	1	1	1	1	1	1	1	1	1	1	1	1	1	1	1	1	1	1	1	1	1	1	1	1	1	1	1	1	1	1	1	1	1	1	1	1	1	1	1	1	1	1	1	1	1	1	1	1	1	1	1	1	1	1	1	1	1	1	1	1	1	1	1	1	1	1	+Inf	+Inf	+Inf	+Inf	+Inf	+Inf	+Inf	+Inf	+Inf	+Inf	+Inf	+Inf	+Inf	+Inf	+Inf	+Inf	+Inf	+Inf	+Inf	+Inf	+Inf	+Inf	+Inf	+Inf	+Inf	+Inf	+Inf	+Inf	1	1	1	1	1	1	1	1	1	1	1	1	1	1	1	1	1	1	1	1	1	1	1	1	1	1	1	1	1	1	1	1	1	1	1	1	1	1	1	1	1	1	1	1	1	1	1	1	1	1	1	1	1	1	1	1	1	1	1	1	1	1	1	1	1	1	1	1	1	1	1	1	1	1	1	1	1	1	1	1	1	1	1	1	1	1	
1	1	1	1	1	1	1	1	1	1	1	1	1	1	1	1	1	1	1	1	1	1	1	1	1	1	1	1	1	1	1	1	1	1	1	1	1	1	1	1	1	1	1	1	1	1	1	1	1	1	1	1	1	1	1	1	1	1	1	1	1	1	1	1	1	1	1	1	1	1	1	1	1	1	1	1	1	1	1	1	1	1	1	1	1	1	+Inf	+Inf	+Inf	+Inf	+Inf	+Inf	+Inf	+Inf	+Inf	+Inf	+Inf	+Inf	+Inf	+Inf	+Inf	+Inf	+Inf	+Inf	+Inf	+Inf	+Inf	+Inf	+Inf	+Inf	+Inf	+Inf	+Inf	+Inf	1	1	1	1	1	1	1	1	1	1	1	1	1	1	1	1	1	1	1	1	1	1	1	1	1	1	1	1	1	1	1	1	1	1	1	1	1	1	1	1	1	1	1	1	1	1	1	1	1	1	1	1	1	1	1	1	1	1	1	1	1	1	1	1	1	1	1	1	1	1	1	1	1	1	1	1	1	1	1	1	1	1	1	1	1	1	
1	1	1	1	1	1	1	1	1	1	1	1	1	1	1	1	1	1	1	1	1	1	1	1	1	1	1	1	1	1	1	1	1	1	1	1	1	1	1	1	1	1	1	1	1	1	1	1	1	1	1	1	1	1	1	1	1	1	1	1	1	1	1	1	1	1	1	1	1	1	1	1	1	1	1	1	1	1	1	1	1	1	1	1	1	1	+Inf	+Inf	+Inf	+Inf	+Inf	+Inf	+Inf	+Inf	+Inf	+Inf	+Inf	+Inf	+Inf	+Inf	+Inf	+Inf	+Inf	+Inf	+Inf	+Inf	+Inf	+Inf	+Inf	+Inf	+Inf	+Inf	+Inf	+Inf	1	1	1	1	1	1	1	1	1	1	1	1	1	1	1	1	1	1	1	1	1	1	1	1	1	1	1	1	1	1	1	1	1	1	1	1	1	1	1	1	1	1	1	1	1	1	1	1	1	1	1	1	1	1	1	1	1	1	1	1	1	1	1	1	1	1	1	1	1	1	1	1	1	1	1	1	1	1	1	1	1	1	1	1	1	1	
1	1	1	1	1	1	1	1	1	1	1	1	1	1	1	1	1	1	1	1	1	1	1	1	1	1	1	1	1	1	1	1	1	1	1	1	1	1	1	1	1	1	1	1	1	1	1	1	1	1	1	1	1	1	1	1	1	1	1	1	1	1	1	1	1	1	1	1	1	1	1	1	1	1	1	1	1	1	1	1	1	1	1	1	1	1	+Inf	+Inf	+Inf	+Inf	+Inf	+Inf	+Inf	+Inf	+Inf	+Inf	+Inf	+Inf	+Inf	+Inf	+Inf	+Inf	+Inf	+Inf	+Inf	+Inf	+Inf	+Inf	+Inf	+Inf	+Inf	+Inf	+Inf	+Inf	1	1	1	1	1	1	1	1	1	1	1	1	1	1	1	1	1	1	1	1	1	1	1	1	1	1	1	1	1	1	1	1	1	1	1	1	1	1	1	1	1	1	1	1	1	1	1	1	1	1	1	1	1	1	1	1	1	1	1	1	1	1	1	1	1	1	1	1	1	1	1	1	1	1	1	1	1	1	1	1	1	1	1	1	1	1	
1	1	1	1	1	1	1	1	1	1	1	1	1	1	1	1	1	1	1	1	1	1	1	1	1	1	1	1	1	1	1	1	1	1	1	1	1	1	1	1	1	1	1	1	1	1	1	1	1	1	1	1	1	1	1	1	1	1	1	1	1	1	1	1	1	1	1	1	1	1	1	1	1	1	1	1	1	1	1	1	1	1	1	1	1	1	+Inf	+Inf	+Inf	+Inf	+Inf	+Inf	+Inf	+Inf	+Inf	+Inf	+Inf	+Inf	+Inf	+Inf	+Inf	+Inf	+Inf	+Inf	+Inf	+Inf	+Inf	+Inf	+Inf	+Inf	+Inf	+Inf	+Inf	+Inf	1	1	1	1	1	1	1	1	1	1	1	1	1	1	1	1	1	1	1	1	1	1	1	1	1	1	1	1	1	1	1	1	1	1	1	1	1	1	1	1	1	1	1	1	1	1	1	1	1	1	1	1	1	1	1	1	1	1	1	1	1	1	1	1	1	1	1	1	1	1	1	1	1	1	1	1	1	1	1	1	1	1	1	1	1	1	
1	1	1	1	1	1	1	1	1	1	1	1	1	1	1	1	1	1	1	1	1	1	1	1	1	1	1	1	1	1	1	1	1	1	1	1	1	1	1	1	1	1	1	1	1	1	1	1	1	1	1	1	1	1	1	1	1	1	1	1	1	1	1	1	1	1	1	1	1	1	1	1	1	1	1	1	1	1	1	1	1	1	1	1	1	1	+Inf	+Inf	+Inf	+Inf	+Inf	+Inf	+Inf	+Inf	+Inf	+Inf	+Inf	+Inf	+Inf	+Inf	+Inf	+Inf	+Inf	+Inf	+Inf	+Inf	+Inf	+Inf	+Inf	+Inf	+Inf	+Inf	+Inf	+Inf	1	1	1	1	1	1	1	1	1	1	1	1	1	1	1	1	1	1	1	1	1	1	1	1	1	1	1	1	1	1	1	1	1	1	1	1	1	1	1	1	1	1	1	1	1	1	1	1	1	1	1	1	1	1	1	1	1	1	1	1	1	1	1	1	1	1	1	1	1	1	1	1	1	1	1	1	1	1	1	1	1	1	1	1	1	1	
1	1	1	1	1	1	1	1	1	1	1	1	1	1	1	1	1	1	1	1	1	1	1	1	1	1	1	1	1	1	1	1	1	1	1	1	1	1	1	1	1	1	1	1	1	1	1	1	1	1	1	1	1	1	1	1	1	1	1	1	1	1	1	1	1	1	1	1	1	1	1	1	1	1	1	1	1	1	1	1	1	1	1	1	1	1	+Inf	+Inf	+Inf	+Inf	+Inf	+Inf	+Inf	+Inf	+Inf	+Inf	+Inf	+Inf	+Inf	+Inf	+Inf	+Inf	+Inf	+Inf	+Inf	+Inf	+Inf	+Inf	+Inf	+Inf	+Inf	+Inf	+Inf	+Inf	1	1	1	1	1	1	1	1	1	1	1	1	1	1	1	1	1	1	1	1	1	1	1	1	1	1	1	1	1	1	1	1	1	1	1	1	1	1	1	1	1	1	1	1	1	1	1	1	1	1	1	1	1	1	1	1	1	1	1	1	1	1	1	1	1	1	1	1	1	1	1	1	1	1	1	1	1	1	1	1	1	1	1	1	1	1	
1	1	1	1	1	1	1	1	1	1	1	1	1	1	1	1	1	1	1	1	1	1	1	1	1	1	1	1	1	1	1	1	1	1	1	1	1	1	1	1	1	1	1	1	1	1	1	1	1	1	1	1	1	1	1	1	1	1	1	1	1	1	1	1	1	1	1	1	1	1	1	1	1	1	1	1	1	1	1	1	1	1	1	1	1	1	+Inf	+Inf	+Inf	+Inf	+Inf	+Inf	+Inf	+Inf	+Inf	+Inf	+Inf	+Inf	+Inf	+Inf	+Inf	+Inf	+Inf	+Inf	+Inf	+Inf	+Inf	+Inf	+Inf	+Inf	+Inf	+Inf	+Inf	+Inf	1	1	1	1	1	1	1	1	1	1	1	1	1	1	1	1	1	1	1	1	1	1	1	1	1	1	1	1	1	1	1	1	1	1	1	1	1	1	1	1	1	1	1	1	1	1	1	1	1	1	1	1	1	1	1	1	1	1	1	1	1	1	1	1	1	1	1	1	1	1	1	1	1	1	1	1	1	1	1	1	1	1	1	1	1	1	
1	1	1	1	1	1	1	1	1	1	1	1	1	1	1	1	1	1	1	1	1	1	1	1	1	1	1	1	1	1	1	1	1	1	1	1	1	1	1	1	1	1	1	1	1	1	1	1	1	1	1	1	1	1	1	1	1	1	1	1	1	1	1	1	1	1	1	1	1	1	1	1	1	1	1	1	1	1	1	1	1	1	1	1	1	1	+Inf	+Inf	+Inf	+Inf	+Inf	+Inf	+Inf	+Inf	+Inf	+Inf	+Inf	+Inf	+Inf	+Inf	+Inf	+Inf	+Inf	+Inf	+Inf	+Inf	+Inf	+Inf	+Inf	+Inf	+Inf	+Inf	+Inf	+Inf	1	1	1	1	1	1	1	1	1	1	1	1	1	1	1	1	1	1	1	1	1	1	1	1	1	1	1	1	1	1	1	1	1	1	1	1	1	1	1	1	1	1	1	1	1	1	1	1	1	1	1	1	1	1	1	1	1	1	1	1	1	1	1	1	1	1	1	1	1	1	1	1	1	1	1	1	1	1	1	1	1	1	1	1	1	1	
1	1	1	1	1	1	1	1	1	1	1	1	1	1	1	1	1	1	1	1	1	1	1	1	1	1	1	1	1	1	1	1	1	1	1	1	1	1	1	1	1	1	1	1	1	1	1	1	1	1	1	1	1	1	1	1	1	1	1	1	1	1	1	1	1	1	1	1	1	1	1	1	1	1	1	1	1	1	1	1	1	1	1	1	1	1	+Inf	+Inf	+Inf	+Inf	+Inf	+Inf	+Inf	+Inf	+Inf	+Inf	+Inf	+Inf	+Inf	+Inf	+Inf	+Inf	+Inf	+Inf	+Inf	+Inf	+Inf	+Inf	+Inf	+Inf	+Inf	+Inf	+Inf	+Inf	1	1	1	1	1	1	1	1	1	1	1	1	1	1	1	1	1	1	1	1	1	1	1	1	1	1	1	1	1	1	1	1	1	1	1	1	1	1	1	1	1	1	1	1	1	1	1	1	1	1	1	1	1	1	1	1	1	1	1	1	1	1	1	1	1	1	1	1	1	1	1	1	1	1	1	1	1	1	1	1	1	1	1	1	1	1	
1	1	1	1	1	1	1	1	1	1	1	1	1	1	1	1	1	1	1	1	1	1	1	1	1	1	1	1	1	1	1	1	1	1	1	1	1	1	1	1	1	1	1	1	1	1	1	1	1	1	1	1	1	1	1	1	1	1	1	1	1	1	1	1	1	1	1	1	1	1	1	1	1	1	1	1	1	1	1	1	1	1	1	1	1	1	+Inf	+Inf	+Inf	+Inf	+Inf	+Inf	+Inf	+Inf	+Inf	+Inf	+Inf	+Inf	+Inf	+Inf	+Inf	+Inf	+Inf	+Inf	+Inf	+Inf	+Inf	+Inf	+Inf	+Inf	+Inf	+Inf	+Inf	+Inf	1	1	1	1	1	1	1	1	1	1	1	1	1	1	1	1	1	1	1	1	1	1	1	1	1	1	1	1	1	1	1	1	1	1	1	1	1	1	1	1	1	1	1	1	1	1	1	1	1	1	1	1	1	1	1	1	1	1	1	1	1	1	1	1	1	1	1	1	1	1	1	1	1	1	1	1	1	1	1	1	1	1	1	1	1	1	
1	1	1	1	1	1	1	1	1	1	1	1	1	1	1	1	1	1	1	1	1	1	1	1	1	1	1	1	1	1	1	1	1	1	1	1	1	1	1	1	1	1	1	1	1	1	1	1	1	1	1	1	1	1	1	1	1	1	1	1	1	1	1	1	1	1	1	1	1	1	1	1	1	1	1	1	1	1	1	1	1	1	1	1	1	1	+Inf	+Inf	+Inf	+Inf	+Inf	+Inf	+Inf	+Inf	+Inf	+Inf	+Inf	+Inf	+Inf	+Inf	+Inf	+Inf	+Inf	+Inf	+Inf	+Inf	+Inf	+Inf	+Inf	+Inf	+Inf	+Inf	+Inf	+Inf	1	1	1	1	1	1	1	1	1	1	1	1	1	1	1	1	1	1	1	1	1	1	1	1	1	1	1	1	1	1	1	1	1	1	1	1	1	1	1	1	1	1	1	1	1	1	1	1	1	1	1	1	1	1	1	1	1	1	1	1	1	1	1	1	1	1	1	1	1	1	1	1	1	1	1	1	1	1	1	1	1	1	1	1	1	1	
1	1	1	1	1	1	1	1	1	1	1	1	1	1	1	1	1	1	1	1	1	1	1	1	1	1	1	1	1	1	1	1	1	1	1	1	1	1	1	1	1	1	1	1	1	1	1	1	1	1	1	1	1	1	1	1	1	1	1	1	1	1	1	1	1	1	1	1	1	1	1	1	1	1	1	1	1	1	1	1	1	1	1	1	1	1	+Inf	+Inf	+Inf	+Inf	+Inf	+Inf	+Inf	+Inf	+Inf	+Inf	+Inf	+Inf	+Inf	+Inf	+Inf	+Inf	+Inf	+Inf	+Inf	+Inf	+Inf	+Inf	+Inf	+Inf	+Inf	+Inf	+Inf	+Inf	1	1	1	1	1	1	1	1	1	1	1	1	1	1	1	1	1	1	1	1	1	1	1	1	1	1	1	1	1	1	1	1	1	1	1	1	1	1	1	1	1	1	1	1	1	1	1	1	1	1	1	1	1	1	1	1	1	1	1	1	1	1	1	1	1	1	1	1	1	1	1	1	1	1	1	1	1	1	1	1	1	1	1	1	1	1	
1	1	1	1	1	1	1	1	1	1	1	1	1	1	1	1	1	1	1	1	1	1	1	1	1	1	1	1	1	1	1	1	1	1	1	1	1	1	1	1	1	1	1	1	1	1	1	1	1	1	1	1	1	1	1	1	1	1	1	1	1	1	1	1	1	1	1	1	1	1	1	1	1	1	1	1	1	1	1	1	1	1	1	1	1	1	+Inf	+Inf	+Inf	+Inf	+Inf	+Inf	+Inf	+Inf	+Inf	+Inf	+Inf	+Inf	+Inf	+Inf	+Inf	+Inf	+Inf	+Inf	+Inf	+Inf	+Inf	+Inf	+Inf	+Inf	+Inf	+Inf	+Inf	+Inf	1	1	1	1	1	1	1	1	1	1	1	1	1	1	1	1	1	1	1	1	1	1	1	1	1	1	1	1	1	1	1	1	1	1	1	1	1	1	1	1	1	1	1	1	1	1	1	1	1	1	1	1	1	1	1	1	1	1	1	1	1	1	1	1	1	1	1	1	1	1	1	1	1	1	1	1	1	1	1	1	1	1	1	1	1	1	
1	1	1	1	1	1	1	1	1	1	1	1	1	1	1	1	1	1	1	1	1	1	1	1	1	1	1	1	1	1	1	1	1	1	1	1	1	1	1	1	1	1	1	1	1	1	1	1	1	1	1	1	1	1	1	1	1	1	1	1	1	1	1	1	1	1	1	1	1	1	1	1	1	1	1	1	1	1	1	1	1	1	1	1	1	1	+Inf	+Inf	+Inf	+Inf	+Inf	+Inf	+Inf	+Inf	+Inf	+Inf	+Inf	+Inf	+Inf	+Inf	+Inf	+Inf	+Inf	+Inf	+Inf	+Inf	+Inf	+Inf	+Inf	+Inf	+Inf	+Inf	+Inf	+Inf	1	1	1	1	1	1	1	1	1	1	1	1	1	1	1	1	1	1	1	1	1	1	1	1	1	1	1	1	1	1	1	1	1	1	1	1	1	1	1	1	1	1	1	1	1	1	1	1	1	1	1	1	1	1	1	1	1	1	1	1	1	1	1	1	1	1	1	1	1	1	1	1	1	1	1	1	1	1	1	1	1	1	1	1	1	1	
1	1	1	1	1	1	1	1	1	1	1	1	1	1	1	1	1	1	1	1	1	1	1	1	1	1	1	1	1	1	1	1	1	1	1	1	1	1	1	1	1	1	1	1	1	1	1	1	1	1	1	1	1	1	1	1	1	1	1	1	1	1	1	1	1	1	1	1	1	1	1	1	1	1	1	1	1	1	1	1	1	1	1	1	1	1	+Inf	+Inf	+Inf	+Inf	+Inf	+Inf	+Inf	+Inf	+Inf	+Inf	+Inf	+Inf	+Inf	+Inf	+Inf	+Inf	+Inf	+Inf	+Inf	+Inf	+Inf	+Inf	+Inf	+Inf	+Inf	+Inf	+Inf	+Inf	1	1	1	1	1	1	1	1	1	1	1	1	1	1	1	1	1	1	1	1	1	1	1	1	1	1	1	1	1	1	1	1	1	1	1	1	1	1	1	1	1	1	1	1	1	1	1	1	1	1	1	1	1	1	1	1	1	1	1	1	1	1	1	1	1	1	1	1	1	1	1	1	1	1	1	1	1	1	1	1	1	1	1	1	1	1	
1	1	1	1	1	1	1	1	1	1	1	1	1	1	1	1	1	1	1	1	1	1	1	1	1	1	1	1	1	1	1	1	1	1	1	1	1	1	1	1	1	1	1	1	1	1	1	1	1	1	1	1	1	1	1	1	1	1	1	1	1	1	1	1	1	1	1	1	1	1	1	1	1	1	1	1	1	1	1	1	1	1	1	1	1	1	+Inf	+Inf	+Inf	+Inf	+Inf	+Inf	+Inf	+Inf	+Inf	+Inf	+Inf	+Inf	+Inf	+Inf	+Inf	+Inf	+Inf	+Inf	+Inf	+Inf	+Inf	+Inf	+Inf	+Inf	+Inf	+Inf	+Inf	+Inf	1	1	1	1	1	1	1	1	1	1	1	1	1	1	1	1	1	1	1	1	1	1	1	1	1	1	1	1	1	1	1	1	1	1	1	1	1	1	1	1	1	1	1	1	1	1	1	1	1	1	1	1	1	1	1	1	1	1	1	1	1	1	1	1	1	1	1	1	1	1	1	1	1	1	1	1	1	1	1	1	1	1	1	1	1	1	
1	1	1	1	1	1	1	1	1	1	1	1	1	1	1	1	1	1	1	1	1	1	1	1	1	1	1	1	1	1	1	1	1	1	1	1	1	1	1	1	1	1	1	1	1	1	1	1	1	1	1	1	1	1	1	1	1	1	1	1	1	1	1	1	1	1	1	1	1	1	1	1	1	1	1	1	1	1	1	1	1	1	1	1	1	1	+Inf	+Inf	+Inf	+Inf	+Inf	+Inf	+Inf	+Inf	+Inf	+Inf	+Inf	+Inf	+Inf	+Inf	+Inf	+Inf	+Inf	+Inf	+Inf	+Inf	+Inf	+Inf	+Inf	+Inf	+Inf	+Inf	+Inf	+Inf	1	1	1	1	1	1	1	1	1	1	1	1	1	1	1	1	1	1	1	1	1	1	1	1	1	1	1	1	1	1	1	1	1	1	1	1	1	1	1	1	1	1	1	1	1	1	1	1	1	1	1	1	1	1	1	1	1	1	1	1	1	1	1	1	1	1	1	1	1	1	1	1	1	1	1	1	1	1	1	1	1	1	1	1	1	1	
1	1	1	1	1	1	1	1	1	1	1	1	1	1	1	1	1	1	1	1	1	1	1	1	1	1	1	1	1	1	1	1	1	1	1	1	1	1	1	1	1	1	1	1	1	1	1	1	1	1	1	1	1	1	1	1	1	1	1	1	1	1	1	1	1	1	1	1	1	1	1	1	1	1	1	1	1	1	1	1	1	1	1	1	1	1	+Inf	+Inf	+Inf	+Inf	+Inf	+Inf	+Inf	+Inf	+Inf	+Inf	+Inf	+Inf	+Inf	+Inf	+Inf	+Inf	+Inf	+Inf	+Inf	+Inf	+Inf	+Inf	+Inf	+Inf	+Inf	+Inf	+Inf	+Inf	1	1	1	1	1	1	1	1	1	1	1	1	1	1	1	1	1	1	1	1	1	1	1	1	1	1	1	1	1	1	1	1	1	1	1	1	1	1	1	1	1	1	1	1	1	1	1	1	1	1	1	1	1	1	1	1	1	1	1	1	1	1	1	1	1	1	1	1	1	1	1	1	1	1	1	1	1	1	1	1	1	1	1	1	1	1	
1	1	1	1	1	1	1	1	1	1	1	1	1	1	1	1	1	1	1	1	1	1	1	1	1	1	1	1	1	1	1	1	1	1	1	1	1	1	1	1	1	1	1	1	1	1	1	1	1	1	1	1	1	1	1	1	1	1	1	1	1	1	1	1	1	1	1	1	1	1	1	1	1	1	1	1	1	1	1	1	1	1	1	1	1	1	+Inf	+Inf	+Inf	+Inf	+Inf	+Inf	+Inf	+Inf	+Inf	+Inf	+Inf	+Inf	+Inf	+Inf	+Inf	+Inf	+Inf	+Inf	+Inf	+Inf	+Inf	+Inf	+Inf	+Inf	+Inf	+Inf	+Inf	+Inf	1	1	1	1	1	1	1	1	1	1	1	1	1	1	1	1	1	1	1	1	1	1	1	1	1	1	1	1	1	1	1	1	1	1	1	1	1	1	1	1	1	1	1	1	1	1	1	1	1	1	1	1	1	1	1	1	1	1	1	1	1	1	1	1	1	1	1	1	1	1	1	1	1	1	1	1	1	1	1	1	1	1	1	1	1	1	
1	1	1	1	1	1	1	1	1	1	1	1	1	1	1	1	1	1	1	1	1	1	1	1	1	1	1	1	1	1	1	1	1	1	1	1	1	1	1	1	1	1	1	1	1	1	1	1	1	1	1	1	1	1	1	1	1	1	1	1	1	1	1	1	1	1	1	1	1	1	1	1	1	1	1	1	1	1	1	1	1	1	1	1	1	1	+Inf	+Inf	+Inf	+Inf	+Inf	+Inf	+Inf	+Inf	+Inf	+Inf	+Inf	+Inf	+Inf	+Inf	+Inf	+Inf	+Inf	+Inf	+Inf	+Inf	+Inf	+Inf	+Inf	+Inf	+Inf	+Inf	+Inf	+Inf	1	1	1	1	1	1	1	1	1	1	1	1	1	1	1	1	1	1	1	1	1	1	1	1	1	1	1	1	1	1	1	1	1	1	1	1	1	1	1	1	1	1	1	1	1	1	1	1	1	1	1	1	1	1	1	1	1	1	1	1	1	1	1	1	1	1	1	1	1	1	1	1	1	1	1	1	1	1	1	1	1	1	1	1	1	1	
1	1	1	1	1	1	1	1	1	1	1	1	1	1	1	1	1	1	1	1	1	1	1	1	1	1	1	1	1	1	1	1	1	1	1	1	1	1	1	1	1	1	1	1	1	1	1	1	1	1	1	1	1	1	1	1	1	1	1	1	1	1	1	1	1	1	1	1	1	1	1	1	1	1	1	1	1	1	1	1	1	1	1	1	1	1	+Inf	+Inf	+Inf	+Inf	+Inf	+Inf	+Inf	+Inf	+Inf	+Inf	+Inf	+Inf	+Inf	+Inf	+Inf	+Inf	+Inf	+Inf	+Inf	+Inf	+Inf	+Inf	+Inf	+Inf	+Inf	+Inf	+Inf	+Inf	1	1	1	1	1	1	1	1	1	1	1	1	1	1	1	1	1	1	1	1	1	1	1	1	1	1	1	1	1	1	1	1	1	1	1	1	1	1	1	1	1	1	1	1	1	1	1	1	1	1	1	1	1	1	1	1	1	1	1	1	1	1	1	1	1	1	1	1	1	1	1	1	1	1	1	1	1	1	1	1	1	1	1	1	1	1	
1	1	1	1	1	1	1	1	1	1	1	1	1	1	1	1	1	1	1	1	1	1	1	1	1	1	1	1	1	1	1	1	1	1	1	1	1	1	1	1	1	1	1	1	1	1	1	1	1	1	1	1	1	1	1	1	1	1	1	1	1	1	1	1	1	1	1	1	1	1	1	1	1	1	1	1	1	1	1	1	1	1	1	1	1	1	+Inf	+Inf	+Inf	+Inf	+Inf	+Inf	+Inf	+Inf	+Inf	+Inf	+Inf	+Inf	+Inf	+Inf	+Inf	+Inf	+Inf	+Inf	+Inf	+Inf	+Inf	+Inf	+Inf	+Inf	+Inf	+Inf	+Inf	+Inf	1	1	1	1	1	1	1	1	1	1	1	1	1	1	1	1	1	1	1	1	1	1	1	1	1	1	1	1	1	1	1	1	1	1	1	1	1	1	1	1	1	1	1	1	1	1	1	1	1	1	1	1	1	1	1	1	1	1	1	1	1	1	1	1	1	1	1	1	1	1	1	1	1	1	1	1	1	1	1	1	1	1	1	1	1	1	
1	1	1	1	1	1	1	1	1	1	1	1	1	1	1	1	1	1	1	1	1	1	1	1	1	1	1	1	1	1	1	1	1	1	1	1	1	1	1	1	1	1	1	1	1	1	1	1	1	1	1	1	1	1	1	1	1	1	1	1	1	1	1	1	1	1	1	1	1	1	1	1	1	1	1	1	1	1	1	1	1	1	1	1	1	1	+Inf	+Inf	+Inf	+Inf	+Inf	+Inf	+Inf	+Inf	+Inf	+Inf	+Inf	+Inf	+Inf	+Inf	+Inf	+Inf	+Inf	+Inf	+Inf	+Inf	+Inf	+Inf	+Inf	+Inf	+Inf	+Inf	+Inf	+Inf	1	1	1	1	1	1	1	1	1	1	1	1	1	1	1	1	1	1	1	1	1	1	1	1	1	1	1	1	1	1	1	1	1	1	1	1	1	1	1	1	1	1	1	1	1	1	1	1	1	1	1	1	1	1	1	1	1	1	1	1	1	1	1	1	1	1	1	1	1	1	1	1	1	1	1	1	1	1	1	1	1	1	1	1	1	1	
1	1	1	1	1	1	1	1	1	1	1	1	1	1	1	1	1	1	1	1	1	1	1	1	1	1	1	1	1	1	1	1	1	1	1	1	1	1	1	1	1	1	1	1	1	1	1	1	1	1	1	1	1	1	1	1	1	1	1	1	1	1	1	1	1	1	1	1	1	1	1	1	1	1	1	1	1	1	1	1	1	1	1	1	1	1	+Inf	+Inf	+Inf	+Inf	+Inf	+Inf	+Inf	+Inf	+Inf	+Inf	+Inf	+Inf	+Inf	+Inf	+Inf	+Inf	+Inf	+Inf	+Inf	+Inf	+Inf	+Inf	+Inf	+Inf	+Inf	+Inf	+Inf	+Inf	1	1	1	1	1	1	1	1	1	1	1	1	1	1	1	1	1	1	1	1	1	1	1	1	1	1	1	1	1	1	1	1	1	1	1	1	1	1	1	1	1	1	1	1	1	1	1	1	1	1	1	1	1	1	1	1	1	1	1	1	1	1	1	1	1	1	1	1	1	1	1	1	1	1	1	1	1	1	1	1	1	1	1	1	1	1	
1	1	1	1	1	1	1	1	1	1	1	1	1	1	1	1	1	1	1	1	1	1	1	1	1	1	1	1	1	1	1	1	1	1	1	1	1	1	1	1	1	1	1	1	1	1	1	1	1	1	1	1	1	1	1	1	1	1	1	1	1	1	1	1	1	1	1	1	1	1	1	1	1	1	1	1	1	1	1	1	1	1	1	1	1	1	+Inf	+Inf	+Inf	+Inf	+Inf	+Inf	+Inf	+Inf	+Inf	+Inf	+Inf	+Inf	+Inf	+Inf	+Inf	+Inf	+Inf	+Inf	+Inf	+Inf	+Inf	+Inf	+Inf	+Inf	+Inf	+Inf	+Inf	+Inf	1	1	1	1	1	1	1	1	1	1	1	1	1	1	1	1	1	1	1	1	1	1	1	1	1	1	1	1	1	1	1	1	1	1	1	1	1	1	1	1	1	1	1	1	1	1	1	1	1	1	1	1	1	1	1	1	1	1	1	1	1	1	1	1	1	1	1	1	1	1	1	1	1	1	1	1	1	1	1	1	1	1	1	1	1	1	
1	1	1	1	1	1	1	1	1	1	1	1	1	1	1	1	1	1	1	1	1	1	1	1	1	1	1	1	1	1	1	1	1	1	1	1	1	1	1	1	1	1	1	1	1	1	1	1	1	1	1	1	1	1	1	1	1	1	1	1	1	1	1	1	1	1	1	1	1	1	1	1	1	1	1	1	1	1	1	1	1	1	1	1	1	1	+Inf	+Inf	+Inf	+Inf	+Inf	+Inf	+Inf	+Inf	+Inf	+Inf	+Inf	+Inf	+Inf	+Inf	+Inf	+Inf	+Inf	+Inf	+Inf	+Inf	+Inf	+Inf	+Inf	+Inf	+Inf	+Inf	+Inf	+Inf	1	1	1	1	1	1	1	1	1	1	1	1	1	1	1	1	1	1	1	1	1	1	1	1	1	1	1	1	1	1	1	1	1	1	1	1	1	1	1	1	1	1	1	1	1	1	1	1	1	1	1	1	1	1	1	1	1	1	1	1	1	1	1	1	1	1	1	1	1	1	1	1	1	1	1	1	1	1	1	1	1	1	1	1	1	1	
1	1	1	1	1	1	1	1	1	1	1	1	1	1	1	1	1	1	1	1	1	1	1	1	1	1	1	1	1	1	1	1	1	1	1	1	1	1	1	1	1	1	1	1	1	1	1	1	1	1	1	1	1	1	1	1	1	1	1	1	1	1	1	1	1	1	1	1	1	1	1	1	1	1	1	1	1	1	1	1	1	1	1	1	1	1	+Inf	+Inf	+Inf	+Inf	+Inf	+Inf	+Inf	+Inf	+Inf	+Inf	+Inf	+Inf	+Inf	+Inf	+Inf	+Inf	+Inf	+Inf	+Inf	+Inf	+Inf	+Inf	+Inf	+Inf	+Inf	+Inf	+Inf	+Inf	1	1	1	1	1	1	1	1	1	1	1	1	1	1	1	1	1	1	1	1	1	1	1	1	1	1	1	1	1	1	1	1	1	1	1	1	1	1	1	1	1	1	1	1	1	1	1	1	1	1	1	1	1	1	1	1	1	1	1	1	1	1	1	1	1	1	1	1	1	1	1	1	1	1	1	1	1	1	1	1	1	1	1	1	1	1	
1	1	1	1	1	1	1	1	1	1	1	1	1	1	1	1	1	1	1	1	1	1	1	1	1	1	1	1	1	1	1	1	1	1	1	1	1	1	1	1	1	1	1	1	1	1	1	1	1	1	1	1	1	1	1	1	1	1	1	1	1	1	1	1	1	1	1	1	1	1	1	1	1	1	1	1	1	1	1	1	1	1	1	1	1	1	+Inf	+Inf	+Inf	+Inf	+Inf	+Inf	+Inf	+Inf	+Inf	+Inf	+Inf	+Inf	+Inf	+Inf	+Inf	+Inf	+Inf	+Inf	+Inf	+Inf	+Inf	+Inf	+Inf	+Inf	+Inf	+Inf	+Inf	+Inf	1	1	1	1	1	1	1	1	1	1	1	1	1	1	1	1	1	1	1	1	1	1	1	1	1	1	1	1	1	1	1	1	1	1	1	1	1	1	1	1	1	1	1	1	1	1	1	1	1	1	1	1	1	1	1	1	1	1	1	1	1	1	1	1	1	1	1	1	1	1	1	1	1	1	1	1	1	1	1	1	1	1	1	1	1	1	
1	1	1	1	1	1	1	1	1	1	1	1	1	1	1	1	1	1	1	1	1	1	1	1	1	1	1	1	1	1	1	1	1	1	1	1	1	1	1	1	1	1	1	1	1	1	1	1	1	1	1	1	1	1	1	1	1	1	1	1	1	1	1	1	1	1	1	1	1	1	1	1	1	1	1	1	1	1	1	1	1	1	1	1	1	1	+Inf	+Inf	+Inf	+Inf	+Inf	+Inf	+Inf	+Inf	+Inf	+Inf	+Inf	+Inf	+Inf	+Inf	+Inf	+Inf	+Inf	+Inf	+Inf	+Inf	+Inf	+Inf	+Inf	+Inf	+Inf	+Inf	+Inf	+Inf	1	1	1	1	1	1	1	1	1	1	1	1	1	1	1	1	1	1	1	1	1	1	1	1	1	1	1	1	1	1	1	1	1	1	1	1	1	1	1	1	1	1	1	1	1	1	1	1	1	1	1	1	1	1	1	1	1	1	1	1	1	1	1	1	1	1	1	1	1	1	1	1	1	1	1	1	1	1	1	1	1	1	1	1	1	1	
1	1	1	1	1	1	1	1	1	1	1	1	1	1	1	1	1	1	1	1	1	1	1	1	1	1	1	1	1	1	1	1	1	1	1	1	1	1	1	1	1	1	1	1	1	1	1	1	1	1	1	1	1	1	1	1	1	1	1	1	1	1	1	1	1	1	1	1	1	1	1	1	1	1	1	1	1	1	1	1	1	1	1	1	1	1	+Inf	+Inf	+Inf	+Inf	+Inf	+Inf	+Inf	+Inf	+Inf	+Inf	+Inf	+Inf	+Inf	+Inf	+Inf	+Inf	+Inf	+Inf	+Inf	+Inf	+Inf	+Inf	+Inf	+Inf	+Inf	+Inf	+Inf	+Inf	1	1	1	1	1	1	1	1	1	1	1	1	1	1	1	1	1	1	1	1	1	1	1	1	1	1	1	1	1	1	1	1	1	1	1	1	1	1	1	1	1	1	1	1	1	1	1	1	1	1	1	1	1	1	1	1	1	1	1	1	1	1	1	1	1	1	1	1	1	1	1	1	1	1	1	1	1	1	1	1	1	1	1	1	1	1	
1	1	1	1	1	1	1	1	1	1	1	1	1	1	1	1	1	1	1	1	1	1	1	1	1	1	1	1	1	1	1	1	1	1	1	1	1	1	1	1	1	1	1	1	1	1	1	1	1	1	1	1	1	1	1	1	1	1	1	1	1	1	1	1	1	1	1	1	1	1	1	1	1	1	1	1	1	1	1	1	1	1	1	1	1	1	+Inf	+Inf	+Inf	+Inf	+Inf	+Inf	+Inf	+Inf	+Inf	+Inf	+Inf	+Inf	+Inf	+Inf	+Inf	+Inf	+Inf	+Inf	+Inf	+Inf	+Inf	+Inf	+Inf	+Inf	+Inf	+Inf	+Inf	+Inf	1	1	1	1	1	1	1	1	1	1	1	1	1	1	1	1	1	1	1	1	1	1	1	1	1	1	1	1	1	1	1	1	1	1	1	1	1	1	1	1	1	1	1	1	1	1	1	1	1	1	1	1	1	1	1	1	1	1	1	1	1	1	1	1	1	1	1	1	1	1	1	1	1	1	1	1	1	1	1	1	1	1	1	1	1	1	
1	1	1	1	1	1	1	1	1	1	1	1	1	1	1	1	1	1	1	1	1	1	1	1	1	1	1	1	1	1	1	1	1	1	1	1	1	1	1	1	1	1	1	1	1	1	1	1	1	1	1	1	1	1	1	1	1	1	1	1	1	1	1	1	1	1	1	1	1	1	1	1	1	1	1	1	1	1	1	1	1	1	1	1	1	1	+Inf	+Inf	+Inf	+Inf	+Inf	+Inf	+Inf	+Inf	+Inf	+Inf	+Inf	+Inf	+Inf	+Inf	+Inf	+Inf	+Inf	+Inf	+Inf	+Inf	+Inf	+Inf	+Inf	+Inf	+Inf	+Inf	+Inf	+Inf	1	1	1	1	1	1	1	1	1	1	1	1	1	1	1	1	1	1	1	1	1	1	1	1	1	1	1	1	1	1	1	1	1	1	1	1	1	1	1	1	1	1	1	1	1	1	1	1	1	1	1	1	1	1	1	1	1	1	1	1	1	1	1	1	1	1	1	1	1	1	1	1	1	1	1	1	1	1	1	1	1	1	1	1	1	1	
1	1	1	1	1	1	1	1	1	1	1	1	1	1	1	1	1	1	1	1	1	1	1	1	1	1	1	1	1	1	1	1	1	1	1	1	1	1	1	1	1	1	1	1	1	1	1	1	1	1	1	1	1	1	1	1	1	1	1	1	1	1	1	1	1	1	1	1	1	1	1	1	1	1	1	1	1	1	1	1	1	1	1	1	1	1	+Inf	+Inf	+Inf	+Inf	+Inf	+Inf	+Inf	+Inf	+Inf	+Inf	+Inf	+Inf	+Inf	+Inf	+Inf	+Inf	+Inf	+Inf	+Inf	+Inf	+Inf	+Inf	+Inf	+Inf	+Inf	+Inf	+Inf	+Inf	1	1	1	1	1	1	1	1	1	1	1	1	1	1	1	1	1	1	1	1	1	1	1	1	1	1	1	1	1	1	1	1	1	1	1	1	1	1	1	1	1	1	1	1	1	1	1	1	1	1	1	1	1	1	1	1	1	1	1	1	1	1	1	1	1	1	1	1	1	1	1	1	1	1	1	1	1	1	1	1	1	1	1	1	1	1	
1	1	1	1	1	1	1	1	1	1	1	1	1	1	1	1	1	1	1	1	1	1	1	1	1	1	1	1	1	1	1	1	1	1	1	1	1	1	1	1	1	1	1	1	1	1	1	1	1	1	1	1	1	1	1	1	1	1	1	1	1	1	1	1	1	1	1	1	1	1	1	1	1	1	1	1	1	1	1	1	1	1	1	1	1	1	+Inf	+Inf	+Inf	+Inf	+Inf	+Inf	+Inf	+Inf	+Inf	+Inf	+Inf	+Inf	+Inf	+Inf	+Inf	+Inf	+Inf	+Inf	+Inf	+Inf	+Inf	+Inf	+Inf	+Inf	+Inf	+Inf	+Inf	+Inf	1	1	1	1	1	1	1	1	1	1	1	1	1	1	1	1	1	1	1	1	1	1	1	1	1	1	1	1	1	1	1	1	1	1	1	1	1	1	1	1	1	1	1	1	1	1	1	1	1	1	1	1	1	1	1	1	1	1	1	1	1	1	1	1	1	1	1	1	1	1	1	1	1	1	1	1	1	1	1	1	1	1	1	1	1	1	
1	1	1	1	1	1	1	1	1	1	1	1	1	1	1	1	1	1	1	1	1	1	1	1	1	1	1	1	1	1	1	1	1	1	1	1	1	1	1	1	1	1	1	1	1	1	1	1	1	1	1	1	1	1	1	1	1	1	1	1	1	1	1	1	1	1	1	1	1	1	1	1	1	1	1	1	1	1	1	1	1	1	1	1	1	1	+Inf	+Inf	+Inf	+Inf	+Inf	+Inf	+Inf	+Inf	+Inf	+Inf	+Inf	+Inf	+Inf	+Inf	+Inf	+Inf	+Inf	+Inf	+Inf	+Inf	+Inf	+Inf	+Inf	+Inf	+Inf	+Inf	+Inf	+Inf	1	1	1	1	1	1	1	1	1	1	1	1	1	1	1	1	1	1	1	1	1	1	1	1	1	1	1	1	1	1	1	1	1	1	1	1	1	1	1	1	1	1	1	1	1	1	1	1	1	1	1	1	1	1	1	1	1	1	1	1	1	1	1	1	1	1	1	1	1	1	1	1	1	1	1	1	1	1	1	1	1	1	1	1	1	1	
1	1	1	1	1	1	1	1	1	1	1	1	1	1	1	1	1	1	1	1	1	1	1	1	1	1	1	1	1	1	1	1	1	1	1	1	1	1	1	1	1	1	1	1	1	1	1	1	1	1	1	1	1	1	1	1	1	1	1	1	1	1	1	1	1	1	1	1	1	1	1	1	1	1	1	1	1	1	1	1	1	1	1	1	1	1	+Inf	+Inf	+Inf	+Inf	+Inf	+Inf	+Inf	+Inf	+Inf	+Inf	+Inf	+Inf	+Inf	+Inf	+Inf	+Inf	+Inf	+Inf	+Inf	+Inf	+Inf	+Inf	+Inf	+Inf	+Inf	+Inf	+Inf	+Inf	1	1	1	1	1	1	1	1	1	1	1	1	1	1	1	1	1	1	1	1	1	1	1	1	1	1	1	1	1	1	1	1	1	1	1	1	1	1	1	1	1	1	1	1	1	1	1	1	1	1	1	1	1	1	1	1	1	1	1	1	1	1	1	1	1	1	1	1	1	1	1	1	1	1	1	1	1	1	1	1	1	1	1	1	1	1	
1	1	1	1	1	1	1	1	1	1	1	1	1	1	1	1	1	1	1	1	1	1	1	1	1	1	1	1	1	1	1	1	1	1	1	1	1	1	1	1	1	1	1	1	1	1	1	1	1	1	1	1	1	1	1	1	1	1	1	1	1	1	1	1	1	1	1	1	1	1	1	1	1	1	1	1	1	1	1	1	1	1	1	1	1	1	+Inf	+Inf	+Inf	+Inf	+Inf	+Inf	+Inf	+Inf	+Inf	+Inf	+Inf	+Inf	+Inf	+Inf	+Inf	+Inf	+Inf	+Inf	+Inf	+Inf	+Inf	+Inf	+Inf	+Inf	+Inf	+Inf	+Inf	+Inf	1	1	1	1	1	1	1	1	1	1	1	1	1	1	1	1	1	1	1	1	1	1	1	1	1	1	1	1	1	1	1	1	1	1	1	1	1	1	1	1	1	1	1	1	1	1	1	1	1	1	1	1	1	1	1	1	1	1	1	1	1	1	1	1	1	1	1	1	1	1	1	1	1	1	1	1	1	1	1	1	1	1	1	1	1	1	
1	1	1	1	1	1	1	1	1	1	1	1	1	1	1	1	1	1	1	1	1	1	1	1	1	1	1	1	1	1	1	1	1	1	1	1	1	1	1	1	1	1	1	1	1	1	1	1	1	1	1	1	1	1	1	1	1	1	1	1	1	1	1	1	1	1	1	1	1	1	1	1	1	1	1	1	1	1	1	1	1	1	1	1	1	1	+Inf	+Inf	+Inf	+Inf	+Inf	+Inf	+Inf	+Inf	+Inf	+Inf	+Inf	+Inf	+Inf	+Inf	+Inf	+Inf	+Inf	+Inf	+Inf	+Inf	+Inf	+Inf	+Inf	+Inf	+Inf	+Inf	+Inf	+Inf	1	1	1	1	1	1	1	1	1	1	1	1	1	1	1	1	1	1	1	1	1	1	1	1	1	1	1	1	1	1	1	1	1	1	1	1	1	1	1	1	1	1	1	1	1	1	1	1	1	1	1	1	1	1	1	1	1	1	1	1	1	1	1	1	1	1	1	1	1	1	1	1	1	1	1	1	1	1	1	1	1	1	1	1	1	1	
1	1	1	1	1	1	1	1	1	1	1	1	1	1	1	1	1	1	1	1	1	1	1	1	1	1	1	1	1	1	1	1	1	1	1	1	1	1	1	1	1	1	1	1	1	1	1	1	1	1	1	1	1	1	1	1	1	1	1	1	1	1	1	1	1	1	1	1	1	1	1	1	1	1	1	1	1	1	1	1	1	1	1	1	1	1	+Inf	+Inf	+Inf	+Inf	+Inf	+Inf	+Inf	+Inf	+Inf	+Inf	+Inf	+Inf	+Inf	+Inf	+Inf	+Inf	+Inf	+Inf	+Inf	+Inf	+Inf	+Inf	+Inf	+Inf	+Inf	+Inf	+Inf	+Inf	1	1	1	1	1	1	1	1	1	1	1	1	1	1	1	1	1	1	1	1	1	1	1	1	1	1	1	1	1	1	1	1	1	1	1	1	1	1	1	1	1	1	1	1	1	1	1	1	1	1	1	1	1	1	1	1	1	1	1	1	1	1	1	1	1	1	1	1	1	1	1	1	1	1	1	1	1	1	1	1	1	1	1	1	1	1	
1	1	1	1	1	1	1	1	1	1	1	1	1	1	1	1	1	1	1	1	1	1	1	1	1	1	1	1	1	1	1	1	1	1	1	1	1	1	1	1	1	1	1	1	1	1	1	1	1	1	1	1	1	1	1	1	1	1	1	1	1	1	1	1	1	1	1	1	1	1	1	1	1	1	1	1	1	1	1	1	1	1	1	1	1	1	+Inf	+Inf	+Inf	+Inf	+Inf	+Inf	+Inf	+Inf	+Inf	+Inf	+Inf	+Inf	+Inf	+Inf	+Inf	+Inf	+Inf	+Inf	+Inf	+Inf	+Inf	+Inf	+Inf	+Inf	+Inf	+Inf	+Inf	+Inf	1	1	1	1	1	1	1	1	1	1	1	1	1	1	1	1	1	1	1	1	1	1	1	1	1	1	1	1	1	1	1	1	1	1	1	1	1	1	1	1	1	1	1	1	1	1	1	1	1	1	1	1	1	1	1	1	1	1	1	1	1	1	1	1	1	1	1	1	1	1	1	1	1	1	1	1	1	1	1	1	1	1	1	1	1	1	
1	1	1	1	1	1	1	1	1	1	1	1	1	1	1	1	1	1	1	1	1	1	1	1	1	1	1	1	1	1	1	1	1	1	1	1	1	1	1	1	1	1	1	1	1	1	1	1	1	1	1	1	1	1	1	1	1	1	1	1	1	1	1	1	1	1	1	1	1	1	1	1	1	1	1	1	1	1	1	1	1	1	1	1	1	1	+Inf	+Inf	+Inf	+Inf	+Inf	+Inf	+Inf	+Inf	+Inf	+Inf	+Inf	+Inf	+Inf	+Inf	+Inf	+Inf	+Inf	+Inf	+Inf	+Inf	+Inf	+Inf	+Inf	+Inf	+Inf	+Inf	+Inf	+Inf	1	1	1	1	1	1	1	1	1	1	1	1	1	1	1	1	1	1	1	1	1	1	1	1	1	1	1	1	1	1	1	1	1	1	1	1	1	1	1	1	1	1	1	1	1	1	1	1	1	1	1	1	1	1	1	1	1	1	1	1	1	1	1	1	1	1	1	1	1	1	1	1	1	1	1	1	1	1	1	1	1	1	1	1	1	1	
1	1	1	1	1	1	1	1	1	1	1	1	1	1	1	1	1	1	1	1	1	1	1	1	1	1	1	1	1	1	1	1	1	1	1	1	1	1	1	1	1	1	1	1	1	1	1	1	1	1	1	1	1	1	1	1	1	1	1	1	1	1	1	1	1	1	1	1	1	1	1	1	1	1	1	1	1	1	1	1	1	1	1	1	1	1	+Inf	+Inf	+Inf	+Inf	+Inf	+Inf	+Inf	+Inf	+Inf	+Inf	+Inf	+Inf	+Inf	+Inf	+Inf	+Inf	+Inf	+Inf	+Inf	+Inf	+Inf	+Inf	+Inf	+Inf	+Inf	+Inf	+Inf	+Inf	1	1	1	1	1	1	1	1	1	1	1	1	1	1	1	1	1	1	1	1	1	1	1	1	1	1	1	1	1	1	1	1	1	1	1	1	1	1	1	1	1	1	1	1	1	1	1	1	1	1	1	1	1	1	1	1	1	1	1	1	1	1	1	1	1	1	1	1	1	1	1	1	1	1	1	1	1	1	1	1	1	1	1	1	1	1	
1	1	1	1	1	1	1	1	1	1	1	1	1	1	1	1	1	1	1	1	1	1	1	1	1	1	1	1	1	1	1	1	1	1	1	1	1	1	1	1	1	1	1	1	1	1	1	1	1	1	1	1	1	1	1	1	1	1	1	1	1	1	1	1	1	1	1	1	1	1	1	1	1	1	1	1	1	1	1	1	1	1	1	1	1	1	+Inf	+Inf	+Inf	+Inf	+Inf	+Inf	+Inf	+Inf	+Inf	+Inf	+Inf	+Inf	+Inf	+Inf	+Inf	+Inf	+Inf	+Inf	+Inf	+Inf	+Inf	+Inf	+Inf	+Inf	+Inf	+Inf	+Inf	+Inf	1	1	1	1	1	1	1	1	1	1	1	1	1	1	1	1	1	1	1	1	1	1	1	1	1	1	1	1	1	1	1	1	1	1	1	1	1	1	1	1	1	1	1	1	1	1	1	1	1	1	1	1	1	1	1	1	1	1	1	1	1	1	1	1	1	1	1	1	1	1	1	1	1	1	1	1	1	1	1	1	1	1	1	1	1	1	
1	1	1	1	1	1	1	1	1	1	1	1	1	1	1	1	1	1	1	1	1	1	1	1	1	1	1	1	1	1	1	1	1	1	1	1	1	1	1	1	1	1	1	1	1	1	1	1	1	1	1	1	1	1	1	1	1	1	1	1	1	1	1	1	1	1	1	1	1	1	1	1	1	1	1	1	1	1	1	1	1	1	1	1	1	1	+Inf	+Inf	+Inf	+Inf	+Inf	+Inf	+Inf	+Inf	+Inf	+Inf	+Inf	+Inf	+Inf	+Inf	+Inf	+Inf	+Inf	+Inf	+Inf	+Inf	+Inf	+Inf	+Inf	+Inf	+Inf	+Inf	+Inf	+Inf	1	1	1	1	1	1	1	1	1	1	1	1	1	1	1	1	1	1	1	1	1	1	1	1	1	1	1	1	1	1	1	1	1	1	1	1	1	1	1	1	1	1	1	1	1	1	1	1	1	1	1	1	1	1	1	1	1	1	1	1	1	1	1	1	1	1	1	1	1	1	1	1	1	1	1	1	1	1	1	1	1	1	1	1	1	1	
1	1	1	1	1	1	1	1	1	1	1	1	1	1	1	1	1	1	1	1	1	1	1	1	1	1	1	1	1	1	1	1	1	1	1	1	1	1	1	1	1	1	1	1	1	1	1	1	1	1	1	1	1	1	1	1	1	1	1	1	1	1	1	1	1	1	1	1	1	1	1	1	1	1	1	1	1	1	1	1	1	1	1	1	1	1	+Inf	+Inf	+Inf	+Inf	+Inf	+Inf	+Inf	+Inf	+Inf	+Inf	+Inf	+Inf	+Inf	+Inf	+Inf	+Inf	+Inf	+Inf	+Inf	+Inf	+Inf	+Inf	+Inf	+Inf	+Inf	+Inf	+Inf	+Inf	1	1	1	1	1	1	1	1	1	1	1	1	1	1	1	1	1	1	1	1	1	1	1	1	1	1	1	1	1	1	1	1	1	1	1	1	1	1	1	1	1	1	1	1	1	1	1	1	1	1	1	1	1	1	1	1	1	1	1	1	1	1	1	1	1	1	1	1	1	1	1	1	1	1	1	1	1	1	1	1	1	1	1	1	1	1	
1	1	1	1	1	1	1	1	1	1	1	1	1	1	1	1	1	1	1	1	1	1	1	1	1	1	1	1	1	1	1	1	1	1	1	1	1	1	1	1	1	1	1	1	1	1	1	1	1	1	1	1	1	1	1	1	1	1	1	1	1	1	1	1	1	1	1	1	1	1	1	1	1	1	1	1	1	1	1	1	1	1	1	1	1	1	+Inf	+Inf	+Inf	+Inf	+Inf	+Inf	+Inf	+Inf	+Inf	+Inf	+Inf	+Inf	+Inf	+Inf	+Inf	+Inf	+Inf	+Inf	+Inf	+Inf	+Inf	+Inf	+Inf	+Inf	+Inf	+Inf	+Inf	+Inf	1	1	1	1	1	1	1	1	1	1	1	1	1	1	1	1	1	1	1	1	1	1	1	1	1	1	1	1	1	1	1	1	1	1	1	1	1	1	1	1	1	1	1	1	1	1	1	1	1	1	1	1	1	1	1	1	1	1	1	1	1	1	1	1	1	1	1	1	1	1	1	1	1	1	1	1	1	1	1	1	1	1	1	1	1	1	
1	1	1	1	1	1	1	1	1	1	1	1	1	1	1	1	1	1	1	1	1	1	1	1	1	1	1	1	1	1	1	1	1	1	1	1	1	1	1	1	1	1	1	1	1	1	1	1	1	1	1	1	1	1	1	1	1	1	1	1	1	1	1	1	1	1	1	1	1	1	1	1	1	1	1	1	1	1	1	1	1	1	1	1	1	1	+Inf	+Inf	+Inf	+Inf	+Inf	+Inf	+Inf	+Inf	+Inf	+Inf	+Inf	+Inf	+Inf	+Inf	+Inf	+Inf	+Inf	+Inf	+Inf	+Inf	+Inf	+Inf	+Inf	+Inf	+Inf	+Inf	+Inf	+Inf	1	1	1	1	1	1	1	1	1	1	1	1	1	1	1	1	1	1	1	1	1	1	1	1	1	1	1	1	1	1	1	1	1	1	1	1	1	1	1	1	1	1	1	1	1	1	1	1	1	1	1	1	1	1	1	1	1	1	1	1	1	1	1	1	1	1	1	1	1	1	1	1	1	1	1	1	1	1	1	1	1	1	1	1	1	1	
1	1	1	1	1	1	1	1	1	1	1	1	1	1	1	1	1	1	1	1	1	1	1	1	1	1	1	1	1	1	1	1	1	1	1	1	1	1	1	1	1	1	1	1	1	1	1	1	1	1	1	1	1	1	1	1	1	1	1	1	1	1	1	1	1	1	1	1	1	1	1	1	1	1	1	1	1	1	1	1	1	1	1	1	1	1	+Inf	+Inf	+Inf	+Inf	+Inf	+Inf	+Inf	+Inf	+Inf	+Inf	+Inf	+Inf	+Inf	+Inf	+Inf	+Inf	+Inf	+Inf	+Inf	+Inf	+Inf	+Inf	+Inf	+Inf	+Inf	+Inf	+Inf	+Inf	1	1	1	1	1	1	1	1	1	1	1	1	1	1	1	1	1	1	1	1	1	1	1	1	1	1	1	1	1	1	1	1	1	1	1	1	1	1	1	1	1	1	1	1	1	1	1	1	1	1	1	1	1	1	1	1	1	1	1	1	1	1	1	1	1	1	1	1	1	1	1	1	1	1	1	1	1	1	1	1	1	1	1	1	1	1	
1	1	1	1	1	1	1	1	1	1	1	1	1	1	1	1	1	1	1	1	1	1	1	1	1	1	1	1	1	1	1	1	1	1	1	1	1	1	1	1	1	1	1	1	1	1	1	1	1	1	1	1	1	1	1	1	1	1	1	1	1	1	1	1	1	1	1	1	1	1	1	1	1	1	1	1	1	1	1	1	1	1	1	1	1	1	+Inf	+Inf	+Inf	+Inf	+Inf	+Inf	+Inf	+Inf	+Inf	+Inf	+Inf	+Inf	+Inf	+Inf	+Inf	+Inf	+Inf	+Inf	+Inf	+Inf	+Inf	+Inf	+Inf	+Inf	+Inf	+Inf	+Inf	+Inf	1	1	1	1	1	1	1	1	1	1	1	1	1	1	1	1	1	1	1	1	1	1	1	1	1	1	1	1	1	1	1	1	1	1	1	1	1	1	1	1	1	1	1	1	1	1	1	1	1	1	1	1	1	1	1	1	1	1	1	1	1	1	1	1	1	1	1	1	1	1	1	1	1	1	1	1	1	1	1	1	1	1	1	1	1	1	
1	1	1	1	1	1	1	1	1	1	1	1	1	1	1	1	1	1	1	1	1	1	1	1	1	1	1	1	1	1	1	1	1	1	1	1	1	1	1	1	1	1	1	1	1	1	1	1	1	1	1	1	1	1	1	1	1	1	1	1	1	1	1	1	1	1	1	1	1	1	1	1	1	1	1	1	1	1	1	1	1	1	1	1	1	1	+Inf	+Inf	+Inf	+Inf	+Inf	+Inf	+Inf	+Inf	+Inf	+Inf	+Inf	+Inf	+Inf	+Inf	+Inf	+Inf	+Inf	+Inf	+Inf	+Inf	+Inf	+Inf	+Inf	+Inf	+Inf	+Inf	+Inf	+Inf	0.9999999999999999	0.9999999999999999	0.9999999999999999	0.9999999999999999	0.9999999999999999	0.9999999999999999	0.9999999999999999	0.9999999999999999	0.9999999999999999	0.9999999999999999	0.9999999999999999	0.9999999999999999	0.9999999999999999	0.9999999999999999	0.9999999999999999	0.9999999999999999	0.9999999999999999	0.9999999999999999	0.9999999999999999	0.9999999999999999	0.9999999999999999	0.9999999999999999	0.9999999999999999	0.9999999999999999	0.9999999999999999	0.9999999999999999	0.9999999999999999	0.9999999999999999	0.9999999999999999	0.9999999999999999	0.9999999999999999	0.9999999999999999	0.9999999999999999	0.9999999999999999	0.9999999999999999	0.9999999999999999	0.9999999999999999	0.9999999999999999	0.9999999999999999	0.9999999999999999	0.9999999999999999	0.9999999999999999	0.9999999999999999	0.9999999999999999	0.9999999999999999	0.9999999999999999	0.9999999999999999	0.9999999999999999	0.9999999999999999	0.9999999999999999	0.9999999999999999	0.9999999999999999	0.9999999999999999	0.9999999999999999	0.9999999999999999	0.9999999999999999	0.9999999999999999	0.9999999999999999	0.9999999999999999	0.9999999999999999	0.9999999999999999	0.9999999999999999	0.9999999999999999	0.9999999999999999	0.9999999999999999	0.9999999999999999	0.9999999999999999	0.9999999999999999	0.9999999999999999	0.9999999999999999	0.9999999999999999	0.9999999999999999	0.9999999999999999	0.9999999999999999	0.9999999999999999	0.9999999999999999	0.9999999999999999	0.9999999999999999	0.9999999999999999	0.9999999999999999	0.9999999999999999	0.9999999999999999	0.9999999999999999	0.9999999999999999	0.9999999999999999	0.9999999999999999	
1	1	1	1	1	1	1	1	1	1	1	1	1	1	1	1	1	1	1	1	1	1	1	1	1	1	1	1	1	1	1	1	1	1	1	1	1	1	1	1	1	1	1	1	1	1	1	1	1	1	1	1	1	1	1	1	1	1	1	1	1	1	1	1	1	1	1	1	1	1	1	1	1	1	1	1	1	1	1	1	1	1	1	1	1	1	+Inf	+Inf	+Inf	+Inf	+Inf	+Inf	+Inf	+Inf	+Inf	+Inf	+Inf	+Inf	+Inf	+Inf	+Inf	+Inf	+Inf	+Inf	+Inf	+Inf	+Inf	+Inf	+Inf	+Inf	+Inf	+Inf	+Inf	+Inf	1	1	1	1	1	1	1	1	1	1	1	1	1	1	1	1	1	1	1	1	1	1	1	1	1	1	1	1	1	1	1	1	1	1	1	1	1	1	1	1	1	1	1	1	1	1	1	1	1	1	1	1	1	1	1	1	1	1	1	1	1	1	1	1	1	1	1	1	1	1	1	1	1	1	1	1	1	1	1	1	1	1	1	1	1	1	
1	1	1	1	1	1	1	1	1	1	1	1	1	1	1	1	1	1	1	1	1	1	1	1	1	1	1	1	1	1	1	1	1	1	1	1	1	1	1	1	1	1	1	1	1	1	1	1	1	1	1	1	1	1	1	1	1	1	1	1	1	1	1	1	1	1	1	1	1	1	1	1	1	1	1	1	1	1	1	1	1	1	1	1	1	1	+Inf	+Inf	+Inf	+Inf	+Inf	+Inf	+Inf	+Inf	+Inf	+Inf	+Inf	+Inf	+Inf	+Inf	+Inf	+Inf	+Inf	+Inf	+Inf	+Inf	+Inf	+Inf	+Inf	+Inf	+Inf	+Inf	+Inf	+Inf	1	1	1	1	1	1	1	1	1	1	1	1	1	1	1	1	1	1	1	1	1	1	1	1	1	1	1	1	1	1	1	1	1	1	1	1	1	1	1	1	1	1	1	1	1	1	1	1	1	1	1	1	1	1	1	1	1	1	1	1	1	1	1	1	1	1	1	1	1	1	1	1	1	1	1	1	1	1	1	1	1	1	1	1	1	1	
1	1	1	1	1	1	1	1	1	1	1	1	1	1	1	1	1	1	1	1	1	1	1	1	1	1	1	1	1	1	1	1	1	1	1	1	1	1	1	1	1	1	1	1	1	1	1	1	1	1	1	1	1	1	1	1	1	1	1	1	1	1	1	1	1	1	1	1	1	1	1	1	1	1	1	1	1	1	1	1	1	1	1	1	1	1	+Inf	+Inf	+Inf	+Inf	+Inf	+Inf	+Inf	+Inf	+Inf	+Inf	+Inf	+Inf	+Inf	+Inf	+Inf	+Inf	+Inf	+Inf	+Inf	+Inf	+Inf	+Inf	+Inf	+Inf	+Inf	+Inf	+Inf	+Inf	1	1	1	1	1	1	1	1	1	1	1	1	1	1	1	1	1	1	1	1	1	1	1	1	1	1	1	1	1	1	1	1	1	1	1	1	1	1	1	1	1	1	1	1	1	1	1	1	1	1	1	1	1	1	1	1	1	1	1	1	1	1	1	1	1	1	1	1	1	1	1	1	1	1	1	1	1	1	1	1	1	1	1	1	1	1	
1	1	1	1	1	1	1	1	1	1	1	1	1	1	1	1	1	1	1	1	1	1	1	1	1	1	1	1	1	1	1	1	1	1	1	1	1	1	1	1	1	1	1	1	1	1	1	1	1	1	1	1	1	1	1	1	1	1	1	1	1	1	1	1	1	1	1	1	1	1	1	1	1	1	1	1	1	1	1	1	1	1	1	1	1	1	+Inf	+Inf	+Inf	+Inf	+Inf	+Inf	+Inf	+Inf	+Inf	+Inf	+Inf	+Inf	+Inf	+Inf	+Inf	+Inf	+Inf	+Inf	+Inf	+Inf	+Inf	+Inf	+Inf	+Inf	+Inf	+Inf	+Inf	+Inf	1	1	1	1	1	1	1	1	1	1	1	1	1	1	1	1	1	1	1	1	1	1	1	1	1	1	1	1	1	1	1	1	1	1	1	1	1	1	1	1	1	1	1	1	1	1	1	1	1	1	1	1	1	1	1	1	1	1	1	1	1	1	1	1	1	1	1	1	1	1	1	1	1	1	1	1	1	1	1	1	1	1	1	1	1	1	
1	1	1	1	1	1	1	1	1	1	1	1	1	1	1	1	1	1	1	1	1	1	1	1	1	1	1	1	1	1	1	1	1	1	1	1	1	1	1	1	1	1	1	1	1	1	1	1	1	1	1	1	1	1	1	1	1	1	1	1	1	1	1	1	1	1	1	1	1	1	1	1	1	1	1	1	1	1	1	1	1	1	1	1	1	1	+Inf	+Inf	+Inf	+Inf	+Inf	+Inf	+Inf	+Inf	+Inf	+Inf	+Inf	+Inf	+Inf	+Inf	+Inf	+Inf	+Inf	+Inf	+Inf	+Inf	+Inf	+Inf	+Inf	+Inf	+Inf	+Inf	+Inf	+Inf	1	1	1	1	1	1	1	1	1	1	1	1	1	1	1	1	1	1	1	1	1	1	1	1	1	1	1	1	1	1	1	1	1	1	1	1	1	1	1	1	1	1	1	1	1	1	1	1	1	1	1	1	1	1	1	1	1	1	1	1	1	1	1	1	1	1	1	1	1	1	1	1	1	1	1	1	1	1	1	1	1	1	1	1	1	1	
1	1	1	1	1	1	1	1	1	1	1	1	1	1	1	1	1	1	1	1	1	1	1	1	1	1	1	1	1	1	1	1	1	1	1	1	1	1	1	1	1	1	1	1	1	1	1	1	1	1	1	1	1	1	1	1	1	1	1	1	1	1	1	1	1	1	1	1	1	1	1	1	1	1	1	1	1	1	1	1	1	1	1	1	1	1	+Inf	+Inf	+Inf	+Inf	+Inf	+Inf	+Inf	+Inf	+Inf	+Inf	+Inf	+Inf	+Inf	+Inf	+Inf	+Inf	+Inf	+Inf	+Inf	+Inf	+Inf	+Inf	+Inf	+Inf	+Inf	+Inf	+Inf	+Inf	1	1	1	1	1	1	1	1	1	1	1	1	1	1	1	1	1	1	1	1	1	1	1	1	1	1	1	1	1	1	1	1	1	1	1	1	1	1	1	1	1	1	1	1	1	1	1	1	1	1	1	1	1	1	1	1	1	1	1	1	1	1	1	1	1	1	1	1	1	1	1	1	1	1	1	1	1	1	1	1	1	1	1	1	1	1	
1	1	1	1	1	1	1	1	1	1	1	1	1	1	1	1	1	1	1	1	1	1	1	1	1	1	1	1	1	1	1	1	1	1	1	1	1	1	1	1	1	1	1	1	1	1	1	1	1	1	1	1	1	1	1	1	1	1	1	1	1	1	1	1	1	1	1	1	1	1	1	1	1	1	1	1	1	1	1	1	1	1	1	1	1	1	+Inf	+Inf	+Inf	+Inf	+Inf	+Inf	+Inf	+Inf	+Inf	+Inf	+Inf	+Inf	+Inf	+Inf	+Inf	+Inf	+Inf	+Inf	+Inf	+Inf	+Inf	+Inf	+Inf	+Inf	+Inf	+Inf	+Inf	+Inf	1	1	1	1	1	1	1	1	1	1	1	1	1	1	1	1	1	1	1	1	1	1	1	1	1	1	1	1	1	1	1	1	1	1	1	1	1	1	1	1	1	1	1	1	1	1	1	1	1	1	1	1	1	1	1	1	1	1	1	1	1	1	1	1	1	1	1	1	1	1	1	1	1	1	1	1	1	1	1	1	1	1	1	1	1	1	
1	1	1	1	1	1	1	1	1	1	1	1	1	1	1	1	1	1	1	1	1	1	1	1	1	1	1	1	1	1	1	1	1	1	1	1	1	1	1	1	1	1	1	1	1	1	1	1	1	1	1	1	1	1	1	1	1	1	1	1	1	1	1	1	1	1	1	1	1	1	1	1	1	1	1	1	1	1	1	1	1	1	1	1	1	1	+Inf	+Inf	+Inf	+Inf	+Inf	+Inf	+Inf	+Inf	+Inf	+Inf	+Inf	+Inf	+Inf	+Inf	+Inf	+Inf	+Inf	+Inf	+Inf	+Inf	+Inf	+Inf	+Inf	+Inf	+Inf	+Inf	+Inf	+Inf	1	1	1	1	1	1	1	1	1	1	1	1	1	1	1	1	1	1	1	1	1	1	1	1	1	1	1	1	1	1	1	1	1	1	1	1	1	1	1	1	1	1	1	1	1	1	1	1	1	1	1	1	1	1	1	1	1	1	1	1	1	1	1	1	1	1	1	1	1	1	1	1	1	1	1	1	1	1	1	1	1	1	1	1	1	1	
1	1	1	1	1	1	1	1	1	1	1	1	1	1	1	1	1	1	1	1	1	1	1	1	1	1	1	1	1	1	1	1	1	1	1	1	1	1	1	1	1	1	1	1	1	1	1	1	1	1	1	1	1	1	1	1	1	1	1	1	1	1	1	1	1	1	1	1	1	1	1	1	1	1	1	1	1	1	1	1	1	1	1	1	1	1	+Inf	+Inf	+Inf	+Inf	+Inf	+Inf	+Inf	+Inf	+Inf	+Inf	+Inf	+Inf	+Inf	+Inf	+Inf	+Inf	+Inf	+Inf	+Inf	+Inf	+Inf	+Inf	+Inf	+Inf	+Inf	+Inf	+Inf	+Inf	1	1	1	1	1	1	1	1	1	1	1	1	1	1	1	1	1	1	1	1	1	1	1	1	1	1	1	1	1	1	1	1	1	1	1	1	1	1	1	1	1	1	1	1	1	1	1	1	1	1	1	1	1	1	1	1	1	1	1	1	1	1	1	1	1	1	1	1	1	1	1	1	1	1	1	1	1	1	1	1	1	1	1	1	1	1	
1	1	1	1	1	1	1	1	1	1	1	1	1	1	1	1	1	1	1	1	1	1	1	1	1	1	1	1	1	1	1	1	1	1	1	1	1	1	1	1	1	1	1	1	1	1	1	1	1	1	1	1	1	1	1	1	1	1	1	1	1	1	1	1	1	1	1	1	1	1	1	1	1	1	1	1	1	1	1	1	1	1	1	1	1	1	+Inf	+Inf	+Inf	+Inf	+Inf	+Inf	+Inf	+Inf	+Inf	+Inf	+Inf	+Inf	+Inf	+Inf	+Inf	+Inf	+Inf	+Inf	+Inf	+Inf	+Inf	+Inf	+Inf	+Inf	+Inf	+Inf	+Inf	+Inf	1	1	1	1	1	1	1	1	1	1	1	1	1	1	1	1	1	1	1	1	1	1	1	1	1	1	1	1	1	1	1	1	1	1	1	1	1	1	1	1	1	1	1	1	1	1	1	1	1	1	1	1	1	1	1	1	1	1	1	1	1	1	1	1	1	1	1	1	1	1	1	1	1	1	1	1	1	1	1	1	1	1	1	1	1	1	
1	1	1	1	1	1	1	1	1	1	1	1	1	1	1	1	1	1	1	1	1	1	1	1	1	1	1	1	1	1	1	1	1	1	1	1	1	1	1	1	1	1	1	1	1	1	1	1	1	1	1	1	1	1	1	1	1	1	1	1	1	1	1	1	1	1	1	1	1	1	1	1	1	1	1	1	1	1	1	1	1	1	1	1	1	1	+Inf	+Inf	+Inf	+Inf	+Inf	+Inf	+Inf	+Inf	+Inf	+Inf	+Inf	+Inf	+Inf	+Inf	+Inf	+Inf	+Inf	+Inf	+Inf	+Inf	+Inf	+Inf	+Inf	+Inf	+Inf	+Inf	+Inf	+Inf	1	1	1	1	1	1	1	1	1	1	1	1	1	1	1	1	1	1	1	1	1	1	1	1	1	1	1	1	1	1	1	1	1	1	1	1	1	1	1	1	1	1	1	1	1	1	1	1	1	1	1	1	1	1	1	1	1	1	1	1	1	1	1	1	1	1	1	1	1	1	1	1	1	1	1	1	1	1	1	1	1	1	1	1	1	1	
1	1	1	1	1	1	1	1	1	1	1	1	1	1	1	1	1	1	1	1	1	1	1	1	1	1	1	1	1	1	1	1	1	1	1	1	1	1	1	1	1	1	1	1	1	1	1	1	1	1	1	1	1	1	1	1	1	1	1	1	1	1	1	1	1	1	1	1	1	1	1	1	1	1	1	1	1	1	1	1	1	1	1	1	1	1	+Inf	+Inf	+Inf	+Inf	+Inf	+Inf	+Inf	+Inf	+Inf	+Inf	+Inf	+Inf	+Inf	+Inf	+Inf	+Inf	+Inf	+Inf	+Inf	+Inf	+Inf	+Inf	+Inf	+Inf	+Inf	+Inf	+Inf	+Inf	1	1	1	1	1	1	1	1	1	1	1	1	1	1	1	1	1	1	1	1	1	1	1	1	1	1	1	1	1	1	1	1	1	1	1	1	1	1	1	1	1	1	1	1	1	1	1	1	1	1	1	1	1	1	1	1	1	1	1	1	1	1	1	1	1	1	1	1	1	1	1	1	1	1	1	1	1	1	1	1	1	1	1	1	1	1	
1	1	1	1	1	1	1	1	1	1	1	1	1	1	1	1	1	1	1	1	1	1	1	1	1	1	1	1	1	1	1	1	1	1	1	1	1	1	1	1	1	1	1	1	1	1	1	1	1	1	1	1	1	1	1	1	1	1	1	1	1	1	1	1	1	1	1	1	1	1	1	1	1	1	1	1	1	1	1	1	1	1	1	1	1	1	+Inf	+Inf	+Inf	+Inf	+Inf	+Inf	+Inf	+Inf	+Inf	+Inf	+Inf	+Inf	+Inf	+Inf	+Inf	+Inf	+Inf	+Inf	+Inf	+Inf	+Inf	+Inf	+Inf	+Inf	+Inf	+Inf	+Inf	+Inf	1	1	1	1	1	1	1	1	1	1	1	1	1	1	1	1	1	1	1	1	1	1	1	1	1	1	1	1	1	1	1	1	1	1	1	1	1	1	1	1	1	1	1	1	1	1	1	1	1	1	1	1	1	1	1	1	1	1	1	1	1	1	1	1	1	1	1	1	1	1	1	1	1	1	1	1	1	1	1	1	1	1	1	1	1	1	
1	1	1	1	1	1	1	1	1	1	1	1	1	1	1	1	1	1	1	1	1	1	1	1	1	1	1	1	1	1	1	1	1	1	1	1	1	1	1	1	1	1	1	1	1	1	1	1	1	1	1	1	1	1	1	1	1	1	1	1	1	1	1	1	1	1	1	1	1	1	1	1	1	1	1	1	1	1	1	1	1	1	1	1	1	1	+Inf	+Inf	+Inf	+Inf	+Inf	+Inf	+Inf	+Inf	+Inf	+Inf	+Inf	+Inf	+Inf	+Inf	+Inf	+Inf	+Inf	+Inf	+Inf	+Inf	+Inf	+Inf	+Inf	+Inf	+Inf	+Inf	+Inf	+Inf	1	1	1	1	1	1	1	1	1	1	1	1	1	1	1	1	1	1	1	1	1	1	1	1	1	1	1	1	1	1	1	1	1	1	1	1	1	1	1	1	1	1	1	1	1	1	1	1	1	1	1	1	1	1	1	1	1	1	1	1	1	1	1	1	1	1	1	1	1	1	1	1	1	1	1	1	1	1	1	1	1	1	1	1	1	1	
1	1	1	1	1	1	1	1	1	1	1	1	1	1	1	1	1	1	1	1	1	1	1	1	1	1	1	1	1	1	1	1	1	1	1	1	1	1	1	1	1	1	1	1	1	1	1	1	1	1	1	1	1	1	1	1	1	1	1	1	1	1	1	1	1	1	1	1	1	1	1	1	1	1	1	1	1	1	1	1	1	1	1	1	1	1	+Inf	+Inf	+Inf	+Inf	+Inf	+Inf	+Inf	+Inf	+Inf	+Inf	+Inf	+Inf	+Inf	+Inf	+Inf	+Inf	+Inf	+Inf	+Inf	+Inf	+Inf	+Inf	+Inf	+Inf	+Inf	+Inf	+Inf	+Inf	1	1	1	1	1	1	1	1	1	1	1	1	1	1	1	1	1	1	1	1	1	1	1	1	1	1	1	1	1	1	1	1	1	1	1	1	1	1	1	1	1	1	1	1	1	1	1	1	1	1	1	1	1	1	1	1	1	1	1	1	1	1	1	1	1	1	1	1	1	1	1	1	1	1	1	1	1	1	1	1	1	1	1	1	1	1	
