4.115863
3.377487
1.618903
-0.287355
-2.193614
-4.099873
-4.158237
-2.741232
-1.734664
-0.965057
-0.205180
-0.701134
-1.409420
-1.677483
-1.775607
-1.534980
-1.401275
-1.161951
-0.930706
-0.518464
-0.496523
-0.470722
-0.375703
-0.393199
-0.309718
-0.245420
0.026904
0.094742
0.354185
0.458918
0.638818
0.628235
0.649719
0.449308
0.272836
-0.045444
0.067695
-0.013659
0.090842
0.103498
0.162894
0.237899
0.464831
0.643806
0.792031
0.689022
0.230043
-0.307046
-0.638828
-1.210184
-1.414817
-1.453414
-1.256772
-1.225697
-0.864628
-0.538510
-0.282015
0.072204
0.244925
0.612451
0.850101
0.822013
0.684207
0.661923
0.216222
0.209513
0.037774
-0.138665
-0.339592
-0.416189
-0.709482
-0.605735
-0.432338
-0.162842
0.155538
-0.056754
-0.177129
-0.140493
-0.168049
-0.077075
0.437806
0.767467
0.880213
0.724493
0.518494
0.480899
0.397820
-0.088671
-0.294513
-0.595785
-0.678473
-0.931273
-0.835756
-0.694202
-0.582970
-0.639727
-0.367323
-0.248583
-0.183936
0.000448
0.011559
0.100740
0.543117
0.780781
0.893371
1.372649
1.209686
0.870145
0.812750
0.586896
-0.143513
-0.643876
-1.046182
-1.438413
-1.544227
-1.583218
-1.337519
-0.966270
-0.689585
-0.446213
-0.158444
0.024328
0.075381
0.103762
0.287802
0.310988
0.756794
0.851868
1.025203
1.006660
1.019784
0.812612
0.700329
0.335342
0.021520
0.076386
-0.012793
0.226524
0.601005
0.433865
-0.000132
-0.201262
-0.392324
-0.789844
-0.993388
-0.772279
-0.744739
-1.006575
-0.713511
-0.098972
0.121211
0.327051
0.635180
0.683203
0.675759
0.819107
0.758523
0.679188
0.429473
0.281456
-0.132028
-0.282053
-0.454634
-0.447970
-0.697131
-0.898006
-0.679074
-0.655859
-0.633807
-0.475182
-0.239109
-0.226618
0.095112
0.288006
0.627106
0.884776
0.882587
0.738434
0.919469
0.938609
1.119413
0.860059
0.588939
0.152324
-0.276409
-0.670403
-0.435654
-0.430860
-0.704369
-0.745557
-1.086601
-1.331358
-1.087378
-0.961604
-0.891517
-0.227624
-0.034799
0.106218
0.576713
0.869139
0.717146
0.728849
0.513260
0.395633
0.285440
0.256223
0.244152
0.379071
0.294781
0.412926
-0.010771
-0.149032
-0.569734
-0.726056
-0.791287
-0.564575
-0.368259
-0.273696
-0.383258
-0.762601
-0.585535
-0.529114
-0.448994
-0.068351
0.306656
0.219124
0.096492
0.145963
0.217207
0.333501
0.566638
0.782697
1.102819
1.017943
1.031628
1.090141
1.088046
0.892674
0.836663
0.291941
-0.174528
-1.154918
-1.742012
-1.916275
-1.312358
-1.004027
-0.179222
-0.143184
-0.487729
-0.900437
-0.911874
-1.142397
-0.657911
-0.260319
-0.261126
0.020877
0.155604
0.337622
0.440099
0.640712
0.411556
0.429172
0.274029
0.514494
0.463108
0.072285
-0.114512
0.073535
-0.313119
-0.192206
0.198617
0.340689
0.144662
0.216122
0.067391
-0.093088
0.044347
0.179976
0.294110
0.509079
0.465916
0.466979
0.075789
-0.274933
-0.789749
-1.020460
-1.293998
-1.073266
-0.951556
-0.861761
-0.777228
-0.839828
-0.949745
-0.544073
-0.211091
0.216564
0.659839
0.946862
0.912377
0.856380
0.863561
0.810096
0.898149
0.772580
0.800299
0.650614
0.494449
0.312291
0.224810
0.229519
0.150934
-0.066495
-0.203461
-0.483247
-0.864735
-0.901077
-0.938117
-0.862370
-0.800673
-0.773473
-1.140448
-1.012505
-1.024380
-0.807593
-0.270568
0.384871
0.672348
0.922411
0.864630
1.110176
1.157672
1.126958
1.018930
1.254240
0.802964
0.621379
0.586094
0.382161
0.275315
0.244183
0.067652
0.037162
0.096285
-0.177926
-0.302478
-0.665412
-1.366741
-1.695421
-1.710257
-1.784325
-1.482002
-0.792255
-0.620787
-0.482085
-0.266070
0.027467
0.294388
0.521282
0.545612
0.657258
0.597843
0.552492
0.726930
1.056507
1.235520
1.045315
0.647360
0.351405
0.064132
-0.474463
-0.518931
-0.585936
-0.508581
-0.697851
-0.624361
-0.719681
-0.830203
-0.969245
-0.819828
-0.634670
-0.284082
0.203059
0.564407
0.741165
0.989973
1.161602
1.285775
1.334242
1.244692
0.970920
0.601905
0.201198
-0.219426
-0.183393
-0.032581
-0.076573
-0.070137
-0.111132
-0.349228
-0.648966
-0.812906
-0.976530
-0.859450
-0.827364
-0.693794
-0.303302
0.024920
0.035241
0.386878
0.449639
0.380669
0.473724
0.667707
0.711047
0.735153
0.889771
0.811063
0.601447
0.292979
-0.035059
-0.261334
-0.679273
-0.882462
-0.781325
-0.505579
-0.495680
-0.561848
-0.704854
-1.138642
-1.315175
-1.262878
-1.043226
-0.559165
0.036261
0.573471
1.036058
1.356585
1.436786
1.109993
0.852167
0.501568
0.359757
0.602640
0.786708
0.950896
0.704260
0.472836
-0.134676
-0.641292
-0.619929
-0.597259
-0.385536
-0.245289
0.108399
-0.170710
-0.143980
-0.059980
-0.051016
0.033337
0.034884
0.207024
0.448396
0.801481
0.750828
0.574147
0.759939
0.642592
-0.181899
-0.398462
-0.804925
-1.548428
-1.822505
-1.246389
-0.875318
-0.488968
-0.037001
-0.096909
-0.184983
-0.033560
0.144911
0.348887
0.662642
0.862461
0.821986
1.033046
1.038720
0.841184
0.637985
0.308759
0.202897
0.093522
0.176362
0.351047
0.236202
-0.059395
-0.433015
-0.870971
-1.045508
-1.049830
-0.806040
-0.405042
0.018840
0.295151
0.597354
0.460668
0.069438
-0.230121
-0.515464
-0.464627
-0.236094
-0.068470
0.309465
0.590210
0.302860
0.105624
-0.064082
-0.455028
-0.858597
-0.936506
-0.871286
-0.576103
-0.425587
-0.275739
-0.076222
-0.247804
-0.296485
-0.056755
0.160919
0.265575
0.486807
0.561962
0.567019
0.777102
1.014665
1.112005
1.210543
1.123044
0.597745
0.011408
-0.490530
-0.476456
-0.541079
-0.451829
-0.027491
0.280099
-0.117834
-0.261429
-0.519678
-0.903885
-1.281371
-1.451646
-1.223038
-0.644141
-0.421599
-0.039939
0.389461
0.222429
-0.031088
0.040654
0.227296
0.299587
0.487388
0.611995
0.456740
0.358279
0.596547
0.965605
0.836634
0.459956
0.483833
-0.200974
-0.812022
-1.122191
-0.575695
-0.600126
-0.336391
-0.375612
-0.407030
-0.907494
-0.859323
-1.050742
-0.836175
-0.797769
-0.302842
-0.342582
0.015336
0.327769
0.778898
0.745978
0.587767
0.489869
0.328314
0.190906
0.012774
0.147732
0.550351
0.699573
0.864202
1.150246
0.813202
0.280719
-0.156336
-0.480836
-0.465340
-0.333359
-0.169102
-0.134135
-0.274624
-0.733372
-0.613056
-0.782116
-1.105566
-0.519408
-0.234669
-0.320503
0.064646
0.577515
0.412975
0.315022
0.535792
0.359219
0.394962
0.473015
0.671740
0.583096
0.271891
-0.039070
-0.055036
-0.039266
-0.075130
0.008982
-0.066190
-0.328650
-0.422152
-0.634972
-0.672104
-0.581659
-0.600952
-0.576894
-0.302250
0.007906
0.135054
0.043063
-0.165924
-0.349872
-0.534846
-0.684830
-0.418768
-0.033950
0.218591
0.339491
0.533910
0.967674
1.152043
1.128481
1.164699
1.228445
0.837300
0.479007
0.110553
-0.216377
-0.525076
-0.931545
-1.472744
-1.425096
-1.366451
-1.234840
-0.844754
-0.108839
0.300533
0.819572
1.034073
0.904550
0.598974
0.382427
0.193568
0.029989
0.227747
0.387649
0.136570
-0.340319
-0.685621
-1.117205
-1.203296
-0.909070
-0.622866
-0.406229
-0.484204
-0.558478
-0.078759
-0.074519
0.197655
0.629121
0.854506
0.601319
1.019861
1.289930
1.182866
1.061395
0.837811
0.374298
0.039483
0.003478
-0.064285
-0.297533
-0.386263
-0.512310
-0.827311
-1.106146
-0.904478
-0.675072
-0.556215
-0.287491
0.443921
0.667193
0.872433
1.003151
0.875536
0.519583
0.537401
0.628192
0.351656
0.592727
0.445201
0.261542
0.116607
0.162735
0.421710
0.771125
0.796578
0.821547
0.742180
0.460876
-0.121715
-0.508346
-0.943051
-0.984432
-0.807458
-0.838399
-0.481608
-0.283206
-0.127223
-0.084968
0.452661
0.618699
0.690378
0.796828
0.564231
0.328565
0.183003
0.185151
0.176227
0.297669
0.375843
0.431889
0.222953
0.245259
0.245640
0.283638
0.210607
0.536351
0.419951
0.478152
0.283357
0.235430
-0.700782
-1.786627
-2.714886
-3.153010
-3.555469
-3.262097
-2.071679
-1.435853
-0.826936
-0.277880
0.387821
0.459368
0.899830
0.946814
0.998651
1.355612
1.271013
1.032497
1.097548
0.902277
0.683006
0.732209
0.551978
0.356194
0.376504
0.013790
0.095831
0.430345
0.458148
0.379209
-0.103881
-0.531902
-0.654280
-0.745704
-0.776729
-0.348885
-0.257054
-0.474735
-0.461338
-0.199951
-0.062528
0.213322
0.508349
0.613242
0.210701
0.365938
0.320770
0.239181
0.293264
0.505128
0.246413
0.271428
0.010383
0.063753
0.297134
0.431886
0.280800
0.206894
-0.076137
-0.452201
-0.568469
-0.758048
-0.779964
-0.764484
-0.759196
-0.881454
-0.792742
-0.642932
-0.612984
-0.573573
-0.529568
-0.466060
-0.298518
0.082506
0.433816
0.856607
1.104805
1.179848
1.089621
0.964084
0.749080
0.252207
-0.121028
-0.459445
-0.820870
-0.994406
-0.672835
-0.302214
-0.283419
-0.228687
-0.202466
-0.368910
-0.535681
-0.356634
-0.127017
-0.155776
-0.050048
-0.021902
-0.098260
0.242549
0.444936
0.608397
0.633918
0.955529
0.708746
0.579310
0.940458
1.335740
1.112656
0.958927
0.900346
0.664631
0.003162
-0.201002
-0.187043
-0.195507
-0.627061
-0.410800
-0.500418
-0.705905
-0.553645
-0.218748
-0.212018
-0.054683
-0.126943
-0.487781
-0.608865
-0.941675
-0.858454
-0.709493
-0.585188
-0.805852
-0.578612
-0.369628
-0.098282
0.177736
0.486107
0.719305
0.585587
0.705709
0.692915
0.698636
0.813923
0.991651
0.790842
0.969561
1.079594
0.806296
0.289603
0.125905
-0.203679
-0.431036
-0.406440
-0.413391
-0.629625
-0.896082
-0.958992
-0.946710
-0.614685
-0.342868
0.079447
0.159326
0.333397
0.346383
0.507564
0.353272
0.676872
0.722306
0.899587
1.015780
1.072905
0.816092
0.545556
0.236741
-0.065111
-0.218158
-0.376186
-0.474681
-0.511341
-0.541205
-0.670807
-0.854007
-1.002513
-1.100292
-1.378383
-1.471128
-1.302917
-1.156148
-0.957766
-0.512418
0.109047
0.481035
0.834599
1.121646
1.368677
1.377521
1.445929
1.470132
1.305463
1.216902
1.059155
0.776309
0.339549
-0.086304
-0.368983
-0.411300
-0.392900
-0.371310
-0.505743
-0.797323
-1.064373
-1.285650
-0.882495
-0.565622
-0.173640
-0.043053
0.127314
-0.047611
0.196654
0.194358
0.249178
0.126969
0.281298
0.237746
0.262236
0.014879
-0.031028
-0.194418
-0.395131
-0.187210
0.187376
0.265346
0.098009
0.227841
0.178353
0.263033
0.698346
0.629277
0.743615
0.719222
0.390670
-0.127508
-0.060418
-0.095755
-0.251547
-0.088014
0.170883
0.275678
0.064312
-0.103172
-0.220649
-0.493126
-0.566235
-0.203079
-0.260125
-0.321892
-0.347271
-0.454355
-0.998183
-1.011980
-0.859980
-0.519985
-0.121944
0.266470
0.608229
0.806240
0.682987
0.340205
0.095678
-0.167943
-0.508731
-0.609776
-0.504740
-0.508593
-0.259307
-0.004847
0.410854
0.677233
1.083123
1.111247
0.923373
0.427739
0.251768
-0.111659
-0.275249
-0.431023
-0.514724
-0.687476
-0.712792
-0.563347
-0.293910
0.080918
0.135802
0.192612
-0.103249
-0.362418
-0.577322
-0.827371
-0.708737
-0.564713
-0.368249
-0.150044
0.227198
0.070517
0.107015
0.199862
0.317462
0.504266
1.167071
1.361440
1.391820
1.281555
1.212437
0.860837
0.697470
0.692038
0.571168
0.352821
0.037554
-0.215604
-0.533404
-0.770902
-0.845912
-0.797188
-0.644647
-0.793433
-0.820042
-0.773937
-0.826807
-0.949612
-0.672947
-0.480704
-0.345800
-0.340951
-0.117821
0.013326
0.167828
0.327906
0.463771
0.664080
0.785657
0.772197
0.960979
1.214082
1.125325
1.024422
0.718275
0.100959
-0.124461
-0.457601
-0.803801
-0.685140
-0.427075
-0.317093
-0.189191
-0.163944
-0.233391
-0.352851
-0.605116
-0.665181
-0.588759
-0.594449
-0.660536
-0.551871
-0.436574
-0.310926
-0.058163
0.185056
0.272777
0.359642
0.691589
0.823415
0.838130
0.845114
0.905891
0.785158
0.747778
0.803414
0.945943
0.622041
0.423223
0.053336
-0.349669
-0.805947
-0.814996
-0.662754
-0.677498
-0.572051
-0.560225
-0.630621
-0.942651
-0.794722
-0.749268
-0.712086
-0.414906
-0.200634
-0.201681
0.039784
0.114130
0.108563
0.034807
-0.023811
-0.178118
0.043874
0.123286
0.347309
0.541717
0.691045
0.650190
0.742274
0.727491
0.693277
0.573207
0.521292
0.465728
0.116964
0.210086
0.122139
0.051975
-0.347115
-0.246169
-0.488845
-0.627324
-0.753452
-0.899548
-1.163619
-1.073372
-1.241329
-1.278272
-1.018547
-0.555891
-0.315535
0.248066
0.465508
0.983182
1.423735
1.196421
0.969103
1.193663
0.816060
0.452527
0.509120
0.652681
0.513049
0.535388
0.465430
0.356132
-0.008910
-0.230888
-0.366659
-0.519368
-0.887754
-0.654812
-0.592049
-0.261597
0.015780
0.415571
0.349828
0.283084
-0.229710
-0.670233
-0.876196
-0.796201
-0.513732
-0.082066
0.085727
0.441923
0.643761
0.629728
0.848932
0.931510
1.079978
0.998930
0.927236
0.709664
0.696449
0.121428
-0.099262
-0.220998
-0.322569
-0.491354
-0.209846
-0.324271
-0.223559
-0.474767
-0.507176
-0.518398
-0.488864
-0.780412
-0.708737
-0.565613
-0.708515
-0.763048
-0.222881
0.089058
0.439242
0.656814
1.000783
0.885052
0.877395
0.709471
0.691191
0.779286
0.739117
0.440060
0.193654
-0.065774
-0.265175
-0.393100
-0.257519
-0.083083
0.086402
-0.178684
-0.546354
-0.614721
-0.784126
-0.948519
-0.849617
-1.017793
-1.298539
-1.138811
-0.894640
-0.553743
-0.074898
0.217265
0.145893
0.482481
0.694122
1.062782
1.632859
1.788794
1.555571
1.298974
1.099379
0.673959
0.483903
0.348401
0.044028
-0.121697
-0.278008
-0.300986
-0.168995
0.040906
0.224663
0.243697
0.263832
0.415004
0.256984
-0.201285
-0.510723
-0.674552
-1.212307
-1.336361
-1.232972
-1.208253
-1.079027
-1.040148
-0.941768
-0.357458
-0.131380
-0.021250
0.259340
0.555034
0.260511
0.389522
0.611535
0.622368
0.470761
0.407715
0.241871
0.034557
-0.035379
0.096024
-0.105923
0.033377
-0.168272
-0.405341
-0.574344
-0.392656
-0.308705
-0.392963
-0.398207
-0.480755
-0.768809
-1.081721
-0.740803
-0.042711
0.475637
1.113605
1.600456
1.650733
1.241829
0.877625
0.686635
0.540374
0.325123
0.402213
0.352144
0.255677
0.181168
0.095703
-0.097620
-0.168005
-0.048520
-0.044482
0.172038
0.170673
0.162832
-0.262924
-0.486826
-0.770836
-0.957938
-1.199036
-1.291074
-1.472757
-1.515782
-1.278231
-1.019550
-0.537469
-0.131622
0.323745
0.344921
0.608593
0.669853
0.881347
1.122935
1.341242
1.389242
1.360339
1.256685
0.864472
0.719094
0.417386
-0.043662
-0.244760
-0.457037
-0.829353
-0.730721
-0.558697
-0.528946
-0.330603
-0.064116
-0.119986
-0.127773
-0.127792
-0.314306
-0.428776
-0.604537
-0.666986
-0.652301
-0.536884
-0.316135
-0.271821
-0.278022
-0.074829
-0.205684
-0.196857
-0.078118
0.525934
0.727327
0.964566
1.144680
1.102036
0.643590
0.316732
0.435378
0.305827
0.589994
0.439838
0.309694
-0.044894
-0.305332
-0.705085
-0.645194
-0.620699
-0.342103
-0.431463
-0.356215
-0.482693
-0.616050
-0.680123
-0.346439
0.038869
0.631348
0.759744
0.823817
0.685334
0.491526
0.180803
0.220976
0.255454
0.145668
-0.324846
-0.119805
-0.000681
-0.140954
-0.374497
0.111439
-0.124603
0.156024
0.161532
0.413119
0.647475
0.536506
0.200491
0.092467
-0.223906
-0.966562
-1.030366
-0.976260
-0.938854
-0.514551
-0.176917
-0.127828
-0.371599
-0.446725
-0.386974
-0.136660
-0.010616
0.176563
0.280387
0.176437
0.231003
0.564785
0.785045
1.116885
1.373038
1.356488
0.822016
0.617639
0.442768
0.201103
-0.392156
-0.388751
-0.728403
-1.122481
-1.549818
-1.463927
-1.317900
-1.037352
-0.881390
-0.364872
0.041860
0.222705
0.339497
0.746361
0.745982
0.779701
0.559116
0.303399
-0.186621
-0.340036
-0.141288
0.063955
0.555318
0.996386
1.085899
0.749090
0.518211
0.194778
-0.238147
-0.387963
-0.644763
-0.781248
-0.921192
-0.919101
-0.672545
-0.223000
0.006282
0.096083
-0.067559
-0.237241
-0.403206
-0.257810
-0.300977
0.071676
0.496300
0.550913
0.682637
0.912270
1.214553
1.350041
1.400119
1.226404
0.923320
0.508055
0.249582
0.285540
0.278134
-0.106197
-0.270054
-0.747614
-1.336171
-1.594701
-0.872838
-0.685155
-0.506159
-0.303403
-0.091524
-0.350730
-0.328208
-0.235859
0.024577
-0.000126
-0.304860
-0.632722
-1.042793
-1.236574
-1.248148
-0.878201
-0.451650
-0.034197
0.255078
0.371098
0.524573
0.668249
1.166462
1.160033
1.196988
1.393139
1.443151
1.055572
1.136869
1.096813
0.569637
0.055278
-0.098738
-0.280334
-0.433016
-0.385312
-0.387636
-0.541299
-0.993034
-1.232650
-1.263399
-1.026829
-1.051042
-0.837782
-0.658925
-0.706684
-0.767763
-0.286237
0.033544
0.451393
0.774641
0.944027
0.770072
0.552016
0.328986
0.354101
0.389373
0.388046
0.653495
0.723091
0.558318
0.501458
0.379594
0.137406
0.145122
0.089154
-0.161235
-0.282280
-0.414518
-0.812454
-0.982436
-1.079551
-1.078551
-0.786324
-0.761408
-0.642086
-0.054722
0.163751
0.666439
1.237260
1.369149
1.090902
1.002449
0.706426
0.172411
-0.016543
-0.314026
-0.513137
-0.828978
-0.782034
-0.610932
-0.542977
-0.219050
-0.040524
0.214854
0.263811
0.500960
0.444581
0.306109
0.194668
0.311401
0.070797
-0.223968
-0.314132
-0.375348
-0.643919
-0.571908
-0.321450
-0.242408
-0.029294
0.182993
0.450046
0.608732
0.725232
0.794805
0.942771
1.087472
1.122890
1.140775
1.062077
0.543080
-0.108774
-0.654309
-1.101013
-1.346109
-1.158669
-1.073191
-0.987860
-0.805611
-0.842347
-0.781519
-0.461765
-0.230756
0.097344
0.248979
0.203723
0.195575
-0.007980
-0.389778
-0.450085
-0.197765
-0.063567
0.360583
0.743476
0.928823
0.846830
0.634405
0.383742
0.426838
0.364154
0.327471
0.468076
0.374364
-0.103615
-0.201096
0.028074
-0.074840
0.131869
0.159463
0.078983
-0.185763
-0.195515
-0.119796
0.083721
0.001428
-0.276210
-0.960408
-1.756370
-2.129234
-1.741569
-1.423833
-0.677206
-0.142846
0.260384
0.333938
0.145894
0.336960
0.539327
0.639220
0.622944
0.751457
0.588017
0.351319
0.052245
-0.228037
-0.233290
-0.327269
-0.068171
0.454467
0.920636
1.201275
1.659512
1.873035
1.735634
1.284046
0.939631
0.581507
0.247329
0.194906
0.030801
-0.402824
-0.939095
-1.519125
-1.962221
-2.084653
-1.644295
-1.387911
-0.975246
-0.796774
-0.516816
-0.339154
-0.169058
0.059645
0.303439
0.424881
0.389945
0.671705
0.958257
1.031799
1.167955
1.105100
0.874166
0.654650
0.184206
-0.208913
-0.473367
-0.660601
-0.762008
-0.625913
-0.684117
-0.596121
-0.438628
-0.466875
-0.350608
0.307458
0.332537
0.638390
0.904204
1.046726
0.524565
0.590335
0.129834
-0.235747
-0.475612
-0.557122
-0.796273
-0.457258
-0.461294
-0.694424
-0.767457
-0.537125
-0.645510
-0.416393
0.447165
0.682468
0.715206
0.639130
0.200207
-0.457335
-0.562743
-0.745677
-1.011967
-0.799986
-0.623250
-0.776825
-0.513100
-0.308291
-0.231750
0.166954
0.485253
1.131703
2.024319
2.178965
1.777292
1.946905
1.419530
0.583708
0.510503
0.493317
0.187115
-0.251238
-0.320067
-0.307547
-0.342591
-0.153618
0.321913
0.626584
0.581485
0.500154
0.348450
-0.036963
-0.387354
-0.357396
-0.341384
-0.088800
-0.085955
-0.300789
-0.813117
-1.197093
-1.967326
-2.064751
-1.590491
-0.708689
0.234677
0.961695
1.330128
1.430860
1.085019
0.817240
0.847973
0.701999
0.632662
0.266849
0.170654
-0.236478
-0.424311
-0.509140
-0.266436
-0.215541
-0.076408
0.040008
-0.142261
-0.068573
-0.350962
-0.399743
-0.221930
-0.207510
-0.259350
-0.174390
-0.210733
-0.154998
-0.193835
-0.115000
-0.016925
0.100909
0.095223
0.593550
1.145947
1.377755
1.675780
1.865065
1.233304
0.586462
0.147399
-0.287032
-0.849382
-1.046296
-1.480552
-1.844095
-1.701717
-1.630077
-1.408314
-0.590139
0.106794
0.357436
0.465043
0.686720
0.375806
0.161151
-0.085216
0.034441
0.326566
0.446806
0.531841
0.499983
0.303507
0.095030
-0.041688
0.038111
0.174212
0.451815
0.458939
0.618251
0.499014
0.513466
0.523614
0.757782
1.104628
1.277319
0.504749
0.086117
-0.559479
-1.294281
-1.551876
-0.957376
-0.839732
-0.590894
-0.412903
-0.204536
-0.171941
-0.059668
-0.063843
-0.180632
-0.533245
-0.761603
-0.857826
-0.803863
-0.518893
-0.321926
-0.079879
-0.069543
-0.020205
-0.279655
-0.054066
0.297721
0.665997
0.773960
1.051270
1.088357
0.956863
0.759188
0.722415
0.727706
0.451248
0.490230
0.431073
0.245570
-0.177905
-0.123336
-0.271174
-0.393427
-0.392145
-0.301764
-0.556879
-0.714435
-0.900692
-0.890018
-0.862290
-0.401358
-0.235848
-0.065595
0.114310
0.248602
-0.136116
-0.294858
0.012578
0.345699
0.598742
0.805261
0.973607
0.995883
0.795423
0.478051
0.471786
0.293052
-0.026738
-0.422362
-0.485779
-0.647554
-0.835025
-0.719544
-0.698434
-0.480331
-0.390007
-0.261424
-0.345281
-0.322141
-0.626146
-0.704127
-0.597716
-0.353468
0.010538
0.423385
0.479522
0.962406
1.258226
1.032960
1.125952
1.418251
1.128121
0.783953
0.862690
0.721684
0.471537
0.249990
0.034057
-0.171087
-0.378527
-0.525229
-0.621099
-0.892634
-1.022354
-1.162303
-1.175420
-1.022227
-0.602056
-0.455733
-0.570983
-0.616983
-0.871170
-0.848393
-0.536294
-0.113008
0.221016
0.616897
0.707711
0.651756
0.442024
0.185071
-0.036733
-0.244158
-0.502330
-0.391948
-0.000017
0.381012
0.798449
1.113640
1.239049
1.034361
0.896664
0.867518
0.581466
0.604141
0.671437
0.586817
0.335111
0.315542
-0.034072
-0.435437
-0.762916
-0.924401
-0.858385
-0.784910
-0.711034
-0.543310
-0.604683
-0.664305
-0.650839
-0.600647
-0.793602
-0.615824
-0.502032
-0.601755
-0.171971
0.170857
0.287829
0.448604
0.855829
0.762740
0.891567
0.886338
0.890046
0.765624
0.650656
0.601362
0.524607
0.029954
0.006271
0.021408
0.018621
-0.160317
0.022918
-0.090497
-0.008747
-0.368127
-0.446805
-0.355633
-0.439974
-0.722137
-0.837255
-0.755634
-0.829808
-0.617486
-0.325303
0.215898
0.638457
0.860195
0.961161
0.895419
0.454018
0.236444
0.133872
0.219628
0.290733
0.892974
0.744712
1.017112
0.822634
0.431981
-0.080302
-0.198344
-0.855198
-0.824232
-0.667659
-0.406334
-0.193893
-0.014194
-0.222055
-0.284940
-0.704326
-0.864631
-0.656122
-0.365163
-0.357499
-0.133406
-0.054026
0.122766
0.028085
0.102515
0.290955
0.532568
0.509895
0.340027
0.492072
0.251631
-0.002704
-0.499353
-1.003365
-1.068937
-1.011083
-1.272050
-1.022353
-0.707780
-0.704933
-0.869303
-0.627405
-0.557596
0.056650
0.125503
0.350559
0.885327
1.243338
1.257139
1.948085
2.128469
1.768302
1.220561
0.673970
-0.119070
-0.623558
-0.539720
-0.748082
-0.871731
-1.438977
-1.147256
-1.215276
-0.779885
-0.313476
0.267492
0.306632
0.295630
0.155582
0.041993
-0.271114
-0.074593
-0.139639
-0.233864
-0.359660
-0.099499
-0.270199
-0.455091
-0.371668
-0.336353
-0.480093
-0.288130
-0.088960
0.136667
0.391937
0.790235
0.867407
1.075264
0.987322
0.899146
0.785044
0.650783
0.400373
0.534281
0.482249
0.508853
0.477892
0.625983
0.702940
0.560269
0.422741
0.194053
-0.037747
-0.348998
-0.299353
-0.703527
-0.873464
-1.068973
-1.299854
-1.485173
-1.331477
-1.364342
-1.031432
-0.548865
-0.194640
0.245709
0.754397
0.973308
0.912909
1.107594
1.113697
1.000602
0.920062
0.696828
0.509809
0.119252
-0.123891
-0.409340
-0.585292
-0.786467
-0.788627
-0.659573
-0.595888
-0.314535
-0.219443
-0.159392
-0.093366
-0.132323
-0.072235
-0.045486
-0.154578
-0.240953
-0.404550
-0.062414
0.295864
0.577443
0.574845
0.830963
0.558243
0.040127
0.036045
0.395124
0.418425
0.431233
0.610131
1.023304
1.154932
1.055674
0.957430
0.747750
0.213658
-0.390309
-0.544532
-0.737712
-0.732213
-0.920588
-0.968356
-0.984264
-1.017836
-1.052146
-0.684459
-0.481706
0.046141
0.580547
1.028281
0.958065
0.716426
0.505063
0.154355
0.184909
0.373026
0.629950
0.643777
0.458588
0.035630
-0.311964
-0.508895
-0.485700
-0.472213
-0.613078
-0.370224
-0.227021
-0.375428
-0.492441
-0.283803
-0.278142
-0.068973
-0.176351
0.124993
0.156654
0.061359
0.032126
0.133747
0.423742
0.687030
0.683243
0.679967
0.876653
0.663643
0.240392
-0.025016
-0.153939
-0.252963
-0.177932
-0.085214
0.382030
0.584258
0.435766
0.042410
0.079502
0.002046
-0.326246
-0.377038
-0.079453
-0.092789
-0.224950
-0.290115
-0.276365
-0.474016
-0.708697
-0.889963
-0.841504
-0.973373
-0.708546
-0.136476
0.269077
0.570988
1.270499
1.385444
1.157945
0.957308
0.940931
0.668330
0.418753
0.264885
0.186968
0.074105
-0.219895
-0.444024
-0.438046
-0.568520
-0.745987
-0.826314
-0.775166
-0.770854
-0.810009
-0.769613
-0.363542
0.082624
0.385754
0.657869
0.718449
0.471621
0.511987
0.545210
0.498546
0.659363
0.481267
0.148069
-0.211551
-0.215248
-0.315638
-0.268883
-0.210941
-0.102088
-0.499277
-0.824546
-0.772795
-0.874677
-0.827731
-0.577607
-0.464614
-0.548160
-0.271691
-0.553945
-0.559468
-0.270698
0.025188
-0.111882
0.053358
0.977642
1.498308
1.835435
2.122869
2.303294
1.515481
1.174642
0.773158
0.446829
0.251246
0.252731
0.024973
0.191829
0.019065
-0.182283
-0.342364
-0.441781
-0.790086
-1.092107
-0.881196
-0.782698
-0.669373
-0.532157
-0.573611
-0.590495
-0.853858
-1.055555
-1.262656
-1.003882
-0.855552
-0.464875
-0.213583
0.133865
0.775168
1.104103
1.039332
1.247440
1.405743
1.366580
1.169455
1.517252
1.447979
1.242962
0.946013
0.609025
0.113363
-0.174391
-0.375840
-0.337705
-0.321996
-0.360715
-0.557626
-0.599390
-0.852541
-0.786396
-0.480452
-0.109301
-0.114691
-0.157323
-0.354805
-0.393340
-0.622665
-0.366714
-0.458709
-0.504528
-0.683008
-0.668813
-0.732212
-0.333339
-0.039224
0.110237
0.132875
0.153084
-0.216918
-0.278779
-0.211340
0.029032
0.254740
0.553338
0.790663
0.445595
-0.038208
-0.532101
-0.691074
-0.873056
-0.442410
-0.233080
0.069973
0.438890
0.487974
0.196498
0.169728
-0.132085
-0.269866
-0.199823
-0.121344
0.437217
0.848630
0.998939
0.930643
1.112768
0.749881
0.470185
0.412663
0.562750
0.459596
0.462988
0.457870
0.109397
-0.286369
-0.451923
-0.653713
-0.686582
-0.704616
-1.061986
-1.176601
-1.379977
-1.379265
-1.370077
-0.755569
-0.452427
-0.076650
0.340050
0.648879
0.850289
1.156398
1.508952
1.607543
1.568087
1.356131
0.967610
0.434315
-0.094567
-0.243167
-0.311438
-0.502368
-0.456216
-0.446371
-0.444856
-0.307626
-0.108634
-0.115480
-0.109644
-0.382917
-0.701989
-0.870351
-0.578622
-0.478078
-0.249586
0.188595
0.221387
0.239628
0.198934
0.592734
0.676134
0.975297
1.061321
1.317097
0.966553
0.718676
0.558113
0.122737
-0.032962
0.088729
-0.169348
-0.389811
-0.451261
-0.691187
-0.963389
-0.984097
-0.819463
-0.995390
-1.152179
-1.060315
-0.710846
-0.675031
-0.411120
-0.079316
-0.164936
-0.112657
0.283895
0.492354
0.905409
1.294541
1.221979
0.948528
0.861552
0.453017
0.318426
0.390596
0.264567
0.067622
-0.043395
-0.331806
-0.421421
-0.659589
-0.596421
-0.466647
-0.529627
-0.868548
-0.759171
-0.481009
-0.382213
0.253057
1.054891
1.124484
1.059805
0.893032
0.431416
0.075967
0.111546
-0.075650
0.037632
0.305218
0.193012
0.248519
0.370757
-0.183006
-0.152776
-0.122002
-0.022676
-0.193036
0.017168
-0.217917
-0.617470
-0.882509
-0.874914
-0.524222
-0.744988
-0.842473
-0.579728
-0.373902
-0.383772
0.363362
0.702793
0.537113
0.480918
0.601107
0.196373
0.107505
0.119330
0.536825
0.495863
0.535856
0.839354
0.733057
0.103847
-0.148589
-0.462038
-0.747056
-0.800348
-0.821992
-0.481294
-0.334586
0.162423
0.327295
0.517135
0.340269
0.059234
-0.576066
-0.625396
-0.465993
-0.405964
-0.186817
-0.206508
-0.395684
-0.563315
-0.837324
-0.919154
-0.506139
-0.217427
-0.011435
0.282378
0.623114
0.565566
0.715059
0.826306
0.764476
0.606698
0.635636
0.594698
0.444031
0.380454
0.528598
0.421517
0.266197
0.015152
-0.237328
-0.666025
-0.768856
-0.766386
-0.865114
-0.746519
-0.463626
-0.357681
-0.197592
0.110121
0.478043
0.658626
0.875292
0.854795
1.035029
1.186788
1.235848
1.201645
1.124683
0.723751
0.141463
-0.366095
-0.870846
-1.275767
-1.576207
-1.534207
-1.474195
-1.258021
-0.998556
-0.621619
-0.326735
-0.025400
0.354618
0.394418
0.476461
0.398377
0.276795
-0.106963
-0.153270
-0.280698
-0.441486
-0.434567
0.074207
0.582116
0.953421
1.211651
1.152024
0.527000
0.117639
-0.067110
-0.260696
-0.094941
0.087331
0.037482
0.052013
-0.162668
-0.159801
-0.288979
-0.199240
-0.380165
-0.240001
-0.541097
-0.741550
-0.915342
-1.117863
-1.151304
-0.856290
-0.561546
-0.131909
0.448879
0.883834
1.138570
1.270525
1.098165
0.946689
0.837678
0.506820
0.467953
0.706705
0.605872
0.566789
0.539551
0.266831
-0.397798
-0.846003
-1.196436
-1.511034
-1.510136
-1.462241
-1.152701
-0.959782
-0.750582
-0.427138
-0.054544
0.182511
0.320063
0.552585
0.798869
0.842852
0.976953
1.127613
1.248192
1.051336
1.035028
0.860165
0.620315
0.503536
0.402957
0.134411
-0.018912
-0.243651
-0.401271
-0.727738
-0.826205
-0.888721
-0.700149
-0.656345
-0.567731
-0.507348
-0.590210
-0.817858
-0.760653
-0.641631
-0.302918
0.041854
0.484496
0.804832
1.208034
1.027334
0.913908
0.921628
0.670056
0.343194
0.613048
0.652459
0.386316
0.060941
-0.111472
-0.356217
-0.673290
-0.457653
-0.429163
-0.003648
0.135187
0.304017
-0.010162
-0.191149
-0.530527
-0.824231
-0.796697
-0.483993
-0.214997
-0.263108
-0.031060
0.060032
-0.131886
0.009678
0.381709
0.395506
0.415542
0.377925
0.322020
0.223649
-0.024581
0.170820
0.043573
0.162328
0.212470
0.220389
0.121470
0.138568
-0.122226
-0.563010
-0.738817
-0.916985
-0.780241
-0.706612
-0.645021
-0.216507
-0.104841
-0.197778
0.049132
0.322788
0.089174
-0.045635
0.106963
0.135440
0.185920
0.178784
0.366863
0.571027
0.632790
0.731649
1.104757
1.048889
0.827424
0.418078
-0.023976
-0.294434
-0.661784
-0.893819
-1.108007
-1.209901
-1.511244
-1.358732
-1.224828
-1.006171
-0.775339
-0.546614
-0.510579
-0.208961
0.068096
0.485848
0.915083
1.288820
1.355122
1.345057
1.170788
0.993430
0.974166
0.754552
0.568344
0.303583
0.154657
-0.112071
-0.230781
-0.312677
-0.401884
-0.493391
-0.526452
-0.536145
-0.506298
-0.547505
-0.663349
-0.659496
-0.632356
-0.570025
-0.130441
0.228726
0.340113
0.678432
0.979668
1.045269
1.131828
1.178749
0.899827
0.820280
0.497575
0.404522
0.021546
-0.107815
-0.418592
-0.469324
-0.792216
-0.823248
-0.646588
-0.767627
-0.865115
-0.764950
-0.628189
-0.752148
-0.683346
-0.374346
-0.217969
0.024789
0.323938
0.455331
0.630839
0.521332
0.446043
0.413036
0.656102
0.704985
0.877824
0.711408
0.381819
0.058331
-0.263484
-0.618112
-0.711377
-0.609905
-0.486447
-0.399995
-0.335599
-0.081649
-0.244134
-0.241744
-0.340567
-0.697661
-0.981392
-0.851666
-0.800990
-0.782130
-0.203421
0.475976
0.640208
0.818250
0.881454
1.034234
0.788638
0.890052
1.165928
1.075316
0.818923
0.626888
0.499578
0.123221
0.220533
0.350152
0.239033
-0.030284
-0.597721
-1.158345
-1.552501
-1.761761
-1.645834
-1.333653
-0.958464
-0.588346
-0.351563
-0.353472
-0.457254
-0.164331
-0.057464
0.212066
0.394422
0.704643
0.887927
0.805548
0.777089
0.669878
0.434642
0.158770
0.106196
0.343633
0.737357
1.250862
1.603771
1.631064
1.129172
0.504850
-0.120658
-0.805961
-1.478632
-1.632498
-1.826882
-1.552522
-1.329545
-0.718041
-0.357403
0.158094
0.359507
0.488471
0.533335
0.868717
0.989397
0.981529
0.970698
0.902786
0.517926
0.386604
0.042689
-0.269431
-0.286891
-0.420249
-0.606030
-0.543567
-0.742719
-1.117454
-1.552797
-1.553866
-1.700278
-1.402958
-0.844794
-0.120399
0.078975
0.421064
0.687929
0.792779
0.615448
0.676040
0.755123
0.889627
0.833182
1.028372
1.258999
1.152363
0.859566
0.558151
0.302192
-0.124257
-0.457107
-0.619008
-0.613568
-0.527978
-0.471360
-0.512808
-0.580155
-0.657923
-0.791107
-0.680143
-0.189785
0.285258
0.412435
0.387726
0.146829
0.070138
-0.101692
0.003167
0.527382
0.884238
0.936336
1.040916
1.070617
0.821889
0.700877
0.639807
0.638235
0.557985
0.474763
0.423128
0.280237
-0.282490
-0.679887
-1.163470
-1.653109
-1.921887
-1.825955
-1.609331
-1.292550
-0.766965
-0.544308
-0.102092
0.276760
0.585088
1.088517
1.175650
1.138200
1.053869
0.746280
0.095785
0.210468
0.260382
0.275873
0.394198
0.620356
0.643712
0.465830
0.237914
0.185398
0.179241
0.159351
0.196692
0.174038
0.096059
-0.140727
-0.619446
-0.933991
-1.319037
-1.455330
-1.573872
-1.470052
-1.205315
-0.723450
-0.174258
0.093240
0.285738
0.371612
0.501470
0.379411
0.319212
0.617835
0.610383
0.605061
0.719696
0.790012
0.625457
0.397007
0.151403
-0.219446
-0.379660
-0.712570
-0.797046
-0.696317
-1.057064
-1.185315
-1.237459
-1.039896
-0.882886
-0.434537
-0.150043
0.138493
0.369199
0.443084
0.610488
0.912951
0.902778
0.770375
0.747324
0.661030
0.480828
0.507725
0.622862
0.524585
0.273681
0.054516
-0.059252
-0.047628
-0.431096
-0.557612
-0.783900
-0.927388
-1.081712
-1.183617
-0.892624
-0.606842
-0.397988
-0.149790
0.232391
0.208197
-0.137153
-0.485561
-0.866169
-0.770882
-0.481504
-0.174506
0.530730
1.012677
0.919259
0.779237
0.713937
0.456310
0.079657
0.064073
-0.190217
-0.017888
0.168689
0.311552
0.408148
0.644703
0.324183
0.218782
-0.133988
-0.098322
-0.387648
-0.433824
-0.698537
-0.803263
-1.355172
-1.398704
-1.012695
-0.742265
-0.490662
0.156985
0.406980
0.476146
0.513591
0.743573
0.945579
1.123099
0.715986
0.558053
0.516528
0.096995
0.205002
0.563275
0.572727
0.359403
0.347431
0.045532
-0.172824
-0.156087
-0.288052
-0.696343
-1.052488
-1.256698
-1.534429
-1.176034
-0.958903
-0.457426
-0.204903
0.110779
0.412208
0.618952
0.639181
0.532580
0.714021
0.412195
0.288831
0.041585
0.128630
-0.105234
-0.195871
0.007123
0.169198
-0.076875
-0.186626
-0.263254
0.486190
0.870485
1.247783
1.690254
2.329596
1.700951
0.971444
0.594281
-0.117524
-1.223956
-1.513621
-1.370803
-1.090262
-0.996153
-1.210164
-1.109945
-1.010444
-0.727554
-0.467078
0.309899
0.611203
0.676545
0.418921
0.220239
0.182591
-0.140909
-0.353762
-0.348704
-0.282629
-0.290334
-0.245661
-0.012462
0.086237
-0.198021
-0.086708
-0.389215
-0.834343
-1.400845
-0.804795
-0.308595
0.453182
1.125382
1.718858
1.663383
1.196656
0.690150
0.446964
0.280368
0.272678
0.231013
0.246945
0.000750
-0.221455
-0.417458
-0.904784
-1.311620
-1.059386
-1.016743
-0.845415
-0.698173
-0.367111
-0.567631
-0.555816
-0.833451
-0.849450
-0.469019
0.140718
0.818989
1.490952
1.887710
1.877573
1.345319
0.852341
0.309525
0.178730
-0.231919
-0.204339
-0.224546
-0.193523
-0.258400
-0.420931
-0.378424
-0.265406
-0.126443
0.149737
0.660038
0.696878
0.746095
0.406485
0.200384
-0.291226
-0.464650
-0.476488
-0.592264
-0.786516
-0.594133
-0.318971
-0.360569
-0.077528
0.248766
0.432607
0.525341
0.682673
0.899579
0.999034
1.058933
0.897674
0.424173
0.082214
-0.252869
-0.318819
-0.505856
-0.500482
-0.554695
-0.681246
-0.976600
-0.795363
-0.613639
-0.434268
-0.415527
-0.331356
-0.528253
-0.655723
-0.470201
0.178463
0.537818
0.654636
0.851150
0.958203
0.489853
0.236883
0.316051
0.300934
0.068103
-0.094662
-0.272909
-0.526299
-0.622989
-0.764083
-0.784877
-0.709006
-0.837148
-0.751298
-0.645762
-0.393273
-0.293760
-0.003903
0.170695
0.237320
0.656736
0.895921
1.126772
0.716802
0.751629
0.595576
0.517598
0.625929
1.205669
1.261324
1.129887
0.945336
0.694082
0.256901
0.042714
-0.261313
-0.326492
-0.691566
-1.089631
-1.519825
-1.822242
-2.239450
-1.934826
-1.489294
-0.942563
-0.455891
0.183275
0.374716
0.533852
0.849046
1.086244
1.358347
1.472239
1.330101
1.192179
1.034333
0.696614
0.306689
0.277486
0.170032
0.063853
-0.003795
-0.193803
-0.343764
-0.650262
-0.827801
-0.857244
-0.843645
-0.795719
-0.510401
-0.224000
0.159529
0.422709
0.149995
-0.150576
-0.239075
-0.526234
-0.692018
-0.350463
-0.211339
-0.108297
-0.088543
0.238241
0.396986
0.439882
0.526724
0.474840
0.373557
0.167310
0.405138
0.223828
0.097523
0.081234
0.029193
-0.392221
-0.767259
-1.177481
-1.243865
-1.350536
-1.077975
-0.707065
0.071069
0.230453
0.749348
1.133630
1.331988
1.325589
1.448421
1.340458
0.880643
0.915482
0.797858
0.682116
0.570968
0.504352
0.068221
-0.348450
-0.529395
-0.556062
-0.532265
-0.322521
-0.161522
-0.290347
-0.286998
-0.271522
-0.103676
0.412693
0.659833
0.836182
1.010790
0.983838
0.011786
-0.693962
-1.271129
-1.510591
-1.839446
-1.414531
-0.932871
-0.863299
-0.680590
-0.593835
-0.634483
-0.630737
-0.251383
-0.423538
-0.249080
-0.117225
0.234392
0.405424
0.398866
0.510422
0.540724
0.517347
0.477602
0.775276
0.740266
0.878209
1.018406
0.905897
0.748574
0.574424
0.329104
0.053606
-0.198707
-0.685858
-1.090504
-1.518953
-1.766060
-1.708428
-1.207527
-0.957819
-0.379324
-0.231962
-0.056413
0.091297
0.313233
0.697767
0.688331
0.569847
0.640393
0.613354
0.770297
0.714974
0.515597
0.085067
-0.153890
-0.754726
-0.611749
-0.261717
-0.212183
-0.129191
0.092493
0.198837
-0.028689
-0.266619
-0.223389
-0.462836
-0.680584
-0.489520
-0.262721
-0.296120
-0.433720
-0.527032
-0.465938
-0.278681
-0.007854
0.394840
0.941804
1.193238
1.206172
1.317571
1.256142
1.077012
0.909270
1.013614
0.940973
0.880441
0.633023
0.116258
-0.420923
-1.115497
-1.545599
-1.790752
-1.613602
-1.446930
-1.217008
-1.000724
-0.666325
-0.571466
-0.418604
-0.277814
-0.009125
0.019878
-0.041571
0.070853
0.175381
0.183457
0.255041
0.562002
0.645309
1.069490
1.136335
1.161727
1.108303
1.027150
0.625965
0.392667
0.312791
0.274140
0.117035
-0.009150
-0.039318
-0.494291
-1.188676
-1.459196
-1.473297
-1.507405
-1.310175
-0.644088
-0.304379
-0.254318
-0.131530
0.187020
0.433213
0.735932
1.055348
1.007997
0.852565
0.346472
0.017050
-0.208479
-0.242379
-0.328378
-0.251992
-0.336924
-0.153804
-0.129940
0.087483
-0.006521
-0.061455
-0.420380
-0.662424
-0.645658
-0.113974
0.227612
0.464235
0.837752
0.555472
0.023776
-0.181872
-0.332048
-0.087917
0.338710
0.900317
1.470709
1.747699
1.471534
1.207061
0.955419
0.429890
0.221471
0.126765
0.143843
0.076702
-0.062896
-0.169316
0.027943
0.006844
0.238593
0.181941
0.127006
-0.582439
-1.226932
-1.863033
-2.040274
-2.274856
-2.147285
-1.478126
-0.972166
-0.368389
0.220790
0.710894
0.741287
0.723167
0.477870
0.270536
0.349947
0.392480
0.420480
0.528465
0.538529
0.377089
0.387491
0.046950
-0.283280
-0.091064
-0.069094
-0.050619
0.078155
0.326545
0.061505
-0.122383
-0.404478
-0.497861
-0.814009
-0.974801
-1.039821
-1.004541
-0.852446
-0.205527
0.108858
0.633352
0.920673
1.185690
1.043226
1.004564
0.882064
0.823918
0.628753
0.257946
0.067060
-0.049017
-0.154634
-0.036386
0.302012
0.328712
0.194875
0.197063
0.006768
-0.193189
-0.047667
0.138513
0.052139
-0.317976
-0.923763
-1.319408
-1.841161
-2.030687
-1.644758
-1.017034
-0.522761
-0.142454
0.289918
0.340997
0.521565
0.535923
0.627457
0.673386
0.851344
0.852282
0.753523
0.653518
0.692249
0.578896
0.449423
0.422318
0.350363
0.176698
-0.131160
-0.359386
-0.738701
-0.793626
-0.891036
-0.846566
-0.570699
-0.135877
0.159624
0.471032
0.836564
1.018627
1.095028
0.961211
0.694915
0.470674
0.393726
0.273874
0.281932
0.312700
0.377941
0.262238
0.112754
-0.259076
-0.867484
-1.251845
-1.697528
-1.818883
-1.699784
-1.351183
-1.148005
-0.773378
-0.544535
-0.087467
0.178034
0.463241
0.612495
0.795202
0.725611
0.752515
0.774505
0.754333
0.846386
0.755618
0.748906
0.721693
0.384007
0.100954
-0.036772
-0.278516
-0.561025
-0.769098
-1.078567
-1.057683
-1.056990
-0.930363
-0.490013
-0.054885
-0.014361
0.383013
0.487873
0.698186
0.835467
0.912946
0.596082
0.245695
0.075839
-0.346087
-0.506991
-0.549796
-0.418823
-0.585147
-0.371019
-0.066215
0.240720
0.311380
0.132187
-0.039546
-0.295048
-0.801339
-1.119155
-1.035723
-1.167077
-0.993558
-0.567377
-0.120509
0.156723
0.630545
0.812813
0.820940
1.255814
1.246171
0.966611
0.769555
0.497135
0.028111
-0.018468
0.039115
-0.157428
-0.075981
-0.251090
-0.538692
-0.615764
-0.777666
-0.816467
-0.525301
-0.603563
-0.355869
0.039955
0.336636
0.404104
0.971311
1.087980
1.022620
0.717623
0.507790
0.465531
0.329937
0.311332
0.585197
0.405609
0.240321
0.043224
0.114573
-0.035206
0.077819
0.198340
0.146336
-0.048158
-0.326404
-0.383310
-0.437692
-0.574489
-0.801915
-0.770040
-0.947093
-1.179805
-0.992591
-0.747753
-0.560473
-0.355724
0.010969
0.056982
0.219415
0.559489
0.886432
0.899056
1.072169
1.020952
0.914413
0.770693
0.537381
0.366786
0.437181
0.171547
0.038998
-0.240108
-0.574995
-1.136133
-1.321701
-1.446127
-1.325911
-1.090701
-0.747218
-0.544874
-0.360100
-0.130981
0.231367
0.394471
0.782606
1.131707
1.305147
1.386507
1.557585
1.391603
1.100228
0.923856
0.635888
0.475130
0.359774
-0.175030
-0.454866
-0.854337
-1.324240
-1.683996
-1.612025
-1.843770
-1.600046
-1.242551
-0.855911
-0.613299
-0.063149
-0.047689
0.073163
0.247565
0.268192
0.185962
0.323075
0.261717
0.071493
0.103291
-0.137740
-0.144128
-0.043275
0.012094
0.342742
0.694509
0.497468
0.407155
0.161420
-0.016259
-0.135637
-0.111653
-0.405315
-0.508431
-0.584568
-0.642800
-0.123445
0.280120
0.662320
0.866881
0.778462
0.544298
0.597634
0.620977
0.500525
0.733371
0.716391
0.437034
0.144543
-0.063705
-0.495399
-0.776290
-0.865705
-0.818874
-0.927602
-0.789728
-0.975712
-1.196127
-1.194821
-1.108851
-0.821962
-0.450652
-0.106096
0.146262
0.445970
0.705304
0.819891
1.032573
1.062446
1.017993
0.821372
0.692239
0.488996
0.336427
0.201616
0.089569
0.229130
0.297775
0.209924
0.282707
0.412371
0.175277
0.073010
0.052913
-0.119306
-0.498012
-0.722276
-0.878348
-1.194796
-1.279729
-1.202184
-0.972534
-1.319607
-1.329491
-1.065299
-0.998050
-0.581541
0.239317
0.892282
1.076850
1.429177
1.378958
1.212859
0.973178
0.933408
0.710608
0.542820
0.402300
0.359841
0.175722
-0.002631
-0.144173
-0.343018
-0.316195
-0.627179
-0.740343
-0.863337
-0.918145
-0.990701
-0.883570
-0.604872
-0.405903
-0.280979
-0.084289
0.270227
0.374131
0.395913
0.606763
0.781418
0.310176
0.257104
0.268841
0.409872
0.232044
0.713973
0.531853
0.564350
0.349056
0.135182
0.023392
-0.162636
-0.375793
-0.512689
-0.657512
-0.705749
-0.462033
-0.600443
-0.406755
-0.398498
-0.718650
-0.971984
-0.867322
-0.875630
-0.609915
-0.116885
0.288223
0.853209
1.286737
1.266039
1.202314
1.068798
0.823542
0.560275
0.660624
0.857110
0.928880
0.829627
0.505157
0.423955
0.062403
-0.270078
-0.431555
-0.657345
-0.923124
-1.242530
-1.341870
-1.294881
-1.274900
-1.297707
-1.042975
-0.743830
-0.642446
-0.195069
0.129317
0.235860
0.590607
0.641137
0.664024
0.827686
1.156443
0.871078
0.715877
0.440893
-0.196839
-0.609396
-0.343995
-0.270481
-0.081607
0.033580
-0.196847
0.049860
0.011611
-0.016360
0.210375
0.743407
0.350861
0.226449
-0.061220
-0.698993
-0.889020
-1.291146
-1.434896
-1.092062
-0.441212
-0.480083
-0.066420
0.209496
0.179584
0.224238
0.268159
-0.022674
-0.225513
0.144886
0.679094
0.907556
1.109447
1.305169
1.132157
0.893302
0.819785
0.725538
0.803811
0.402317
0.367591
0.418992
0.564969
0.289602
0.505027
0.382704
-0.215264
-0.282778
-0.064662
-0.089495
-0.304813
-0.016453
-0.162150
-0.499527
-0.817428
-0.720222
-0.714586
-0.745700
-0.521746
-0.124935
-0.020354
0.060054
0.348876
0.351340
0.430410
0.472003
0.587705
0.409074
0.440321
0.025746
-0.669299
-1.158731
-1.525983
-1.778839
-1.507106
-1.131733
-0.596588
-0.245925
0.103795
0.298723
0.576607
0.537185
0.809162
0.826109
0.620992
0.647846
0.539181
0.466844
0.525213
0.588564
0.506568
0.512911
0.399070
0.074765
-0.229359
-0.415099
-0.611404
-0.901952
-0.847739
-0.881529
-0.943537
-1.024159
-0.986888
-0.945632
-0.659087
-0.440716
-0.164134
0.100724
0.312786
0.554399
0.912346
1.252620
1.575775
1.641929
1.485729
1.112980
0.780399
0.717368
0.489399
0.378779
0.419818
0.428745
-0.087244
-0.574088
-0.443053
-0.607307
-0.959875
-0.858811
-0.359329
-0.559317
-0.705857
-0.489780
-0.745694
-0.985704
-0.817706
-0.574266
-0.813439
-0.679926
-0.544057
-0.636792
-0.755059
-0.460442
-0.429491
-0.052188
-0.012840
0.131414
0.524228
0.934807
0.738669
0.682784
0.507150
0.218732
-0.320937
-0.599374
-0.690494
-0.438429
-0.335887
0.387507
0.706323
0.944444
1.127552
0.964666
0.550053
0.479617
0.391318
0.229487
0.463406
0.503965
0.635462
0.271760
-0.261024
-0.704300
-0.700498
-0.903190
-0.698629
-0.538413
-0.618259
-0.523137
-0.654017
-0.760179
-0.639118
-0.452510
-0.310316
0.093172
0.555606
0.833201
1.048320
0.691307
0.573402
0.438393
0.480962
0.624315
0.976016
0.912518
0.956799
0.666692
0.354736
0.009248
-0.091234
-0.228182
-0.115708
-0.046922
-0.198531
-0.189245
-0.326942
-0.631466
-0.878548
-0.910387
-1.242947
-1.359087
-1.211100
-1.137407
-0.979650
-0.671631
-0.507349
-0.143672
0.217555
0.695736
1.051810
1.315203
1.305741
1.205424
1.073772
0.817783
0.438275
0.238582
0.163546
0.075740
0.146621
0.447905
0.378748
0.209119
-0.033405
-0.391358
-0.790959
-0.812850
-0.996801
-1.100265
-1.088591
-0.794388
-0.806132
-0.515793
-0.300853
-0.258999
-0.286325
-0.027892
0.179988
0.295420
0.723884
0.963877
0.904209
0.862308
0.857344
0.741710
0.456660
0.244380
0.068938
-0.072727
-0.195416
-0.368328
-0.649091
-0.802500
-1.038442
-1.223440
-1.134512
-0.899511
-0.446372
-0.031158
0.317521
0.374930
0.478862
0.551243
0.592280
0.529936
0.739962
0.897884
0.597720
0.299438
0.352239
0.104380
-0.007736
-0.103722
-0.157079
0.035215
0.024357
0.060974
0.087468
0.555093
0.396288
0.367817
0.192825
-0.075585
-0.557517
-0.958237
-1.145245
-1.083420
-1.035239
-0.871310
-0.688005
-0.267786
-0.101409
0.400983
0.368427
0.382254
0.570235
0.263831
-0.166236
-0.072482
0.003477
-0.198039
0.126683
0.394475
0.295829
0.227983
-0.020942
-0.352735
-0.501199
-0.146400
0.272058
0.619393
0.911231
1.066738
0.517981
-0.032998
-0.415212
-0.629485
-0.728137
-0.419161
-0.075328
0.127948
0.402288
0.706723
0.672644
0.523583
0.433484
0.129450
-0.394994
-0.553670
-0.720135
-0.805517
-0.685986
-0.453329
-0.322692
0.013066
0.164361
0.259705
0.549433
0.697454
0.732985
0.951004
1.200445
0.535054
0.102553
-0.497360
-1.173300
-1.757207
-1.584807
-1.482108
-1.140548
-0.631842
-0.346989
-0.002892
0.269996
0.499951
0.573174
0.603132
0.607387
0.709751
0.663170
0.643697
0.541495
0.372860
0.048685
-0.160898
0.080257
0.329993
0.405814
0.276464
0.283047
-0.024031
-0.447900
-0.643746
-0.360408
-0.331523
-0.381643
-0.682253
-0.707425
-1.168898
-1.262186
-0.981124
-0.180176
0.143273
0.888567
1.116911
0.900155
0.573769
0.347792
-0.103493
-0.242388
-0.267481
-0.001611
0.129051
0.258131
0.101806
-0.096141
-0.387348
-0.583408
-1.026316
-1.166865
-1.401791
-1.170490
-0.953164
-0.175448
0.423985
1.130480
1.346809
1.440638
1.292820
1.115956
1.080034
0.861126
0.633025
0.569440
0.561228
0.392782
0.373444
0.379167
0.206851
-0.025705
-0.162581
-0.240195
-0.603906
-1.043987
-0.572680
-0.287100
-0.195802
-0.091498
0.298012
-0.050464
-0.200144
-0.313871
0.095154
-0.038909
0.230729
0.334212
0.447576
0.220614
0.510732
0.359179
-0.160028
-0.588217
-0.446159
-0.424925
-0.652971
-0.249767
0.412134
0.697414
0.668297
0.631074
0.119142
-0.675558
-0.995814
-1.016913
-0.924827
-0.513378
-0.252451
-0.166031
0.259798
0.758828
1.036257
1.437413
1.406696
1.281454
0.868620
0.806689
0.707853
0.546597
0.158529
-0.089545
-0.437506
-0.973936
-1.231064
-1.321790
-1.417167
-1.251915
-0.827432
-0.449297
-0.288166
-0.050953
-0.154764
-0.530414
-0.409050
-0.357053
-0.114610
0.332889
0.757779
0.628311
0.529591
0.357584
0.181445
0.354622
0.440895
0.425219
0.323109
-0.117960
-0.244031
-0.147403
-0.007903
0.452981
0.967996
1.031672
1.210613
1.173288
0.940958
0.573536
0.272531
-0.218198
-0.404960
-0.724321
-0.969587
-1.183396
-1.290374
-1.581638
-1.500617
-1.246870
-0.622996
-0.377457
0.191724
0.348710
0.723626
0.514392
0.666834
0.586204
0.850040
0.905292
1.159423
0.968049
0.873437
0.558163
0.187843
-0.272009
-0.486978
-0.481871
-0.717070
-0.596915
-0.577204
-0.364489
-0.678331
-0.881371
-1.367697
-1.526486
-1.528649
-1.302527
-0.924028
-0.397505
-0.066455
0.323401
0.610553
0.811501
0.832019
0.988946
0.886188
0.850781
1.002791
1.244186
1.150847
1.133210
0.895898
0.733488
0.020367
-0.439137
-1.186714
-1.104584
-1.374104
-0.975030
-0.682481
-0.273144
-0.473192
-0.384442
-0.553421
-0.500753
-0.365382
-0.064781
0.226153
0.616528
0.786470
0.786453
0.672705
0.311689
0.111851
-0.119284
-0.012247
0.332623
0.636191
0.610770
0.621725
0.362851
-0.110208
-0.709228
-0.884519
-0.984052
-0.997835
-1.007806
-0.946404
-1.055414
-0.991138
-0.903167
-0.662922
-0.426668
-0.106332
-0.141353
0.152450
0.405628
0.846697
1.048646
1.454515
1.596979
1.422316
1.288737
0.942746
0.922918
0.600287
0.333604
0.369892
0.616884
0.135251
-0.012294
0.099146
-0.035637
-0.298487
-0.155960
-0.001718
-0.024151
-0.257000
-0.182243
-0.258831
-0.461542
-0.795112
-1.010965
-1.349805
-1.460436
-1.371752
-1.144535
-0.777739
-0.444878
0.076448
0.262551
0.677820
0.984491
1.190970
0.849776
0.697173
0.628928
0.288193
0.072883
0.083842
-0.088460
-0.361125
-0.608150
-0.713510
-0.863962
-0.923491
-0.985245
-0.746436
-0.569479
-0.235032
0.185737
0.516162
0.801646
1.144016
1.179557
1.235466
1.247440
1.077977
0.616427
0.418973
0.128711
-0.094707
-0.084918
0.032383
-0.043649
-0.056609
-0.231839
-0.773245
-1.258666
-1.155979
-1.257907
-1.278931
-0.950242
-0.602946
-0.625499
-0.546753
-0.508775
-0.260838
-0.128217
0.062425
0.166269
0.581583
0.784619
0.734203
0.764764
0.812705
0.681386
0.567276
0.480354
0.240742
0.013320
0.048864
0.081037
0.484669
0.554918
0.715445
0.413271
-0.064779
-0.528448
-0.540465
-0.632572
-0.862643
-0.834892
-0.641291
-0.725387
-0.338902
0.247694
0.322623
0.277332
0.386024
0.290953
0.133144
0.471528
0.851506
0.745641
0.593563
0.409355
0.050265
-0.267494
-0.160443
-0.298363
-0.313784
-0.283277
-0.338224
-0.410118
-0.436563
-0.447462
-0.166166
-0.036220
0.156330
0.534667
0.915129
0.971874
0.989931
0.912943
0.437526
0.080949
-0.196745
-0.672811
-0.542748
-0.138633
-0.113867
-0.003130
0.133899
0.059125
-0.185846
-0.026854
-0.170154
-0.015163
-0.238188
-0.451417
-0.565332
-0.625782
-0.782692
-0.399025
-0.039146
0.138374
0.413462
0.742024
0.687212
0.746019
0.613100
0.682734
0.737152
0.627725
0.517903
0.521565
0.005062
-0.124310
-0.528516
-0.839099
-0.804320
-0.641966
-0.863084
-0.857311
-0.573881
-0.553406
-0.324525
-0.064360
0.296684
0.545999
0.650765
0.752447
0.897944
0.921718
0.772644
0.657763
0.686909
0.607376
0.474556
0.277433
-0.003781
-0.452180
-0.988007
-1.194931
-1.347589
-1.386838
-1.222816
-0.874454
-0.510209
-0.146261
0.243492
0.555227
0.501668
0.474931
0.633695
0.847535
0.707945
0.810134
0.668986
0.415492
0.003195
-0.187125
-0.268807
-0.422345
-0.667502
-0.786743
-0.806512
-0.927861
-0.946516
-0.921435
-0.771846
-0.604956
-0.336572
0.016436
0.399326
0.722096
0.873515
0.890341
0.742947
0.575056
0.454651
0.401681
0.560447
0.765532
0.938280
0.899047
0.661932
0.474415
0.151843
-0.040614
-0.409267
-0.512249
-0.577744
-0.626220
-0.731020
-0.677657
-0.683753
-0.992671
-0.957118
-1.033327
-0.923013
-0.808239
-0.589906
-0.683358
-0.439149
-0.339333
0.032447
0.233271
0.588729
0.732742
0.971903
0.918429
0.906383
1.030206
1.082474
0.947708
0.866052
0.604735
0.275803
0.045459
0.205719
0.198903
0.265416
0.194895
0.065252
-0.452539
-0.914243
-1.139729
-0.942862
-0.942513
-0.649033
-0.290624
-0.167610
-0.404511
-0.417590
-0.236466
-0.139524
0.523828
0.847239
0.999813
0.928691
1.017813
0.571180
0.164961
0.048219
-0.165100
-0.610611
-0.574280
-0.475947
-0.293208
-0.386155
-0.245962
-0.233130
-0.156916
-0.375319
-0.202323
-0.367498
-0.779401
-0.744395
-0.460644
-0.624874
-0.312527
-0.193318
-0.313447
-0.320112
0.020136
0.413121
0.879073
1.294291
1.320134
1.127609
1.010618
0.733657
0.608218
0.527491
0.401776
0.080767
0.091927
0.119270
-0.097924
0.015537
-0.232602
-0.240266
-0.611778
-0.611532
-0.514848
-0.346567
-0.463411
-0.358814
-0.442737
-0.467178
-0.270382
0.227819
0.562485
1.015222
1.122774
0.781638
0.343540
0.128804
0.104516
-0.299766
-0.299182
-0.151007
-0.166419
-0.564180
-0.350179
-0.358889
-0.474735
-0.697577
-0.424284
-0.331350
-0.039766
-0.013316
0.088216
0.114965
0.231457
0.299404
0.401794
0.862219
0.802764
0.782703
0.664925
0.589029
0.444490
0.628982
0.239052
0.411134
0.203493
-0.013586
-0.178168
0.009841
-0.142825
0.169286
0.116183
-0.122721
-0.326440
-0.400708
-0.895874
-0.736312
-0.658011
-0.619671
-0.816370
-0.967874
-1.002222
-1.172267
-0.824574
-0.277315
0.691948
0.855828
0.823479
0.949796
0.816231
0.389730
0.188684
0.667224
0.329687
0.258373
0.172708
0.010770
-0.378357
-0.352267
-0.578262
-0.526639
-0.394119
-0.190149
-0.117755
-0.042600
0.126259
0.141037
-0.047657
-0.254883
-0.354159
-0.362812
-0.521644
-0.578569
-0.655988
-0.323218
-0.235032
-0.129872
0.109775
0.484826
0.297306
0.145178
0.398330
0.519882
0.633373
0.812856
0.871294
1.198472
1.291275
0.986171
0.957231
0.817376
0.271594
-0.342482
-0.533290
-0.723050
-0.567814
-0.505292
-0.255886
-0.108119
-0.285369
-0.534011
-0.783137
-0.847079
-0.732164
-0.481747
-0.290393
0.090845
0.139030
0.208891
0.250274
0.352309
0.240137
0.618924
0.601899
0.482406
0.344318
0.009530
-0.595279
-0.450892
-0.633539
-0.495136
-0.327895
-0.161401
-0.466690
-0.543366
-0.398693
-0.276314
0.160958
0.317438
0.670617
0.558150
0.473884
0.296852
0.238837
0.393218
0.347666
0.674371
0.982773
0.879716
0.578716
0.413493
0.259852
-0.072382
-0.006389
0.197185
0.181023
0.214100
0.214823
-0.269216
-0.304449
-0.515915
-0.741625
-1.148129
-0.840467
-0.937396
-0.670648
-0.432924
0.062967
0.530342
0.813764
1.030229
1.142946
1.126440
1.022234
0.580930
0.103002
0.076838
-0.110154
-0.209355
-0.142653
0.135358
0.013989
-0.250930
-0.519076
-0.711692
-1.184808
-1.491961
-1.287779
-1.132126
-0.999044
-0.635221
-0.547040
-0.319330
-0.209354
0.043988
0.247121
0.489971
0.531075
0.644049
0.832489
0.899329
0.781878
0.744950
0.769406
0.878003
1.001225
1.216156
1.340285
1.036893
0.758212
0.403139
0.166771
0.078394
-0.019306
-0.186190
-0.444207
-0.490161
-0.580429
-0.642406
-0.598104
-0.560738
-0.443860
-0.622705
-0.368930
-0.210007
-0.013935
-0.126859
-0.076619
-0.204896
-0.536991
-0.777284
-0.475636
-0.439578
-0.113380
0.180473
0.528666
0.286607
0.573739
0.603957
0.690327
0.391157
0.272399
0.043710
-0.065731
-0.118837
0.244847
0.127498
-0.139227
-0.599242
-1.131352
-1.527030
-1.280413
-1.220474
-1.124900
-0.757993
-0.524286
-0.507874
-0.128130
0.174679
0.342211
0.424029
0.445661
0.534472
0.846517
0.688616
0.713913
0.767092
0.764759
0.689285
0.948699
0.906708
0.707888
0.427289
0.286959
0.188095
-0.027678
-0.070441
-0.214646
-0.594392
-1.242590
-1.147370
-1.195718
-1.275838
-1.189011
-0.567331
-0.761710
-0.496571
-0.283459
0.419145
0.538317
0.808427
1.096454
1.025061
0.279954
0.135389
0.176521
-0.212821
-0.019174
0.374405
0.479034
0.586504
0.696083
0.750008
0.653090
0.483101
0.321637
-0.023728
-0.426140
-0.636760
-0.933091
-1.194138
-1.177833
-1.028853
-1.078256
-0.988525
-0.706742
-0.337369
-0.342670
-0.133300
0.131196
0.473261
0.605904
1.127907
1.404665
1.464042
1.204637
0.887799
0.317437
0.050713
-0.076487
-0.309959
-0.370688
-0.080912
-0.299689
-0.423855
-0.588565
-0.527956
-0.724839
-0.700618
-0.585088
-0.460611
-0.238848
-0.412023
-0.496335
-0.535723
-0.471171
-0.543687
-0.367888
-0.116933
0.070540
0.286883
0.270094
0.523379
0.943641
1.026538
1.159505
1.151969
0.895823
0.668901
0.573755
0.444850
0.459726
0.199799
-0.364622
-1.004842
-1.401972
-1.590039
-1.377053
-1.056332
-0.777741
-0.189095
-0.095248
0.021860
0.088189
0.309592
0.343696
0.490078
0.651299
0.829360
0.973824
0.541006
0.478911
0.753139
0.680343
0.811915
1.256133
1.291916
0.941216
0.779861
0.335445
-0.420326
-0.951370
-1.548898
-1.766738
-2.060440
-1.633555
-1.204076
-0.671646
-0.474279
0.009476
-0.188925
-0.324990
-0.444299
-0.331612
-0.120634
0.114513
0.834704
1.182898
1.340140
1.164766
1.218499
0.841662
0.714777
0.487095
0.446509
0.403682
-0.067096
-0.158080
0.072547
0.251894
0.180458
0.449199
0.124457
-0.214986
-0.680185
-0.760780
-0.737262
-0.437942
-0.178293
0.294297
0.045720
-0.670806
-0.709918
-0.880449
-1.153165
-0.618360
0.049700
0.215510
0.417345
0.657066
0.796354
0.720116
0.715218
0.407272
0.153568
-0.361831
-0.342048
-0.531278
-0.471456
-0.512415
-0.406290
-0.397166
-0.561512
-0.475183
-0.514367
-0.609901
-0.795904
-0.802687
-1.103063
-0.983452
-0.634697
0.138708
0.892090
1.598735
1.903928
1.910271
1.304019
0.905601
0.535779
0.209840
0.134025
0.396182
0.241269
0.079015
-0.043700
-0.312433
-0.423379
-0.527263
-0.380900
-0.179360
-0.138406
-0.314546
-0.496363
-0.478132
-0.659236
-0.311288
-0.084968
0.285371
0.348375
0.769354
1.191795
1.342875
1.377458
1.346548
1.098122
0.634380
0.332519
-0.010557
-0.476294
-0.913300
-1.039873
-1.225353
-1.494527
-0.980431
0.215428
0.552709
0.893690
1.770780
1.434902
-0.158386
-1.629842
-2.202586
-3.539074
