5.265131
4.166365
2.897373
1.418882
0.269543
-0.726145
-1.070203
-0.908113
-0.756381
-0.931030
-1.211557
-1.270205
-1.240829
-1.180007
-1.102586
-0.994791
-0.893695
-0.470463
-0.367777
-0.025350
0.232214
0.234621
0.266190
0.273268
0.023793
-0.212439
-0.203665
-0.519145
-0.506476
-0.472037
-0.452640
-0.112668
0.242985
0.250529
0.554080
0.536071
0.526074
0.183846
0.157091
0.107562
0.089391
0.120851
0.103387
0.074582
-0.266857
-0.351805
-0.474042
-0.578594
-0.324799
-0.376582
-0.380068
-0.378096
-0.348590
-0.305871
-0.226410
0.155390
0.230899
0.292515
0.234526
0.216868
-0.083104
-0.090389
0.216047
0.211139
0.489163
0.730249
0.683627
0.600028
0.607415
0.292232
0.278062
-0.090461
-0.089838
-0.379976
-0.400637
-0.392212
-0.374164
-0.412480
-0.363620
-0.019904
0.011764
0.086450
0.179922
0.202441
0.215637
-0.053913
-0.051066
-0.000172
-0.002787
-0.019952
-0.038180
0.192921
0.088934
0.056459
0.020071
-0.000230
-0.001856
-0.243473
-0.245556
-0.192842
-0.187475
-0.360330
-0.344652
-0.005850
0.029834
0.067355
0.310396
0.352232
0.316740
0.007038
-0.004981
-0.023278
-0.080792
-0.095335
-0.127051
0.147683
0.158333
0.140815
0.123603
0.086229
0.060714
-0.265664
-0.277452
-0.266934
-0.211226
-0.179106
-0.139326
0.185015
0.218502
0.233875
0.228697
0.237920
0.245946
-0.017033
-0.018849
-0.025556
-0.037177
-0.052355
-0.068161
0.159342
0.135458
0.053093
0.014470
-0.053472
-0.040251
-0.290853
-0.223414
-0.187632
-0.157520
-0.090524
-0.089348
0.232687
0.278715
0.278548
0.275829
0.286350
0.316667
0.022380
0.072505
-0.185365
-0.203174
-0.244161
-0.332257
-0.098051
0.117958
0.029182
-0.003417
-0.010895
-0.002088
-0.283684
-0.194606
-0.104122
-0.000074
-0.218579
-0.154687
0.317798
0.501702
0.464572
0.920976
0.885514
1.002145
0.481267
0.511431
0.059613
0.019319
-0.578402
-0.617688
-0.700652
-0.799089
-0.781937
-0.683078
-0.732369
-0.638497
0.195435
0.125573
0.142193
0.184873
0.169440
-0.547046
-0.269224
-0.156907
-0.055881
0.149937
0.141319
0.145821
-0.063742
-0.106316
-0.059147
-0.040049
0.048191
-0.086842
-0.031172
-0.169396
-0.295505
-0.796345
-0.902002
-1.082090
-0.039098
-0.348519
-0.205314
0.025747
0.223872
-1.134755
-0.578193
-0.260692
-0.295113
-0.479946
-0.254548
-0.169639
-0.304007
-0.091489
0.127970
0.130780
0.190946
0.035335
0.047515
0.075251
0.103379
-0.086748
-0.222789
-0.394309
-0.841100
-1.191758
-1.329366
-1.117210
-0.920786
-0.610852
-0.062696
0.146302
0.365011
0.463317
0.446954
0.299901
0.083004
-0.278046
-0.406785
-0.494392
-0.565097
-0.684328
-0.663763
-0.933770
-1.058803
-1.460227
-0.596887
-0.081192
0.070966
0.304879
1.041825
0.285432
0.236782
0.200299
0.511459
0.469681
0.521912
0.505861
0.579351
0.576126
0.297614
0.305587
0.248273
0.203164
0.117882
0.020072
0.160003
0.042200
-0.045297
-0.034313
-0.043960
0.027892
-0.236115
-0.298248
-0.308270
-0.349533
-0.424735
-0.386307
-0.022617
-0.013973
0.108039
0.194885
0.275519
0.310764
0.086049
0.075076
0.129620
0.106050
0.189554
0.168439
0.368748
0.277454
0.279213
0.147819
0.090337
0.103686
-0.168465
-0.242156
-0.246222
-0.224392
-0.201859
-0.233322
0.005490
-0.028260
-0.150596
-0.159059
-0.157509
-0.102652
-0.308131
-0.203613
-0.178585
-0.173108
-0.082951
0.016582
0.417413
-0.036259
0.079513
0.021927
-0.131703
-0.281506
0.187207
0.437260
0.362563
0.376640
0.362760
0.297093
0.134357
0.069196
-0.022679
-0.081661
-0.449206
-0.474306
-0.389254
-0.026693
0.049459
0.208227
0.279376
0.099647
0.124317
0.191874
0.229633
-0.086528
0.226655
0.276956
0.311830
0.551123
1.026303
0.981815
0.595483
0.165232
-0.206251
-0.636892
-1.071854
-1.135676
-1.184443
-0.764349
-0.701803
-0.603986
-0.209541
-0.061514
-0.162515
-0.069622
0.191352
0.180258
0.268159
0.322464
0.351579
0.412640
0.245494
0.236567
0.225970
0.223900
0.251112
0.201379
0.400578
0.369323
0.236091
0.130602
0.074887
0.012595
-0.307993
-0.348994
-0.405985
-0.453444
-0.523021
-0.549921
-0.233558
-0.144420
-0.123835
0.005696
0.080123
0.104135
-0.102641
-0.013371
-0.022616
0.049689
0.092221
0.084094
0.318936
0.333756
0.297363
0.299917
0.242203
0.228291
-0.106209
-0.214139
-0.346945
-0.407403
-0.481821
-0.528385
-0.335912
-0.418591
-0.154847
-0.204601
-0.186798
-0.093398
-0.279414
-0.187437
0.183453
0.247209
0.274445
0.356050
0.304901
0.031989
0.367742
0.378312
0.710660
0.731632
0.821627
0.849471
0.860199
0.465684
0.440234
0.063623
-0.117000
-0.210544
-0.208213
-0.282548
-0.331334
-0.351933
-0.629391
-0.677371
-0.613450
-0.661109
-0.861399
-0.777165
-0.310893
-0.148456
0.043523
0.442991
0.474086
0.442451
0.088919
0.078704
0.162379
0.210122
0.426708
0.509356
0.570181
0.267248
0.299165
0.352680
0.319874
0.844672
0.829451
0.846904
0.202746
0.177326
-0.583993
-0.708633
-1.019729
-1.225181
-1.439422
-1.511160
-1.583754
-1.346549
-1.048061
-0.754128
-0.545693
-0.478534
-0.507852
-0.388425
-0.373055
-0.150816
0.219961
0.624128
0.966605
1.210665
1.207452
1.071938
0.775310
0.347686
0.232548
0.294016
0.288969
0.419836
0.604369
0.474376
0.297260
0.123456
-0.265911
-0.687491
-0.728305
-0.893551
-1.129937
-1.130156
-1.183069
-1.448763
-1.357692
-1.092597
-0.627011
-0.304232
0.194586
0.510120
0.696428
0.832967
1.144209
1.125097
1.045910
1.087862
0.836665
0.504372
0.408579
0.224312
0.073617
0.042280
-0.072305
-0.321336
-0.548685
-0.829535
-1.097002
-1.143273
-1.271529
-1.137932
-1.006338
-0.879521
-0.715009
-0.474852
-0.370159
-0.051836
0.066585
0.092088
0.776598
1.459122
1.324436
1.377091
1.376050
1.403023
0.642501
0.475499
0.365303
0.373245
-0.355666
-0.410936
0.063924
0.433671
0.236742
0.115949
0.201630
-0.291927
-0.848774
-0.936604
-0.220433
-0.369005
-0.379513
-0.270201
-0.198241
-0.961580
-0.839541
-0.752637
-0.462585
-0.176037
0.137835
0.330334
0.492961
0.473899
0.571835
0.664843
0.738704
0.806968
0.751567
0.594993
0.551794
0.337882
0.032656
-0.223429
-0.498480
-0.585207
-0.471263
-0.439783
-0.412331
-0.317550
-0.455940
-0.855549
-1.047051
-1.184983
-1.154613
-1.142798
-0.845611
-0.548410
-0.207549
0.108447
0.302909
0.447690
0.587500
0.723425
0.773552
0.811346
0.899456
0.908720
0.777667
0.616455
0.426975
0.186908
-0.104451
-0.326200
-0.393050
-0.497097
-0.753117
-0.845080
-0.924106
-1.066552
-1.118206
-0.886918
-0.861403
-0.736466
-0.634873
-0.430000
-0.091060
0.302480
0.622862
0.894008
1.179973
1.200948
1.129113
0.945424
0.747201
0.488648
0.208921
0.071568
0.049897
-0.115025
-0.311937
-0.580703
-0.787481
-1.023650
-1.224285
-1.319331
-0.531213
-0.345435
-0.271273
-0.081343
0.234657
-0.203414
-0.005023
0.211489
0.502288
0.580987
0.630230
0.644607
0.642790
0.550574
0.953071
1.362675
0.929577
1.354179
1.026242
0.262453
-0.561273
-0.591316
-1.251310
-1.081893
-0.964229
-0.762462
-0.478166
-0.277498
-0.166389
0.018975
0.179050
0.198716
0.205885
0.265281
0.972403
1.090284
1.006946
0.838427
0.430278
-0.771315
-1.346669
-1.507131
-1.659521
-0.707581
-0.600054
-0.517623
-0.555170
-0.341947
-1.096305
-0.813517
-0.068327
0.641215
0.678879
0.783141
0.790579
0.348280
-0.100091
-0.065755
-0.035804
-0.068070
-0.135438
-0.170924
0.182053
0.566662
0.382471
0.958249
0.462007
0.457913
-0.511115
-0.877264
-1.788389
-1.652090
-1.190906
-0.890194
0.499123
1.627576
2.059936
2.161966
2.604711
1.874694
1.206709
1.262395
0.311858
0.173640
0.157589
0.195729
0.129830
0.107479
-0.023186
-0.248647
-0.554048
-0.835896
-0.766597
-0.646551
-0.603322
-0.287513
-0.067004
0.194457
0.273071
0.574692
0.331942
0.113326
-0.302874
-0.692211
-1.136361
-1.231513
-0.867617
-0.781717
-0.504918
-0.723647
-0.316934
-0.253785
-0.180079
0.033409
0.014251
0.059176
-0.125357
-0.159147
-0.184832
0.468874
0.471862
0.008128
0.166746
0.183288
0.041567
-0.043886
0.447535
0.593000
0.418149
0.432559
0.438640
-0.097780
-0.347508
-0.339910
-0.286391
-0.316329
-0.371100
-0.431127
-1.122650
-1.177273
-1.292798
-0.729076
-0.443123
-0.189310
0.101444
-0.465098
-0.150553
-0.098295
-0.321649
-0.219912
-0.415481
-0.412054
-0.603981
0.160049
-0.096061
0.800880
0.825892
0.685439
0.607145
0.539018
0.264136
-0.277066
-0.641268
-0.944327
-0.974325
-0.844003
-0.718687
-0.197832
0.165762
0.030359
0.141981
0.346214
0.137115
0.044114
0.172318
0.295633
0.579317
0.911796
1.101011
1.069365
0.988340
0.811281
0.712110
0.648699
0.486257
0.498937
0.199805
0.013109
-0.365386
-0.485901
-0.852622
-1.023876
-1.200357
-1.001239
-0.885596
-0.849813
-0.658009
-0.504195
-0.520135
-0.207547
-0.097524
-0.081117
0.145607
0.405625
0.353923
0.486573
0.663620
0.630338
0.653554
0.717591
0.921807
1.023289
0.953218
0.813291
0.898805
0.869322
0.762005
0.704627
0.674733
0.500597
-0.073055
-0.138799
-0.540878
-0.603039
-1.053120
-1.103290
-1.156372
-1.109530
-0.978762
-0.884145
-0.407651
-0.300468
-0.127916
-0.060712
0.096384
0.191172
-0.037553
0.302756
0.312298
0.331412
0.380937
0.400487
0.474216
0.549841
0.515406
0.534850
0.484739
0.337780
-0.193731
-0.304088
-0.404268
-0.499762
-0.517753
-0.558270
-0.229059
-0.306458
-0.140407
-0.147198
-0.217119
-0.279622
-0.300325
-0.145482
-0.084129
0.380706
0.557825
0.548400
0.646405
0.690511
0.720421
0.717619
0.328156
0.407112
0.363006
0.358886
0.415515
0.334982
0.160032
-0.456752
-0.585308
-0.839977
-0.507178
-0.669050
-0.303417
-0.335326
-0.480602
-0.556527
-0.450615
-0.731084
-0.629594
-0.388343
-0.119274
-0.016314
0.423833
0.469473
0.565450
0.597394
0.630555
0.710440
0.787753
0.740160
0.831569
0.832176
0.847587
0.820909
0.715253
0.563472
0.124332
0.079050
-0.341566
-0.671910
-0.665598
-0.707041
-0.736882
-0.813990
-0.791049
-1.119941
-1.068304
-1.266155
-1.054498
0.138914
0.268477
0.426651
0.539873
0.547305
0.581766
0.604161
0.621794
0.777723
0.783387
-0.246715
-0.228550
-0.036918
-0.343527
-0.394270
-0.289067
-0.378709
-0.378063
-0.405146
0.500148
0.534820
0.468018
0.451225
0.437779
-0.468427
-0.764270
-0.790430
-0.767221
-0.730424
-0.489606
-0.410376
0.425650
0.907779
0.888219
1.557352
1.583425
0.895103
0.188254
0.259435
-0.561340
-0.585510
-0.365534
-0.394302
-0.162275
0.041387
-0.001025
-0.069070
-0.141695
-0.213166
-0.484940
-0.453787
-0.419447
-0.337537
-0.485678
-0.472211
-0.102084
0.038138
0.077239
0.384031
0.451236
0.472296
0.214708
0.260736
0.288494
0.255516
0.242602
0.208276
0.186814
-0.102830
-0.115874
-0.151298
-0.244462
-0.008013
-0.103351
-0.157069
-0.230861
-0.275421
-0.266683
-0.351031
-0.092665
-0.119980
-0.099101
-0.329648
-0.197549
-0.114468
-0.295143
-0.220919
0.033079
0.050488
0.116781
0.148179
0.463635
0.466866
0.497675
0.425432
0.392310
0.156412
-0.127243
-0.159852
-0.106229
-0.129100
0.069233
0.012242
0.225322
0.154443
0.123380
0.066338
0.004933
-0.034815
-0.369919
-0.407036
-0.666930
-0.649185
-0.562035
-0.504853
-0.120244
0.240926
0.322597
0.365559
0.392449
0.428412
0.155968
0.174952
0.208333
0.246492
0.002967
0.023272
0.243359
0.135444
0.047698
0.204347
0.115363
0.107362
-0.156390
-0.141521
-0.152662
-0.188633
-0.212816
-0.288845
-0.068065
-0.105115
-0.162626
-0.173920
-0.154677
-0.111883
-0.362896
-0.294489
-0.246298
-0.183264
-0.125068
-0.083128
0.262306
0.294082
0.329195
0.287286
0.330073
0.347982
0.115435
0.139581
0.182973
0.151401
0.120016
0.064008
0.282729
0.252681
0.210938
0.185432
0.163943
0.097072
-0.229540
-0.264001
-0.374093
-0.481006
-0.505172
-0.559166
-0.332529
-0.302464
-0.235143
-0.160114
-0.065951
0.061891
-0.101314
-0.051525
0.056827
0.111375
0.154325
0.184222
0.452293
0.366175
0.314678
0.290256
0.250484
0.267953
-0.008397
-0.004620
-0.040279
-0.094553
-0.149787
-0.231134
0.031767
0.013872
0.159597
0.105765
0.004048
-0.099554
-0.527873
-0.805585
-0.794136
-0.718753
-0.686529
-0.384509
0.057241
0.158921
0.439367
0.437096
0.571723
0.605372
0.338751
0.177548
0.349404
0.343265
0.375921
0.274132
0.569858
0.541706
0.516853
0.445415
0.385953
0.323060
-0.116219
-0.501004
-0.551880
-0.553392
-0.613104
-0.723188
-0.368870
-0.349861
-0.124393
-0.181669
-0.271128
-0.211267
-0.400895
-0.442634
-0.365117
-0.211627
-0.249828
-0.141181
0.113589
0.232472
0.130769
0.283111
0.377620
0.453544
0.366753
0.846910
0.895045
0.852649
0.833206
0.687856
0.724678
0.560973
0.608315
0.549945
-0.171502
-0.398336
-0.768810
-1.140310
-1.407861
-0.940793
-0.735693
-0.750417
-0.415548
-0.202271
0.038505
-0.002520
0.240602
0.247093
0.212531
0.265481
0.170038
0.197171
0.400554
0.523086
1.011625
1.504059
1.550069
1.611417
0.891781
0.506636
0.095687
0.047839
-0.156348
0.397003
0.374791
-0.113662
-0.054544
-0.121267
-0.558595
-0.644632
-0.558399
-0.545018
-0.938206
-0.852903
-0.814551
-0.458072
-0.457782
-0.411091
0.080912
0.215079
0.307954
0.400041
0.451655
0.436630
0.130691
-0.114681
-0.051646
0.346404
0.444285
0.406150
0.681107
0.565446
0.144311
0.052716
-0.027045
-0.078566
-0.176917
0.084028
0.046264
-0.032910
-0.141682
-0.289118
-0.317894
-0.428952
-0.577045
-0.446218
-0.342231
-0.186097
-0.542739
-0.435345
-0.398514
-0.337094
-0.240832
-0.299401
0.275545
0.345080
0.326452
0.254129
0.773149
0.697353
0.506662
0.484260
0.438251
0.343790
0.275615
0.155957
0.310341
0.340554
0.181821
0.099449
0.042207
-0.177369
-0.544520
-0.650689
-0.702757
-0.731416
-0.697253
-0.698477
-0.442107
-0.349508
-0.245006
0.000837
0.127238
0.307136
0.384154
0.599002
0.552092
0.690452
0.738230
0.704335
0.781794
0.789657
0.862174
0.850414
0.893527
1.000455
0.894435
0.861310
0.703314
0.593253
0.214565
-0.322506
-0.514418
-0.679632
-1.102788
-0.982018
-0.906112
-0.878106
-1.114132
-1.010806
-0.939149
-0.739314
-0.488678
-0.295857
0.233225
0.323174
0.422012
0.403976
0.462845
0.411197
0.142771
0.158182
0.191279
0.179847
-0.055861
-0.156133
0.086145
0.064366
-0.009353
0.177975
0.174403
0.097143
-0.245748
-0.255812
-0.278684
-0.317635
-0.270214
-0.304646
-0.069201
-0.105152
-0.109925
-0.174827
-0.120499
-0.096822
-0.280447
-0.223285
-0.175429
-0.151599
-0.048929
-0.023148
0.345269
0.464746
0.474454
0.521613
0.542249
0.467250
0.113023
0.095283
0.043339
0.005620
0.015244
-0.029323
0.170898
0.127861
0.043723
-0.011903
-0.016134
0.045584
-0.247619
-0.204093
-0.169486
-0.229128
-0.263485
-0.321445
-0.063960
-0.059249
-0.045053
-0.033970
0.046593
0.129810
-0.155159
-0.096173
-0.259576
-0.236638
-0.465168
-0.342957
0.010922
0.291320
0.339551
0.621960
0.585066
0.575822
0.272318
0.241067
0.201573
0.124732
-0.106090
-0.164257
0.074143
0.047173
-0.060424
0.026132
-0.069447
-0.176808
-0.546736
-0.542430
-0.507650
-0.480212
-0.400537
-0.300747
-0.182296
-0.369377
-0.305110
-0.215176
-0.167667
0.170187
0.249091
0.346205
0.326693
0.343796
0.302625
0.231676
0.459344
0.450032
0.351622
0.339272
0.278455
0.176002
-0.191685
-0.242107
-0.278613
-0.360422
-0.423494
-0.510054
-0.276534
-0.359318
-0.351303
-0.278663
-0.150158
-0.056943
-0.205917
-0.098313
0.009459
0.056737
0.207790
0.234892
0.630544
0.711855
0.712031
0.647030
0.567093
0.417204
-0.030481
-0.107960
-0.194328
-0.232647
-0.240381
-0.367662
-0.067742
-0.068969
-0.172701
-0.217256
0.091402
0.068309
-0.330178
-0.310951
-0.370834
-0.624850
-0.612692
-0.299522
0.071994
0.155283
0.271303
0.393294
0.236213
0.331108
0.118830
0.127987
0.069281
0.083483
0.054251
0.069809
0.354761
0.356566
0.325976
0.328755
0.286428
0.234225
-0.112313
-0.158169
-0.194697
-0.248796
-0.221868
-0.234274
-0.048405
-0.091924
-0.133933
-0.284010
-0.346787
-0.323994
-0.572879
-0.508163
-0.400646
-0.301891
-0.197065
-0.191117
0.143052
0.208570
0.209980
0.236591
0.524747
0.506765
0.212043
0.210632
0.310023
0.251789
0.234923
0.159197
0.468384
0.366947
0.307242
0.204460
0.399278
0.300731
-0.253823
-0.684744
-0.844010
-0.983791
-1.079083
-0.893865
-0.481489
-0.358950
-0.376970
-0.265681
-0.132453
0.040356
0.044865
0.202213
0.232101
0.366044
0.485303
0.529824
0.711931
0.800547
0.785590
0.783482
0.858088
0.906352
0.721611
0.665713
0.557096
0.403261
0.131281
-0.059225
-0.304019
-0.750778
-1.002059
-1.014684
-1.162779
-1.147030
-1.183280
-1.228295
-1.291523
-1.012440
-0.537026
-0.138780
0.336643
0.590943
0.728911
0.660533
0.583871
0.668804
0.636851
0.628029
0.648623
0.810031
0.816533
0.631210
0.666709
0.564882
0.394967
0.173334
0.225920
-0.074717
-0.225062
-0.296825
-0.298438
-0.488276
-0.532180
-0.769770
-0.870645
-1.078968
-1.157273
-1.084213
-0.938839
-0.657883
-0.423497
-0.087497
0.331444
0.498533
0.700690
0.938527
1.247565
1.302639
1.491731
1.454877
1.137466
0.927117
0.544131
0.252773
-0.018128
-0.080113
-0.351394
-0.473599
-0.355528
-0.371904
-0.534928
-0.540636
-0.552108
-0.636359
-0.926647
-0.966616
-0.839581
-0.938281
-1.028474
-1.085633
-0.839160
-0.772642
-0.594255
-0.357392
0.069238
0.416984
0.572162
0.905436
1.057799
1.054929
0.742993
0.628159
0.667622
0.627365
0.660642
1.169532
1.169721
1.042889
0.700214
0.503260
0.189259
-0.101805
-0.265785
-0.305586
-0.271233
-0.464344
-0.639957
-0.699198
-0.838939
-0.930651
-1.164565
-1.091625
-0.969434
-0.820463
-0.594114
-0.595370
-0.158729
-0.138258
0.071285
0.360293
0.619596
0.816218
0.816291
0.854614
0.544388
0.793068
0.717231
0.728074
0.895528
1.094358
0.893990
0.772615
0.699124
0.614606
-0.052113
-0.534965
-0.811956
-0.887983
-0.748757
-0.813648
-0.504317
-0.472602
-1.008159
-1.313321
-1.185174
-1.019572
-0.990021
-0.422643
-0.395792
-0.062610
0.038432
-0.018561
0.203011
0.330744
0.356698
0.502274
0.819544
0.924274
0.918136
1.041770
0.828099
0.704561
0.648043
0.426265
0.341428
0.305368
0.136981
0.331085
0.250411
0.266771
-0.294845
-0.634555
-1.266464
-1.679371
-1.642359
-1.604121
-1.145542
-0.954802
-0.712081
-0.728840
-0.387046
-0.460987
-0.294622
0.111342
0.578604
0.722147
1.009690
0.934848
1.015662
0.636306
0.704884
0.764191
0.854628
1.046714
0.926666
0.857101
0.436299
0.234489
-0.205351
-0.538103
-0.688242
-0.637341
-0.937420
-0.953615
-1.037132
-0.811063
-0.956666
-0.852768
-0.963653
-0.971747
-0.480705
-0.123028
0.241089
0.594560
0.792532
0.431642
0.318366
0.609267
0.604576
0.870669
0.706922
0.834609
0.606544
0.381187
0.361617
0.455897
0.339331
0.341914
0.186631
0.071610
-0.071378
-0.120688
-0.194185
-0.032813
0.208080
0.145975
0.233824
0.181006
0.220354
0.019605
-0.184915
-0.098902
-0.422821
-0.635917
-0.469809
-0.393000
-0.405873
-0.281819
0.186789
0.237556
0.296505
0.443423
0.438299
0.444376
0.123001
0.153639
0.113441
0.111098
-0.004991
-0.052700
0.197940
0.094996
0.025276
-0.042724
-0.099668
-0.230623
-0.642071
-0.714136
-0.654179
-0.695388
-0.615847
-0.529909
-0.171651
-0.119390
0.274108
0.329814
0.699994
0.879505
0.620620
0.335794
0.389673
0.300279
0.209200
0.029798
0.297081
0.227864
-0.171747
-0.249635
0.112578
0.016711
-0.064925
0.287946
0.404740
-0.020458
-0.019429
-0.516282
-0.455295
-0.510471
-0.168320
-0.213547
-0.403511
-0.484016
-0.672345
-0.750878
-0.709746
-0.082831
0.040376
0.181477
0.553379
0.820935
0.988467
1.056534
0.516348
0.517943
0.350594
0.305322
0.295896
0.825500
0.712194
0.454075
0.425116
0.293728
-0.313719
-0.304015
-0.149162
-0.251155
-0.324955
0.162141
0.113656
0.092297
0.008914
-0.359598
-0.406743
-0.605262
-0.971738
-0.065551
-0.029497
0.091677
-0.138332
-0.051016
-0.999135
-0.869623
-0.231666
-0.043497
0.368532
0.665496
0.764516
0.202084
0.224119
0.173486
-0.116719
-0.167000
0.295102
0.254600
0.059481
0.023091
0.226056
-0.281209
-0.355057
-0.254963
-0.286115
0.255090
-0.022973
-0.027077
-0.033401
-0.084314
-0.164013
-0.215967
-0.212931
-0.364408
-0.300613
-0.699651
-0.555540
-0.267020
-0.199814
-0.130565
0.375651
0.414360
0.480540
0.559968
0.859359
0.429999
0.497987
0.367187
0.327716
0.284454
-0.019285
-0.125693
-0.095623
-0.208422
-0.286421
-0.411583
-0.261322
-0.253881
-0.264455
-0.235730
-0.208024
-0.404962
-0.637691
-0.668456
-0.594262
-0.498636
-0.163886
-0.048867
0.442528
0.546628
0.637220
0.702219
0.690211
0.618434
0.296517
0.267441
0.035340
0.026308
0.006688
-0.054885
0.136128
0.299502
0.253358
0.180257
0.187591
0.152045
-0.187405
-0.246551
-0.259083
-0.334700
-0.390520
-0.399786
-0.179758
-0.249117
-0.299561
-0.296203
-0.306906
-0.200395
-0.295812
-0.140663
-0.008624
0.114146
0.138922
0.153120
0.418876
0.420303
0.423819
0.398153
0.342001
0.293802
-0.084888
-0.252916
-0.611401
-0.745470
-0.846208
-0.952930
0.028271
0.205166
0.052892
-0.410799
-0.644939
-1.275893
-1.083341
-0.550350
-0.083208
0.697580
0.804903
0.801120
0.801381
0.860714
0.769984
0.597154
0.563825
0.756725
0.808665
0.811749
0.740620
0.707020
0.240142
0.072371
-0.255534
-0.426603
-0.587870
-0.683809
-0.636583
-0.788663
-0.626196
-0.585639
0.098274
0.178777
0.746897
0.841271
0.670188
0.043395
0.047776
-0.319894
-0.418355
-0.108510
0.037389
-0.097361
-0.059580
0.004149
0.222293
0.089359
0.177095
0.325631
0.034765
-0.599343
-0.560232
-0.871607
-1.078318
-0.907634
-0.925986
-0.554586
-0.339735
-0.023482
1.032736
2.243444
2.289072
2.177034
2.220548
1.248922
0.452346
0.242253
0.107598
-0.187549
-0.458713
-0.572326
-0.846218
-0.805031
-0.815186
-0.509579
-0.749821
-0.860495
-0.585450
-0.378358
-0.586962
-0.279120
0.011042
0.106717
-0.129576
-0.088081
-0.041985
-0.082867
-0.066252
0.493278
0.939743
1.121115
1.450452
1.397648
0.754197
0.832392
0.397857
-0.119535
-0.171574
-0.084992
-0.604661
-0.767231
-0.621264
-0.770970
-0.499056
-0.565458
-0.730389
-0.771696
-0.834303
-1.155337
-0.934985
-0.501986
-0.367488
-0.288568
-0.057777
-0.000240
0.014024
0.013582
0.499600
0.373376
0.232114
0.225631
0.194064
-0.398027
0.161423
0.090344
0.277042
0.411712
1.476551
0.818258
0.537916
0.634354
0.561295
-0.304336
-0.309136
0.868664
0.490519
0.100662
-0.164886
-0.211293
-1.484939
-1.524966
-1.444184
-0.776659
-0.708885
-0.334052
-0.201674
0.084706
-0.338970
-0.099299
0.120113
0.245798
0.128720
0.189979
-0.017654
-0.094605
-0.278986
-0.334139
0.063229
-0.076145
0.161116
0.339715
0.617187
0.308743
0.904873
0.483645
0.774466
0.611434
-0.085115
-0.139850
-0.072716
-0.003036
0.076424
0.261474
-0.065121
0.009279
-0.449189
-0.607000
-0.386714
-0.187347
-0.264918
-0.321937
0.060751
0.011856
0.030937
0.000601
0.339102
0.328667
0.426360
0.136070
0.296449
-0.000707
-0.352685
-0.346983
-0.009169
-0.273606
-0.129007
0.361052
0.522524
0.428871
0.963173
0.660696
-0.055863
-0.173958
-0.333446
-0.625075
-0.333634
-0.728723
-1.354976
-0.950758
-0.657183
-0.414644
0.193292
1.123423
0.692100
0.383429
0.283005
0.612472
0.410379
0.412867
0.368236
0.382210
0.229085
0.244771
0.207768
-0.134545
-0.489766
-0.547571
-0.469436
-0.233390
0.111897
0.424379
0.388954
0.283178
-0.180314
-0.377637
-0.323405
-0.488793
-0.495036
-0.057500
0.231612
0.021551
0.315106
0.513376
0.234241
0.378217
0.197578
-0.035196
-0.183703
-0.184150
-0.386413
-0.174224
0.117851
0.203737
0.198592
0.400188
0.180765
0.167240
-0.167909
-0.182675
-0.148282
-0.162714
-0.398460
-0.345521
0.042350
-0.184146
-0.154811
-0.071423
-0.083118
-0.044035
-0.152712
-0.152590
0.132071
0.136143
-0.095168
-0.084710
0.177042
0.044161
0.050610
0.275926
0.573994
0.427987
0.155563
0.135811
0.149659
-0.187212
0.129687
0.097979
0.181284
-0.124259
-0.139602
-0.611593
-0.666305
-0.204633
-0.331830
-0.350191
0.383391
0.479217
0.200348
0.264076
0.570383
0.168378
0.182567
0.206880
0.232930
-0.004988
-0.254065
-0.254840
-0.260157
-0.327948
-0.099400
-0.165450
0.016409
-0.045353
-0.055546
-0.064676
-0.099578
-0.140419
-0.384834
-0.395907
-0.584783
-0.505963
-0.382141
-0.293300
0.071491
0.360110
0.383731
0.405200
0.381429
0.402922
0.171322
0.226766
0.236538
0.248224
-0.010734
-0.106891
0.069893
0.052560
0.001223
0.194605
0.174198
0.152717
-0.183634
-0.212182
-0.272038
-0.322429
-0.371143
-0.427646
-0.391089
-0.581209
-0.557178
-0.454928
-0.346306
0.001624
0.038261
0.146142
0.210132
0.304796
0.269602
0.261565
0.467557
0.379156
0.323713
0.133511
0.137592
0.222359
-0.059979
-0.129467
0.002456
-0.070223
-0.163794
-0.187363
0.073854
0.069154
-0.028321
-0.085504
-0.113719
-0.387922
-0.681417
-0.624729
-0.558549
-0.456975
-0.135115
-0.062381
0.289876
0.321453
0.327330
0.341228
0.378977
0.393400
0.167942
0.184279
0.225211
0.209739
0.177633
0.102922
0.295089
0.221643
0.187022
0.135837
0.105082
0.054640
-0.302575
-0.420488
-0.502876
-0.549500
-0.547069
-0.480426
-0.105656
0.008228
0.110707
0.179124
0.233701
0.280337
0.068941
0.089767
0.136528
0.152856
0.137625
0.156358
0.415991
0.397344
0.379561
0.351995
0.251686
0.205291
-0.140797
-0.229010
-0.297856
-0.320770
-0.349162
-0.402839
-0.176974
-0.201956
-0.276598
-0.274355
-0.265231
-0.170334
-0.320778
-0.153468
-0.024388
0.146341
0.203062
0.198310
0.412551
0.325403
0.268451
0.337055
0.396362
0.262773
0.061567
0.119606
0.080278
-0.019461
0.131172
0.034689
0.238007
0.186187
0.178919
0.123019
0.083608
0.013634
-0.386695
-0.465289
-0.698473
-0.712467
-0.708934
-0.703161
-0.400964
-0.165761
-0.069181
0.048395
0.219325
0.333880
0.198069
0.245846
0.258758
0.267781
0.035301
0.030479
0.312103
0.328914
0.306123
0.549741
0.462087
0.363568
-0.023409
-0.116900
-0.139890
-0.180776
-0.210829
-0.240095
-0.220377
-0.524367
-0.540601
-0.534965
-0.577122
-0.283054
-0.282450
-0.223299
-0.153913
-0.035297
-0.018155
-0.021462
0.329901
0.385118
0.451713
0.301805
0.432856
0.458449
0.181132
0.130008
0.285661
0.105114
0.001101
-0.140820
-0.011602
-0.138727
-0.165054
-0.245063
-0.249731
-0.215775
-0.456622
-0.495084
-0.514606
-0.561752
0.118992
0.118901
0.455893
0.524887
0.632871
-0.021516
0.042175
0.106882
-0.085139
-0.046297
-0.279860
-0.279696
0.266121
0.215805
0.192856
0.203713
0.166526
-0.441307
-0.444730
0.387438
0.347971
0.353370
0.318006
0.229573
-0.612078
-0.674063
0.193381
0.149081
0.069419
0.204742
0.107659
0.104029
-0.144304
-0.061232
0.012590
0.167444
-0.438940
-0.325460
-0.174387
-0.286739
-0.217345
0.514619
0.470319
0.707887
0.662757
0.664375
-0.019675
0.005388
0.019258
-0.009162
0.198317
0.193108
0.183321
-0.150467
-0.256876
-0.258140
-0.625802
-0.734189
-0.454919
-0.465806
-0.476935
-0.429551
-0.078075
-0.108096
-0.050479
0.011735
0.072737
-0.103516
-0.267246
-0.180539
-0.066038
-0.028630
0.285576
0.291659
0.545995
0.477608
0.459396
0.456071
0.456178
0.524922
0.192631
0.173095
-0.156480
-0.302710
-0.374432
-0.463512
-0.210375
0.024273
0.022782
-0.019830
-0.140481
-0.192656
-0.558860
-0.610605
-0.624853
-0.493012
-0.687833
-0.554049
-0.030907
0.119167
0.203892
0.492394
0.485000
0.488121
0.158853
0.200509
0.284833
0.282031
0.322319
0.333416
0.433087
0.216832
0.214434
0.079870
-0.070764
0.002765
-0.284893
-0.436881
-0.466611
-0.489400
-0.514077
-0.504865
-0.107861
-0.097473
0.012900
-0.156401
-0.004861
0.105514
-0.080283
-0.006696
0.302027
0.250626
0.179405
0.128687
0.370068
0.343817
0.364160
0.392303
0.366486
0.131082
-0.228137
-0.303585
-0.370881
-0.472865
-0.317033
-0.328785
-0.070779
-0.129577
-0.102839
-0.100970
-0.109997
-0.084725
-0.324214
-0.310720
-0.445872
-0.349863
-0.261149
-0.171938
0.191871
0.400900
0.434130
0.468819
0.506020
0.485427
0.215706
0.134983
0.091415
0.007279
0.046563
-0.032201
0.274224
0.261805
0.216399
0.051837
-0.033254
-0.183441
-0.557718
-0.635720
-0.607112
-0.485496
0.132857
0.270097
0.492526
0.406272
0.452464
-0.250000
-0.265180
-0.310925
-0.352822
-0.362492
0.418460
0.370530
1.084537
1.000647
0.912110
0.020287
-0.021017
-0.791595
-0.864190
-0.417097
-0.479700
-0.553816
-0.668969
-0.741888
-0.952865
-0.910327
0.158001
1.189120
1.324053
1.454517
1.599471
0.782555
-0.067676
0.016999
-0.194688
-0.202355
-0.016425
-0.023013
-0.011747
-0.044949
-0.113993
-0.405322
-0.471540
-0.273423
-0.369642
-0.399332
-0.374337
-0.375085
-0.350616
-0.377408
-0.115840
0.060535
-0.035993
-0.081574
-0.131871
-0.080980
-0.324893
-0.272758
-0.258548
-0.276956
-0.700615
-0.852041
-0.642897
-0.733233
-0.851180
0.133137
0.694643
0.753814
0.898092
1.429886
0.804635
1.106803
1.089019
1.089850
1.073958
1.121273
0.634749
0.353484
0.007725
-0.357135
-0.515584
-0.621716
-0.527842
-0.374588
-0.525965
-0.459157
-0.602015
-0.640749
-0.541167
0.433704
0.494124
0.650538
0.913439
0.919869
0.219941
0.310687
0.240611
0.300881
0.188033
0.276110
0.148021
0.091607
-0.095687
0.966135
0.839852
0.608387
0.355015
0.289763
-1.216550
-1.436167
-1.897536
-2.085568
-2.129063
-1.937133
-1.377478
-0.719468
0.024853
0.269859
0.558896
0.684826
0.653520
0.766830
0.619701
0.598695
0.405715
0.351555
0.056566
-0.115426
-0.026213
-0.134210
-0.218844
-0.145879
0.318096
0.147747
-0.031349
-0.019973
-0.246332
-0.938820
-1.061719
-1.277109
-1.252590
-1.153595
-0.903286
-0.699702
-0.197888
0.065601
0.617231
1.231604
1.307775
1.222915
1.324634
0.793848
0.563125
0.709388
0.607513
0.499815
0.376430
0.081066
-0.238089
-0.339263
-0.547120
-0.051754
-0.088554
-0.021875
-0.159519
-0.410681
-1.182319
-1.152636
-1.516698
-1.280031
-1.015542
-0.639016
-0.335099
-0.064688
0.153626
0.991811
1.147666
0.990247
1.166281
1.311492
0.593853
0.660416
0.682244
0.708581
0.594508
0.340932
0.206845
-0.011109
-0.186930
-0.544331
-0.422232
-0.590301
-0.714032
-0.844696
-1.037397
-1.363396
-1.244824
-1.175787
-1.061869
-0.785857
-0.369655
-0.280982
-0.158990
0.258815
0.802703
0.974073
1.329891
1.901228
1.787457
1.150707
0.982747
0.463066
0.021838
-0.159065
-0.186020
-0.291537
-0.521470
-0.638160
-0.231628
0.346751
0.124097
0.025858
-0.040361
-0.711536
-1.152021
-0.918851
-0.604859
-0.388048
-0.128891
0.068329
0.086566
0.194621
0.337867
0.816659
0.742129
0.813299
0.990622
0.949285
0.529221
0.624732
0.436485
0.311905
-0.117470
-0.424014
-0.664251
-0.866439
-1.103917
-0.135097
0.003824
-0.054547
0.026658
0.121566
-0.905064
-0.941120
-0.880177
-0.725403
-0.373886
-0.178769
0.192328
0.257604
0.575613
0.503881
1.241522
1.209349
1.169820
0.932778
0.621092
-0.176815
-0.275154
-0.270099
-0.178164
-0.436132
-0.349497
-0.513029
-0.867162
-1.030044
-0.191782
-0.212784
-0.602211
-0.583222
-0.563549
-1.351635
-1.243571
-0.977614
-0.553384
-0.481589
-0.183016
0.022267
0.324628
0.347673
0.847885
1.491071
1.222615
1.036895
1.156482
0.590166
0.024518
0.116015
0.112253
-0.104427
-0.338937
-0.533468
-0.757996
-0.926702
-0.906084
-0.346348
0.009591
0.370851
0.837628
1.075493
0.923864
0.983172
0.897610
-0.297821
-0.409908
-0.362365
-0.269988
-0.194687
0.979203
1.313333
1.305307
0.000129
-0.147483
-0.263902
-0.828883
-0.941933
-0.159139
-0.384357
-0.559039
-0.580295
-0.783561
-0.818442
-0.546713
-0.357694
-0.130709
0.155805
0.378692
0.559275
0.437038
0.278614
0.407385
0.296683
0.287417
0.232410
0.471262
0.422042
0.462520
0.366086
0.504970
0.573712
0.429467
0.560988
0.501069
0.068509
-0.373415
-0.992385
-1.231341
-1.450809
-1.555964
-1.370032
-1.189842
-0.922754
-0.832719
-0.433706
-0.192658
0.204987
0.375940
0.476774
0.750864
0.715295
0.726954
0.584088
0.406583
0.656054
0.371155
0.243633
0.499720
0.828560
0.639421
0.763301
0.850261
0.496129
-0.057365
-0.456883
-0.845593
-0.952500
-1.209227
-1.157242
-1.126180
-1.079403
-1.043839
-0.953516
-0.610360
-0.471255
-0.260867
-0.049266
0.278061
0.371198
0.345192
0.452962
0.408018
0.242452
0.276159
0.419525
0.617811
0.767263
1.312998
1.279291
1.146210
0.877187
0.432396
-0.357117
-0.448828
-0.852235
-0.909106
-0.980218
-0.944565
-1.176393
-1.189161
-1.317205
-1.152976
-0.936885
-0.879209
-0.619751
-0.304374
-0.138838
-0.076057
0.041362
0.376993
0.542876
0.638871
0.920452
1.066886
1.184973
1.152785
1.219282
0.934598
0.938506
0.729312
0.476054
0.444349
0.521429
0.391537
0.348888
0.116847
-0.032607
-0.585367
-0.962674
-1.082469
-0.910110
-1.071007
-0.895732
-0.597504
-0.637000
-0.768411
-0.521123
-0.232317
-0.043818
-0.086401
0.052052
0.158150
-0.024829
0.082452
0.514234
0.877680
0.873096
1.460965
1.344230
1.108579
0.944029
0.865564
0.441321
0.360429
-0.131301
-0.413365
-0.971836
-1.174098
-1.356046
-1.122050
-1.183761
-0.730456
-0.509874
-0.356825
-0.134651
0.211988
0.068035
0.250306
0.388733
0.668487
0.861101
1.304369
1.221851
1.265585
1.149579
0.772286
0.358899
0.248568
0.003101
-0.151254
-0.218355
-0.111792
-0.126612
-0.378349
-0.450106
-0.792549
-0.936185
-0.890883
-0.421599
-0.253792
-0.042041
-0.088713
-0.330102
-0.512472
-0.627773
-0.246601
0.102998
0.309611
0.536938
0.639820
0.627181
0.699884
1.220323
1.158410
1.154113
1.302774
1.353168
0.614856
0.340389
0.016207
-0.309886
-0.683180
-0.661064
-0.517969
-0.514913
-0.390152
-0.564634
-0.536424
-0.637172
-0.756717
-0.807234
-0.841757
-0.768435
-1.034637
-1.058451
-1.015923
-0.640260
-0.438618
-0.105366
0.446285
0.645836
1.144793
1.092833
1.285248
1.352372
0.996332
0.286662
0.190570
-0.051989
-0.158160
-0.087137
0.037118
-0.032019
-0.098559
-0.325754
-0.046833
-0.195747
-0.434129
-0.525784
-0.581296
-1.078242
-0.935345
-0.773278
-0.524568
-0.379036
-0.212920
0.075811
0.230699
0.512365
1.356208
2.302337
2.220203
1.225636
1.105051
0.161867
-0.629979
-0.734931
0.305816
0.269970
0.249859
-0.760148
-1.046518
-1.307480
-1.491035
-1.196518
-0.276398
-0.062949
0.298766
0.496054
0.275499
0.385563
0.411759
0.506393
0.500352
0.662587
0.893980
0.975086
1.051411
1.596290
0.617200
-0.560006
-0.508979
-0.662390
-1.177231
-1.302510
-0.326437
-0.435762
-1.594812
-1.928298
-0.909607
-1.058546
-1.013653
0.048202
0.266957
0.276848
0.451694
0.400808
0.284421
0.221520
0.276906
0.307170
0.462363
0.654022
1.013339
1.170161
1.202124
1.412395
1.475203
1.255790
0.968756
0.713785
0.394176
-0.085069
-0.208622
-0.478580
-0.510455
-0.667062
-0.662028
-1.034330
-1.282644
-1.487798
-1.514590
-1.309985
-1.006711
-0.276954
0.233686
0.344407
0.640824
0.984267
1.095223
0.994455
0.847533
0.611460
0.219231
-0.175524
-0.323775
-0.099747
-0.053049
0.050704
0.166167
0.230414
-0.018512
-0.206177
-1.003868
-1.266315
-1.802533
-2.056982
-1.854322
-1.116560
-0.753175
0.456520
1.131622
1.349602
1.897646
2.076723
1.637656
1.643216
1.363699
0.893916
0.877532
0.775134
0.476188
0.370361
0.360402
0.087878
0.511892
0.393515
0.126274
-0.580259
-1.439003
-2.851836
-3.205685
-3.070561
-2.402843
-1.661428
-0.773964
-0.240705
0.148539
0.449848
1.598066
1.943673
1.960711
1.882506
1.734940
0.714720
0.348906
0.277791
0.201051
0.111198
0.133686
0.195030
-0.008287
-0.150660
0.029464
0.159494
-0.077781
0.077781
-0.010838
-0.662196
-1.117867
-1.211767
-1.498892
-1.488545
-1.346208
-1.121352
-0.921041
-0.609314
-0.333070
0.705758
0.883542
0.758390
0.977578
1.135562
0.271962
0.176866
0.334793
0.267463
0.241219
0.467971
0.569268
0.471583
0.374865
0.677878
0.606970
0.497117
0.367520
0.215249
-0.419670
-0.484263
-0.572855
-0.388036
-0.222051
-0.162913
-0.022779
0.221122
0.493105
0.664080
0.135407
-0.651719
0.106865
0.099707
-0.042768
0.635201
0.847681
-0.069847
-0.198232
-0.209187
-0.561294
-0.363653
-0.343771
-0.334196
-0.254676
-0.246520
0.443441
0.809415
0.434831
0.738293
0.757624
0.776396
0.138537
0.109553
-0.259243
-0.358957
-1.097260
-1.225300
-1.188061
-1.554394
-1.580566
-1.618017
-1.124487
-0.713494
-0.214146
0.341688
0.792945
0.810009
0.706462
0.661097
0.387313
0.166233
0.137934
0.183635
0.129958
0.302439
0.589359
0.601565
0.482695
0.548750
0.589395
0.619877
0.481709
0.537334
0.550379
0.327723
0.180984
0.297219
0.450367
0.419313
0.318803
0.358020
0.007633
-0.104382
-0.543044
-0.734961
-0.966927
-1.007875
-1.122348
-0.878379
-0.494794
-0.314286
0.094331
0.174249
0.293705
0.457200
0.135283
-0.261762
-0.243169
-0.090728
-0.115113
0.210849
0.597964
0.640349
0.199362
0.199434
0.249344
0.091154
-0.085756
-0.023178
-0.263011
-0.716227
-0.618142
-0.807754
-0.764432
-0.792872
-0.626670
-0.622125
-0.231855
0.385181
0.899814
1.393866
1.682276
1.728780
1.271629
0.898080
0.920963
0.918173
0.901456
1.001592
0.776134
0.450184
-0.149728
-0.523153
-0.752268
-0.678420
-0.655172
-0.703267
-0.622701
-0.699819
-0.809620
-0.948531
-0.931431
-0.915560
-0.879318
-0.763159
-0.565623
-0.394273
-0.140067
0.060756
0.406900
0.518520
0.735554
0.827211
0.865034
0.786928
0.750219
0.772156
0.894433
0.943323
1.033458
0.885971
0.890106
0.698887
0.589928
0.267608
-0.131854
-0.540869
-1.117011
-1.616464
-1.702415
-1.758501
-1.588729
-1.236883
-0.814206
-0.594582
-0.172688
-0.042458
0.188988
0.332649
0.464518
0.610477
0.907591
0.871258
1.019531
0.713632
0.682857
0.484320
0.277303
0.213640
0.313802
0.348285
0.141864
0.188077
0.154307
0.075889
-0.114063
-0.372017
-0.555001
-0.997134
-1.173984
-1.186286
-1.105073
-0.914993
-0.808442
-0.650292
-0.325265
0.227765
0.437272
0.582446
0.843817
0.772451
0.405064
0.486579
0.532043
0.570300
0.325661
0.332499
0.238629
0.280959
0.302916
0.713683
0.787902
0.679153
0.280229
-0.156388
-0.753632
-0.764817
-1.247605
-1.399715
-1.286809
-1.504094
-1.521498
-1.383637
-0.963053
-0.866145
-0.384242
-0.163599
0.221691
0.642862
0.727900
0.727000
0.759628
0.735664
0.697539
0.698475
0.947642
0.974436
0.855910
0.442127
0.307287
0.224744
-0.106692
-0.153531
0.098710
-0.093240
-0.541716
-0.994164
-1.029223
-1.383318
-1.449166
-1.117796
-0.711864
-0.575670
-0.476102
-0.260000
-0.217883
0.007846
0.205713
0.333731
0.866681
1.105143
0.990130
1.010894
1.122550
0.983139
0.655077
0.714051
0.646324
0.484224
0.440464
0.099643
-0.102126
-0.375459
-0.822382
-1.156077
-1.281139
-1.226016
-1.422104
-1.364682
-1.121632
-0.793418
-0.497265
-0.040757
0.628587
0.811603
0.870638
0.780590
0.611917
0.692956
0.482652
0.562426
0.672144
0.622722
0.397325
0.275979
0.387435
0.262483
0.295285
-0.059607
-0.277853
-0.407224
-0.882333
-1.246523
-1.208096
-1.248172
-1.203781
-0.865229
-0.254828
0.154178
0.401799
0.518132
0.715865
0.666701
0.555193
0.702006
0.878559
0.818497
0.907258
0.859271
0.896284
0.658808
0.524207
0.310492
0.005003
-0.317867
-0.535254
-0.620622
-0.863761
-0.796827
-0.761344
-0.931784
-0.810827
-0.593960
-0.606339
-0.460176
-0.250461
-0.181609
-0.161690
0.051583
0.339870
0.565794
0.731884
0.883683
1.141746
1.102242
1.086633
0.960774
0.584148
0.242595
-0.219625
-0.593344
-0.940686
-1.113160
-1.248467
-1.172205
-1.005570
-0.821366
-0.499712
-0.061305
0.180598
0.408354
0.510111
0.633698
0.672546
0.407468
0.322904
0.302393
0.389877
0.273074
0.574293
0.529317
0.281637
0.130614
-0.151507
-0.469446
-0.572429
-0.831620
-0.725681
-0.853471
-0.785543
-0.786580
-0.503453
-0.640117
-0.393221
-0.088000
-0.013408
0.202190
0.524963
0.475197
0.407360
0.403126
0.521115
0.408725
0.399148
0.497548
0.462233
0.462557
0.307644
0.343714
0.217163
0.076370
-0.140845
-0.386158
-0.522592
-0.807653
-0.931934
-1.099000
-1.066811
-0.809127
-0.779321
-0.611035
-0.195507
0.302461
0.485180
0.644651
0.945694
1.004195
0.656778
0.552697
0.575202
0.630296
0.362810
0.348646
0.311930
0.156362
-0.063127
-0.123096
0.054792
0.042287
-0.037551
0.013337
-0.304256
-0.309679
-0.801744
-1.027733
-1.255482
-1.082439
-1.268303
-0.834591
-0.256629
0.055585
0.242995
0.375419
0.438686
0.694072
0.527895
0.538456
0.722172
0.617522
0.567518
0.451877
0.672225
0.602058
0.478975
0.077044
0.173991
0.038235
-0.312635
-0.403308
-0.221898
-0.780000
-0.810522
-0.958946
-0.727150
-0.794651
-0.566958
-0.473936
-0.288003
-0.186102
-0.186323
0.322581
0.566457
0.813969
0.940639
0.829868
0.830873
0.660940
0.540646
0.505708
0.388276
0.372353
-0.018607
-0.230810
-0.469626
-0.479175
-0.566964
-0.654923
-0.362592
-0.288757
-0.310554
-0.135140
-0.408808
-0.507285
-0.749244
-0.745546
-0.842883
-0.434312
-0.179868
0.025702
0.354374
0.362726
0.367845
0.486559
0.468530
0.572708
0.516571
0.738488
0.599361
0.468088
0.258289
0.069096
0.004411
-0.259705
-0.526458
-0.651743
-0.730326
-0.691559
-0.667773
-0.369896
0.034882
-0.021471
0.288623
0.383421
0.624253
0.454913
0.549766
0.433409
0.456794
0.492924
0.218724
0.324203
0.208463
0.048984
0.015691
0.069129
0.253095
0.310365
0.134589
0.007702
-0.069489
-0.177492
-0.377898
-0.168585
-0.198102
-0.220708
-0.139380
-0.371152
-0.200284
-0.044298
-0.141374
-0.089512
-0.112562
-0.102331
-0.408478
-0.276215
-0.173033
0.372245
0.562965
0.768946
1.048057
0.957773
0.567527
0.316235
0.070419
0.027211
-0.368939
-0.496659
-0.482478
-0.504442
-0.557596
-0.362371
-0.011368
-0.008192
-0.091399
-0.069775
-0.250284
-0.224186
-0.505382
-0.411331
-0.333168
-0.342063
-0.291872
-0.229528
0.154725
0.220606
0.564512
0.606791
0.646519
0.697814
0.398882
0.179041
0.203557
0.065267
-0.042339
-0.171589
-0.001885
-0.142183
-0.119801
-0.213314
-0.069918
-0.059894
-0.362354
-0.385502
-0.349423
-0.501961
-0.394974
-0.297351
0.093857
0.180506
0.352686
0.308806
0.271709
0.230028
0.114192
0.223227
0.295578
0.304841
0.347183
0.088643
0.175448
0.154145
0.038401
-0.056380
-0.055483
-0.193119
-0.632370
-0.618373
-0.641926
-0.598240
-0.476915
-0.176301
0.148682
0.202345
0.076504
0.080557
-0.204731
-0.162115
-0.314495
-0.070785
-0.019134
0.021117
-0.003314
0.151748
0.452621
0.556827
0.729263
0.805274
0.515118
0.409942
0.150695
0.189791
0.161946
0.182150
0.114513
-0.096450
-0.069034
-0.147590
0.085416
0.096076
0.038658
-0.037732
-0.376216
-0.756101
-0.782512
-0.780811
-0.695379
-0.635073
-0.162969
-0.043507
0.037032
0.132288
0.497001
0.523285
0.244087
0.318059
0.353012
0.005406
-0.043358
-0.040364
0.241265
0.242848
0.316548
0.308071
0.262924
0.163138
0.076573
0.271429
0.189735
0.108233
-0.002868
-0.409240
-0.462402
-0.478214
-0.520958
-0.350862
-0.210556
-0.013902
-0.079238
0.125546
0.106791
0.363958
0.324566
0.265195
0.542525
0.626971
0.431547
0.366600
0.293183
0.262999
-0.135475
-0.217584
-0.264044
-0.394686
-0.474230
-0.333263
-0.011811
0.017995
0.024912
-0.001671
-0.240836
-0.266023
-0.501290
-0.372041
-0.321309
-0.206431
-0.190113
-0.219848
0.107901
0.125052
0.335065
0.365057
0.414644
0.467537
0.297949
0.324272
0.321936
0.450206
0.326812
0.189650
0.228255
0.205127
0.000814
0.053964
0.202386
0.109885
-0.262067
-0.325945
-0.427105
-0.650431
-0.649481
-0.649470
-0.298107
-0.223328
-0.201378
0.025787
0.116570
0.211785
0.047920
0.185328
0.124757
0.247783
0.243304
0.306498
0.529834
0.543626
0.417803
0.298700
0.051789
-0.021938
-0.416033
-0.451519
-0.417625
-0.136121
-0.164558
-0.124294
0.122313
0.102036
-0.199852
-0.136887
-0.129205
-0.071140
-0.315907
-0.228502
-0.201369
-0.198861
-0.197418
0.036549
0.402699
0.458345
0.579262
0.639668
0.436797
0.326014
-0.050526
-0.227233
-0.229322
-0.281568
-0.311686
-0.370633
-0.132496
-0.288086
-0.079571
-0.005898
0.051807
0.100041
-0.006168
-0.115400
0.001687
0.050698
0.094430
0.000508
0.236741
0.129063
0.200131
0.297041
0.599922
0.582154
0.254355
0.139445
-0.036951
-0.419946
-0.479348
-0.668905
-0.534196
-0.592326
-0.621113
-0.649466
-0.542887
-0.380132
-0.342524
-0.009261
0.163689
0.392558
0.468234
0.423533
0.644292
0.714499
0.633372
0.565863
0.474932
0.489582
0.060749
0.020056
0.027066
0.119577
0.033346
-0.031099
0.174689
0.098807
-0.153355
-0.236379
-0.293348
-0.292519
-0.603373
-0.625832
-0.702541
-0.729372
-0.643056
-0.413378
0.035661
0.183881
0.380946
0.304653
0.190940
0.196248
-0.035914
0.008909
0.128429
0.200222
0.254432
0.143276
0.349229
0.331095
0.461812
0.412157
0.496461
0.425637
0.030478
-0.242819
-0.351002
-0.546169
-0.599796
-0.582488
-0.344150
-0.365794
-0.306095
-0.282825
-0.084049
0.016161
-0.091166
0.044442
0.189445
0.161301
0.235527
0.215673
0.453900
0.431641
0.284873
0.148601
0.131406
0.201229
0.173161
0.494782
0.595234
0.534896
0.400956
0.018307
-0.127987
-0.301865
-0.433865
-0.526957
-0.621176
-0.659378
-0.883448
-0.839808
-0.777603
-0.406948
-0.210884
-0.086682
0.355424
0.500575
0.387809
0.401419
0.500180
0.481161
0.183010
0.133476
0.176863
0.043197
0.007125
0.153527
0.409084
0.352597
0.394131
0.347515
0.085591
0.060094
-0.268837
-0.326769
-0.350515
-0.364486
-0.443841
-0.573381
-0.393706
-0.425431
-0.238320
-0.214129
-0.059129
0.132547
-0.059285
-0.183477
-0.050092
0.002076
-0.067132
0.061256
0.481642
0.563037
0.629795
0.598423
0.765463
0.705397
0.335245
0.233152
0.283256
-0.143514
-0.345662
-0.544543
-0.346793
-0.446083
-0.473711
-0.466315
-0.459665
-0.439724
-0.634470
-0.399154
-0.251141
0.048644
0.196752
0.252620
0.471130
0.467848
0.356714
0.342100
0.368118
0.438948
0.200655
0.169185
0.192503
0.224031
0.151337
-0.005656
0.274820
0.188507
-0.050938
-0.116716
-0.103324
-0.173785
-0.582898
-0.607665
-0.611057
-0.674674
-0.652934
-0.358225
0.055380
0.124689
0.324148
0.365574
0.273350
0.313733
0.052604
0.013225
0.055923
0.006631
-0.108083
-0.124012
0.225170
0.261357
0.564633
0.694412
0.710806
0.583549
0.169016
-0.207137
-0.220011
-0.242426
-0.315529
-0.450837
-0.284701
-0.523464
-0.634275
-0.618086
-0.323279
-0.192074
-0.237235
-0.088452
0.052646
-0.041966
0.030712
0.094231
0.347270
0.357398
0.323494
0.271465
0.150905
0.145457
0.053554
0.286442
0.340662
0.360268
0.312362
0.011390
0.047940
-0.017842
-0.138736
-0.255025
-0.305972
-0.332007
-0.696254
-0.682843
-0.622142
-0.283090
-0.283666
-0.205621
0.224666
0.401338
0.279031
0.411026
0.533515
0.655782
0.384140
0.360463
0.399127
0.193776
0.025695
-0.011616
0.201702
0.092270
0.219632
0.208836
0.039352
-0.013791
-0.427136
-0.592174
-0.702482
-0.690215
-0.711573
-0.677031
-0.274793
-0.195189
0.129882
0.205793
0.407108
0.554969
0.336939
0.119240
0.192944
0.093232
-0.026332
-0.043791
0.270011
0.218666
0.168308
0.137146
0.382841
0.352963
-0.112852
-0.235255
-0.255564
-0.587607
-0.612866
-0.466286
-0.073603
-0.090373
-0.038463
-0.039572
-0.008463
0.102778
0.085575
0.324461
0.409506
0.424759
0.434044
0.269065
0.360026
0.317420
0.313888
0.276257
0.257581
0.303896
-0.014970
-0.078029
-0.191509
-0.191306
-0.376538
-0.438524
-0.211736
-0.185378
-0.303011
-0.212930
-0.136446
-0.054071
-0.244546
-0.124579
-0.007896
0.034423
0.086430
0.333783
0.598249
0.555693
0.594280
0.544584
0.233818
0.104834
-0.260004
-0.372914
-0.356114
-0.401658
-0.336990
-0.348101
-0.069798
-0.112454
0.125686
0.187414
0.235434
0.159124
-0.174828
-0.410681
-0.454418
-0.526325
-0.467185
-0.362386
0.039856
0.128225
0.258103
0.353958
0.505391
0.444366
0.185289
0.218160
0.235888
0.040768
0.055432
-0.024729
0.125946
0.043600
0.043766
0.073728
0.081334
0.099415
-0.022373
0.104345
0.129851
0.069911
-0.036289
-0.301058
-0.234131
-0.390307
-0.437908
-0.381496
-0.341319
-0.231131
-0.409270
-0.324117
-0.274680
-0.004575
0.008475
0.003178
0.299815
0.353582
0.234989
0.270463
0.325871
0.413380
0.131316
0.089194
0.048988
0.008798
-0.071436
0.087139
0.370054
0.391107
0.290387
0.098399
-0.212058
-0.357950
-0.828050
-0.905104
-0.786446
-0.723612
-0.587677
-0.404631
0.040974
0.114175
0.327849
0.317429
0.372123
0.412769
0.203624
0.105646
0.208924
0.192471
0.203394
0.136406
0.365448
0.259990
0.101843
-0.147328
-0.127530
-0.216933
-0.554744
-0.524105
-0.425670
-0.524495
-0.570477
-0.504833
-0.161025
-0.051796
-0.021152
0.181040
0.207740
0.237795
0.130998
0.336259
0.361645
0.476469
0.490469
0.352473
0.551882
0.498485
0.412786
0.404779
0.374517
0.312223
0.004012
-0.022005
-0.155132
0.057088
-0.036703
-0.099152
-0.052705
-0.123100
-0.546803
-0.583634
-0.696184
-0.521142
-0.705645
-0.594607
-0.475840
-0.314524
-0.259038
0.087716
0.520644
0.602866
0.663938
0.760430
0.502930
0.491606
0.318398
0.440545
0.376625
0.375604
0.443327
0.260589
0.328131
0.242561
0.367570
0.168937
0.033858
0.009836
-0.395308
-0.674542
-0.754795
-0.850988
-0.916125
-0.851714
-0.438734
-0.290953
-0.046030
0.078902
0.301728
0.329899
0.107389
0.130581
0.174547
0.006943
0.026692
0.113871
0.361541
0.343949
0.375417
0.327498
0.164404
0.202765
0.130562
0.391066
0.422120
0.389463
0.222311
-0.077562
-0.206514
-0.351603
-0.465666
-0.377133
-0.357714
-0.240336
-0.447867
-0.341666
-0.304915
-0.067931
-0.046679
0.004437
0.349763
0.331707
0.142681
0.131988
0.112664
0.116663
-0.145233
-0.158968
-0.055547
-0.096888
-0.121038
0.118744
0.367024
0.250661
0.260158
0.220129
-0.159180
-0.211987
-0.544130
-0.615038
-0.626372
-0.583228
-0.502239
-0.444865
-0.006535
0.108587
0.463046
0.527399
0.642748
0.603254
0.359350
0.141442
0.123579
0.000540
0.015512
0.002649
0.183776
0.071302
0.047677
-0.030083
-0.043246
-0.147228
-0.441106
-0.477205
-0.447074
-0.529237
-0.411060
-0.300813
0.125848
0.231033
0.313178
0.363618
0.367023
0.341292
0.304006
0.530418
0.549789
0.545912
0.537819
0.107284
0.034181
-0.061374
-0.254451
-0.431332
-0.516741
-0.500044
-0.850978
-0.808899
-0.674573
-0.308944
-0.259165
-0.069913
0.355120
0.430479
0.283723
0.347793
0.317733
0.386258
0.184489
0.278059
0.229548
0.271874
0.189139
0.278938
0.394983
0.365726
0.184901
0.112882
-0.303435
-0.380154
-0.752244
-0.767801
-0.691750
-0.561479
-0.302467
-0.170540
0.317283
0.426987
0.798397
0.588886
0.564743
0.441380
0.076627
-0.226298
-0.020901
-0.006467
-0.092566
-0.176240
0.021271
-0.206118
-0.290105
-0.239726
-0.071299
-0.095703
-0.337238
-0.309879
-0.210035
-0.320760
-0.207711
-0.112564
0.388372
0.574150
0.668852
0.761049
0.857675
0.751099
0.551753
0.762819
0.683954
0.645851
0.570639
0.323030
0.230187
0.153382
0.082084
-0.414367
-0.364819
-0.742539
-0.800274
-0.636174
-0.532001
-0.322110
-0.257753
-0.170012
-0.374449
-0.276711
-0.304172
-0.232520
-0.213168
-0.156447
0.175780
0.188711
0.233787
0.272618
0.226026
0.274336
-0.014239
-0.037295
-0.131560
-0.195476
-0.323818
-0.377855
-0.135869
-0.092805
-0.021393
0.078822
0.133492
0.166242
-0.044351
-0.010531
0.104677
0.167158
0.221900
0.194466
0.420345
0.238580
0.165460
0.088274
0.055371
0.006136
-0.269566
-0.286900
-0.297604
-0.331428
-0.185386
-0.207926
0.061999
0.074433
0.081494
-0.031167
-0.005936
-0.049398
-0.337909
-0.349562
-0.357921
-0.390103
-0.302125
-0.260870
0.094646
0.182071
0.231292
0.184844
0.198438
0.174838
-0.123706
0.131290
0.138506
0.537818
0.489420
0.454424
0.437697
0.430067
-0.022892
0.048138
0.010885
-0.063502
-0.405079
-0.448833
-0.574697
-0.618323
-0.544292
-0.521424
-0.199344
-0.114694
-0.038433
0.075501
0.211419
0.394640
0.175818
0.212938
0.166540
0.070350
-0.088891
-0.226775
-0.064679
-0.193688
-0.256564
-0.384297
-0.478491
-0.582263
-0.634363
-0.414218
-0.527055
-0.290898
0.175451
0.090464
-0.058471
0.458149
0.408761
0.382849
0.344609
0.891728
0.441628
0.498130
0.462761
0.476064
-0.057436
-0.098114
0.237372
0.148676
0.150671
0.219530
0.214609
0.331473
-0.046048
-0.065723
0.306680
0.245924
0.163734
0.130113
0.112749
-0.330401
-0.292655
-0.274244
-0.289179
-0.294780
-0.248409
-0.250541
-0.682974
-0.614089
-0.574988
-0.526401
-0.130050
0.272193
0.283989
0.324955
0.329624
0.318788
-0.031943
-0.035630
0.310817
0.285934
-0.092716
-0.142507
0.164262
0.114906
0.054502
0.373504
0.347389
-0.006866
-0.347010
-0.333203
-0.349635
-0.344412
-0.044579
-0.076812
0.224323
0.217012
0.188426
0.186063
0.244477
0.225151
-0.032482
0.069262
-0.167415
-0.159987
-0.150408
-0.203387
0.012643
0.249624
0.234728
0.213304
0.248125
0.271634
-0.000807
-0.027377
-0.013180
-0.039204
-0.346707
-0.354610
-0.077182
-0.089276
-0.127315
0.157378
0.120949
0.139163
-0.086656
-0.020062
0.019191
0.060707
0.064508
0.074897
0.087458
-0.162743
-0.147596
-0.165755
-0.191144
0.033152
0.022206
0.039260
0.075209
0.080962
0.102383
0.030553
0.281562
0.271598
0.243280
-0.066862
-0.053710
-0.084659
-0.401920
-0.432496
-0.148183
-0.147849
-0.130374
-0.121020
0.194800
0.230462
0.227343
0.218371
0.221511
-0.070981
-0.347322
-0.308323
-0.263344
-0.238082
0.053681
0.037180
0.328673
0.318437
0.306533
0.330279
0.336189
0.288135
-0.026606
-0.050051
-0.371087
-0.382386
-0.358718
-0.373302
-0.103664
0.159081
0.099868
0.084042
0.091947
0.103939
-0.140200
-0.079912
-0.053008
-0.007055
-0.262803
-0.204099
0.110342
0.127521
0.144942
0.457978
0.431226
0.417895
0.101053
0.042354
0.059593
0.016611
0.008008
-0.009514
-0.013643
-0.354851
-0.365068
-0.360224
-0.528237
-0.248399
-0.205366
-0.154687
-0.145553
0.066348
0.073068
0.079538
0.319863
0.289784
0.343707
0.133130
0.014000
-0.009723
-0.181553
-0.162547
0.052230
0.025102
0.070229
0.018319
0.196010
0.214860
0.214547
0.212933
0.225784
-0.114908
-0.478238
-0.494126
-0.426176
-0.361485
0.136365
0.139518
0.687778
0.751637
0.576810
0.286258
0.324420
0.058366
-0.356122
-0.310054
-0.414110
-0.394290
-0.367330
-0.401669
0.114845
0.263039
0.239606
0.251660
0.234405
-0.088898
-0.296910
-0.293727
-0.310986
-0.334776
-0.219171
-0.285390
-0.109933
-0.158778
-0.192172
-0.313289
-0.259260
-0.132056
-0.260017
-0.149823
-0.055251
0.017285
0.048539
0.083838
0.446183
0.553050
0.522137
0.438301
0.392206
0.251727
-0.140319
-0.154390
-0.134799
-0.156772
-0.178474
-0.229497
-0.071569
-0.144383
-0.206111
0.263785
0.231680
0.224024
-0.063171
-0.113510
-0.668320
-0.700951
-0.644288
-0.606712
0.095366
0.527212
0.576829
1.009319
1.043689
0.794764
0.221651
0.271980
-0.085424
-0.046501
-0.129761
-0.132174
0.143598
0.140027
0.103253
0.080987
0.074366
0.022383
-0.262270
-0.220083
-0.416714
-0.430535
-0.421129
-0.451772
-0.268608
-0.091563
-0.125811
-0.130754
-0.150411
-0.069145
-0.262868
-0.222432
-0.184860
-0.116711
0.033031
0.053961
0.367267
0.419048
0.427109
0.321555
0.303267
0.283451
0.009952
0.004985
0.013758
0.030480
0.010367
-0.025858
0.259550
0.257890
0.184438
0.122241
0.081476
-0.069844
-0.457017
-0.478198
-0.448721
-0.484819
-0.449025
-0.431148
-0.088377
-0.052750
0.010558
0.209369
0.277045
0.291356
0.088209
0.148170
0.050331
0.065261
0.037097
0.033984
0.249664
0.231514
0.233273
0.250238
0.201224
0.297185
0.017136
-0.038709
-0.042231
-0.077533
-0.255716
-0.310281
-0.120475
-0.225397
-0.294757
-0.277538
-0.255249
-0.177371
-0.332535
-0.243228
-0.059571
-0.000234
0.056491
0.082703
0.376138
0.278162
0.277943
0.256733
0.265908
0.291281
0.027014
0.012170
0.003511
-0.066706
-0.003649
-0.060185
0.154744
0.118929
0.099822
-0.024176
-0.038525
-0.055867
-0.331045
-0.352620
-0.341648
-0.318287
-0.274545
-0.217547
0.138198
0.188555
0.232466
0.263046
0.281273
0.308194
0.024467
0.024970
0.022606
0.002922
-0.017045
-0.026752
0.204301
0.181770
0.126524
0.185633
0.122892
0.106972
-0.234679
-0.301689
-0.421312
-0.447376
-0.429117
-0.375689
-0.010413
0.006286
0.053120
0.052002
0.129574
0.311253
0.075104
0.121576
0.154422
0.164579
0.054387
0.066202
0.313183
0.326246
0.296700
0.237896
0.222674
0.165578
-0.149872
-0.184628
-0.067740
-0.108606
-0.121197
-0.144512
0.046472
-0.142549
-0.170324
-0.178829
-0.187627
-0.190213
-0.419932
-0.405263
-0.371080
-0.312215
-0.173785
-0.099945
0.233345
0.330510
0.354344
0.332479
0.317344
0.317709
0.085618
0.132202
0.160841
0.165490
0.157295
0.081270
0.265320
0.235501
0.179363
0.133128
0.055061
-0.026929
-0.387526
-0.443503
-0.516734
-0.505341
-0.542198
-0.534607
-0.246739
-0.197307
-0.160513
0.065793
0.142416
0.220134
0.069562
0.157594
0.115974
0.174618
0.240760
0.250428
0.480086
0.473487
0.456557
0.450085
0.361740
0.320348
-0.007798
-0.071859
-0.164299
-0.217039
-0.294563
-0.401704
-0.251928
-0.354646
-0.410682
-0.425496
-0.394242
-0.291710
-0.434125
-0.337064
-0.075896
0.008158
0.065713
0.086294
0.403964
0.293956
0.326827
0.326023
0.318867
0.308599
0.021629
0.004330
-0.036335
-0.068924
-0.019421
-0.083040
0.122557
0.104715
0.036291
-0.110677
-0.173625
-0.203592
-0.476703
-0.436357
-0.375151
-0.288502
-0.207227
-0.207562
0.241355
0.421152
0.410553
0.482790
0.522507
0.382527
-0.057242
-0.045379
-0.103235
-0.120470
-0.145587
-0.169892
0.107175
0.088854
0.033244
0.231974
0.171590
0.171590
-0.222578
-0.034159
-0.568684
