7.806567
6.498326
4.387032
2.021219
0.381811
-1.275820
-2.147565
-1.694170
-1.218747
-1.443769
-1.704018
-1.686533
-1.588529
-1.598694
-1.624280
-1.582675
-1.416233
-1.260721
-1.063796
-0.836873
-0.740140
-1.204490
-0.935453
-0.671405
-0.423167
-0.065328
0.725156
0.675559
0.679946
0.661733
0.657160
0.585533
0.608340
0.625685
0.600213
0.564468
0.580472
0.504475
0.371097
0.227271
0.127454
0.072515
-0.080637
-0.180650
-0.374198
-0.421138
-0.591859
-0.634567
-0.836547
-0.760118
-0.726969
-0.509471
-0.247287
0.172867
0.357056
0.451004
0.563671
0.728329
0.727824
0.868693
0.973881
0.728978
0.524326
0.385452
0.219834
0.070137
0.173383
0.127160
0.266538
0.403028
0.479755
0.561504
0.483010
0.592012
0.548180
0.684280
0.670515
0.835617
0.877997
0.487358
0.412619
0.027539
-0.320203
-0.764866
-0.620498
-0.940543
-0.858634
-0.814424
-0.797583
-0.808024
-0.569999
-0.543307
-0.250296
-0.267474
-0.029346
-0.044305
-0.030973
-0.233082
-0.155675
-0.114174
-0.241841
-0.173121
0.141099
0.129332
0.197042
0.140516
0.348914
0.266602
0.248583
0.184557
0.162023
0.228043
-0.088769
-0.152765
-0.036138
-0.172430
-0.259074
0.000393
0.274328
0.211162
0.518069
0.399093
0.391286
0.315200
-0.124738
-0.491853
-0.316719
-0.765033
-0.758860
-0.877792
-0.362000
-0.337410
0.201083
0.228476
0.755548
0.570634
0.487241
0.441082
0.560585
0.551465
0.624402
0.494488
0.156596
-0.204610
-0.483576
-0.624917
-0.747678
-0.481344
-0.324184
-0.195566
0.060344
0.150434
0.112357
0.090423
0.307190
0.343251
0.670522
0.735000
0.613906
0.455103
0.261867
0.006162
-0.038496
-0.356241
-0.316709
-0.301330
-0.224121
-0.056623
0.795813
1.080089
1.331629
1.428954
0.675971
-0.160458
-0.548861
-0.492465
-0.595495
0.137337
0.818614
1.080868
1.013628
0.898142
0.816535
0.510711
0.400613
0.204744
-0.318501
-0.486522
-0.597848
-0.823425
-1.046091
-0.609934
-0.475324
-0.192054
0.122924
0.316943
0.492789
0.498717
0.634645
0.429619
0.441742
0.402747
0.383592
0.055893
-0.154107
-0.452538
-0.717612
-1.274157
-1.441696
-1.582326
-1.422325
-1.220634
-0.583014
-0.243604
0.201213
0.308970
0.565907
0.642566
0.819912
0.940210
1.178192
1.191055
1.092865
1.001440
0.833998
0.550771
0.325989
0.171775
-0.014128
-0.161136
-0.394143
-0.695187
-0.806278
-0.893494
-0.806763
-0.703981
-0.636250
-0.440579
-0.172991
-0.009929
0.302060
0.655761
0.763837
0.770670
0.621309
0.453916
0.331744
0.251122
-0.170185
-0.259709
-0.458817
-0.535932
-0.591624
-0.542176
-0.593987
-0.539476
-0.552801
-0.617312
-0.536129
-0.404056
-0.239483
-0.087870
0.064993
0.298275
0.373520
0.465440
0.518954
0.560143
0.684037
0.811764
0.879587
0.997205
1.022727
1.074832
1.055322
1.099500
1.148721
1.224210
1.291154
0.666515
0.015214
-0.654212
-1.208355
-1.823181
-1.640862
-1.432650
-1.236815
-1.070377
-0.943454
-0.816668
-0.742071
-0.636217
-0.549174
-0.392249
-0.193253
-0.008111
0.049700
0.088375
0.040587
-0.057421
-0.209297
-0.312608
-0.509530
-0.687059
-0.866261
-0.956587
-1.063567
-0.999933
-0.752840
-0.535367
-0.217145
0.100693
0.350462
0.639381
0.846807
1.011841
1.072498
1.147223
0.990657
0.900872
0.635080
0.516331
0.392143
0.276935
0.100911
0.017364
-0.128634
-0.214615
-0.482759
-0.628170
-0.707444
-1.068594
-1.364724
-1.414803
-1.277252
-1.162213
-0.655853
-0.179014
0.253176
0.420590
0.619897
0.783798
0.994051
1.149669
1.330267
1.216980
1.128909
0.803731
0.591116
0.281565
0.122311
-0.037596
-0.102432
-0.233246
-0.348098
-0.422626
-0.546841
-0.787919
-0.870896
-0.807545
-0.830185
-0.843429
-0.541916
-0.378763
-0.240132
0.040090
0.386668
0.592945
0.692663
0.800591
0.948006
1.017310
0.851608
0.760621
0.545780
0.250328
-0.076354
-0.265362
-0.440107
-0.686766
-0.892001
-1.047892
-1.113053
-1.142572
-1.044632
-0.899714
-0.750801
-0.562122
-0.353640
-0.127397
0.540463
0.642962
0.572917
0.510824
0.849984
0.636209
0.527804
0.801113
0.658734
0.149243
-0.399053
-0.514931
-0.573068
-0.721628
-0.436461
-0.616837
-0.306084
-0.345517
-0.461978
-0.482124
0.004984
0.069153
0.160398
0.264518
0.293931
0.381584
0.387547
0.397956
0.817030
0.780206
0.792864
0.767754
0.682212
0.611877
0.594069
0.480709
0.218820
0.122076
0.099120
-0.084395
-0.318721
-0.369340
-0.493955
-0.605065
-0.532885
-0.430375
-0.238637
-0.154404
-0.305341
-0.206485
-0.036807
0.118579
0.322659
0.746689
0.901458
0.869923
0.803863
0.613777
0.571770
0.542751
0.362411
0.349288
0.068605
-0.030917
-0.537726
-0.720414
-0.634900
-0.389838
-0.312385
-0.400774
-0.211431
-0.505971
-0.796891
-1.191179
-1.141923
-1.047330
-0.714191
-0.192308
0.176856
0.491388
0.473203
0.282269
0.122335
0.114059
0.062465
0.179605
0.184808
0.065398
0.120868
0.401100
0.335147
0.659384
0.613048
0.631186
0.238665
0.029841
-0.098323
-0.066738
0.102162
0.258437
0.230259
0.154598
0.323231
-0.093607
-0.823950
-1.316315
-1.291577
-1.158261
-0.898368
-0.024473
0.702624
0.622458
0.424972
0.283518
0.291594
0.313001
0.335720
0.346957
0.405382
0.376314
0.465817
0.484041
0.550998
0.624290
1.096427
1.557684
1.621112
1.044052
1.289052
0.223821
-0.943124
-1.614763
-1.624116
-2.413977
-2.182516
-1.859024
-1.585453
-1.234775
-0.885123
-0.653288
-0.391628
-0.157611
0.001827
0.090471
0.102740
0.195782
0.197501
0.235373
0.241328
0.321386
0.109566
0.046313
-0.134719
-0.320495
-0.441245
-0.418602
-0.649220
-0.854811
-1.234675
-1.696484
-2.040787
-2.160467
-2.031479
-1.356032
-0.739729
-0.359172
0.153283
0.506943
0.506174
0.565038
0.664248
0.680938
0.549785
0.421267
0.510339
0.605974
0.498664
0.450579
0.497830
0.280546
-0.004071
-0.111884
-0.101146
-0.324564
-0.537365
-0.590495
-0.789922
-0.999344
-0.979903
-0.848668
-0.722791
-0.551470
-0.346000
-0.315325
0.251549
0.221984
0.332078
0.366759
0.460112
0.364601
0.404758
0.677190
0.552730
0.428671
0.188857
0.093270
0.043555
0.047365
0.330930
0.289578
0.260295
-0.148265
-0.192587
-0.249754
-0.589863
-0.640351
-0.399119
-0.426741
-0.391871
-0.351301
-0.031116
0.032748
0.410602
0.405825
0.407584
0.495634
0.217679
-0.128379
-0.109996
-0.141316
-0.238561
0.115875
0.291060
0.170192
0.533622
0.524668
0.375298
0.380228
0.417160
0.323484
0.302797
0.178910
-0.046353
-0.064879
-0.239504
-0.451418
-0.306336
-0.386446
-0.453534
-0.520437
-0.319939
-0.356068
-0.063837
0.101672
0.316297
0.472475
0.511142
0.627388
0.776269
0.817837
0.840222
0.703184
0.809611
0.756435
0.530060
0.399638
0.309252
0.228626
0.014020
0.014020
0.002158
-0.006303
-0.342884
-0.672254
-0.739536
-1.059021
-1.199944
-1.065504
-0.825410
-0.692304
-0.594043
-0.411622
-0.322011
-0.268348
-0.064663
0.160511
0.543690
0.761271
0.825007
1.047026
1.011490
0.912882
0.660702
0.596673
0.420273
0.210546
-0.031391
-0.266910
-0.443863
-0.825315
-1.012967
-1.045250
-1.172272
-1.225100
-1.178266
-1.005439
-0.937509
-0.521110
-0.145572
0.080898
0.367087
0.579509
0.762368
0.901178
0.778428
0.830662
0.731620
0.540679
0.393939
0.365525
0.312449
0.305279
0.433291
0.507380
0.607607
0.607059
0.613439
0.448690
-0.032576
-0.350857
-0.564088
-0.949438
-1.101385
-0.951622
-0.788820
-0.763572
-0.617185
-0.483959
-0.569892
-0.405349
-0.319222
-0.109258
-0.057870
0.198352
0.418727
0.449288
0.634960
0.804994
0.973971
0.863267
0.799326
0.734896
0.369006
0.037440
0.193635
0.126464
0.035143
0.051006
0.290056
0.122615
0.068792
-0.028524
-0.090001
-0.299500
-0.725523
-0.943147
-1.053381
-1.000196
-1.038820
-0.813185
-0.496033
-0.396102
-0.341903
-0.108813
-0.219371
-0.061279
0.022030
0.142950
0.181524
0.345276
0.396531
0.485980
0.685636
0.804771
0.976737
1.033409
0.805709
0.755686
0.554828
0.505909
0.511210
0.562071
0.409430
0.337656
0.197212
-0.042256
-0.015639
0.081069
0.252890
0.406050
0.575214
0.768956
0.441876
0.484667
0.172234
-0.217920
-0.535492
-0.452438
-0.748541
-0.630674
-0.574024
-0.557126
-0.579315
-0.617035
-0.665373
-0.207541
-0.206748
-0.182504
-0.165916
-0.164626
-0.565569
-0.561419
-0.273369
-0.301574
0.002094
0.281579
0.242064
-0.023353
0.003488
0.019069
-0.248454
-0.216280
0.068850
0.077878
0.051420
0.038802
0.371647
0.397187
0.424532
0.467216
0.483939
0.155473
-0.189435
-0.228244
-0.230541
-0.258348
0.054156
0.043133
0.309756
0.238112
0.197968
0.127557
0.088443
0.074882
-0.217307
-0.213855
-0.462549
-0.398883
-0.375168
-0.327743
-0.072981
0.161610
0.181454
0.223924
0.236046
0.339974
0.146862
0.162356
-0.111867
-0.106820
-0.105797
-0.131107
0.129396
0.393043
0.324433
0.236496
0.175671
0.122727
-0.226647
-0.235370
-0.178421
-0.214739
-0.365544
-0.367564
-0.105046
-0.185345
-0.153475
-0.103906
-0.053021
0.080890
-0.108882
-0.035192
0.160452
0.187160
0.028418
0.047492
0.402293
0.465988
0.471794
0.594678
0.638479
0.469189
0.036498
-0.035001
0.035474
-0.126463
-0.213041
-0.267945
-0.121222
-0.391802
-0.403063
-0.379504
-0.345776
-0.495454
-0.626718
-0.556892
-0.451163
-0.398978
0.099935
0.161215
0.394407
0.382117
0.431927
0.221744
0.239232
0.296469
0.137451
0.154426
0.330806
0.287473
0.466364
0.289045
0.332988
0.036562
-0.109172
-0.417162
-0.373253
-0.368241
-0.551594
-0.457138
-0.429929
-0.367543
-0.179935
-0.082342
0.104857
0.079182
0.033562
0.011767
-0.052577
-0.118999
-0.252676
-0.237217
-0.169160
-0.186350
0.043760
-0.013121
0.138747
-0.075324
0.247286
0.129397
0.078627
0.231750
0.051139
0.097464
0.130930
0.176569
0.186320
0.177962
0.060830
0.057702
0.052813
0.018415
0.299347
0.289455
-0.136391
-0.256588
-0.329003
-0.726049
-0.758561
-0.333815
-0.035991
-0.101246
-0.178704
-0.121906
-0.108099
0.062905
0.230720
0.777652
0.714434
0.125201
-0.026720
0.038341
0.016247
0.122147
0.084633
0.178079
0.104563
0.055726
0.026847
0.634977
0.650878
0.587689
0.422911
0.420252
0.203543
-0.059149
-0.128234
-0.221400
-0.333858
-0.774950
-0.604638
-0.621644
-0.507082
-0.452641
0.153549
0.240968
-0.158600
-0.513001
-0.365884
-0.309375
-0.211167
0.314594
0.928684
0.914348
0.786691
0.720792
0.556694
0.460317
0.330212
0.383037
0.280945
0.211445
0.112114
-0.131638
-0.175894
-0.214954
-0.159125
-0.199647
-0.040041
0.038071
0.115070
-0.235187
-0.081187
0.100693
0.226084
0.290162
0.907634
1.011983
1.061265
1.085197
0.717716
0.694973
0.233824
-0.165961
-0.552573
-0.512766
-0.884464
-0.834929
-0.789092
-0.768984
-0.748931
-0.374274
-0.375900
-0.138995
-0.023218
0.124539
-0.112763
-0.020753
-0.149028
-0.186716
-0.057246
0.175464
0.378411
0.546080
0.770784
0.184244
0.077856
0.024106
-0.617774
-0.618645
-0.714967
-0.639746
-0.570320
0.107930
0.200575
0.924780
0.940685
0.915683
0.844212
0.663235
0.562089
0.431231
0.374694
0.258077
0.191817
0.082302
-0.015226
-0.261405
-0.559979
-0.772714
-0.938056
-1.104792
-1.056324
-0.736714
-0.517158
-0.414443
-0.226564
-0.041460
-0.015174
0.100990
0.435607
0.670230
0.784570
0.984274
0.977401
0.850001
0.759129
0.730242
0.484352
0.351600
0.113674
0.018637
-0.164512
-0.179509
-0.440815
-0.606212
-0.834010
-1.020351
-1.207986
-1.076581
-0.854541
-0.726673
-0.549233
-0.195313
0.075775
0.272403
0.488026
0.701968
0.661487
0.639224
0.651097
0.642996
0.673210
0.774718
0.833213
0.889614
0.680556
0.563650
0.251774
-0.049779
-0.237775
-0.282068
-0.490070
-0.649271
-0.764075
-0.963083
-0.912197
-0.949402
-0.864677
-0.791461
-0.563914
-0.501048
-0.322880
-0.247153
-0.078539
0.001821
0.176307
0.287740
0.669442
0.947062
1.014422
0.995697
0.822740
0.590246
0.525057
0.378196
0.424753
0.485705
0.485011
0.342928
0.398933
0.221225
0.047414
0.055983
-0.119432
-0.276338
-0.311114
-0.211034
-0.311965
-0.238961
-0.067994
0.070826
0.198712
0.418813
0.560661
0.589043
0.133011
-0.201455
-0.212495
-0.145166
-0.101459
0.052073
0.494639
0.521640
0.221853
0.260350
0.277795
0.320207
0.007216
0.005584
-0.338616
-0.312153
-0.672008
-0.683604
-0.369361
-0.031711
-0.030730
0.331199
0.387128
0.109215
-0.243776
-0.244265
-0.507588
-0.433675
-0.377598
-0.221554
-0.114608
-0.086058
-0.050789
-0.015423
-0.001724
0.023475
0.054815
0.057405
0.473455
0.404682
0.333437
0.254320
0.111811
-0.432402
-0.512528
-0.612053
-0.705711
-0.757794
-0.789426
-0.847990
-0.879470
-0.862254
-0.809002
-0.770826
-0.720344
-0.655789
-0.613474
-0.080213
0.495040
1.088047
1.625040
2.144235
1.801600
1.724599
1.174380
0.640046
-0.024450
-0.372158
-1.030943
-1.285228
-1.084957
-0.806580
-0.491894
-0.187787
0.139031
0.020261
-0.071524
-0.061245
-0.143602
-0.083597
0.085293
0.304999
0.391205
0.682901
0.909576
1.049645
1.089093
1.139515
1.046940
0.901096
0.877708
0.863353
0.935942
1.090443
1.223275
1.132657
1.021666
0.841697
0.591219
0.290320
0.084847
-0.019729
-0.158385
-0.231869
-0.213470
-0.180316
-0.225585
-0.296515
-0.450222
-0.579192
-0.797793
-1.085162
-1.213835
-1.292212
-1.309540
-1.207288
-0.867270
-0.566493
-0.275271
-0.089775
0.279148
0.533690
0.573740
0.680173
0.778859
0.594671
0.533709
0.660436
0.660436
0.727065
0.784902
0.776474
0.593653
0.521043
0.411746
0.276547
0.117120
0.066377
-0.173369
-0.425727
-0.561680
-0.738295
-0.788132
-0.675095
-0.460463
-0.239651
-0.002846
0.199844
0.399053
0.499648
0.579016
0.675462
0.721853
0.748907
0.805651
0.873680
0.536878
0.195200
0.263889
-0.084225
-0.477858
-0.469216
-0.469074
-0.837639
-0.784103
-0.721392
-0.721281
-0.269174
-0.285417
-0.322591
-0.341313
-0.296582
-0.710145
-0.688853
-0.208073
0.339779
0.339259
0.339259
0.460257
0.056234
-0.316243
-0.151877
0.015049
0.016045
0.105975
0.139359
0.064392
0.024098
0.126501
0.183837
0.144184
0.222936
0.352796
0.404957
0.301520
0.295642
-0.069140
-0.438694
-0.735293
-0.878414
-1.089457
-0.957349
-0.991297
-1.079955
-1.083701
-0.992213
-0.941087
-0.612719
-0.423208
-0.087775
0.137734
0.387768
0.506357
0.692668
0.792767
0.763452
0.812839
0.832660
0.778724
0.668328
0.671466
0.556287
0.297420
0.127844
0.047018
-0.138483
-0.245058
-0.370197
-0.483656
-0.782153
-0.976855
-1.139946
-1.190997
-0.992791
-0.893808
-0.741635
-0.463282
-0.212988
-0.032841
0.160726
0.424253
0.517464
0.638951
0.606672
0.615319
0.504929
0.417686
0.342194
0.204953
0.106171
0.128121
0.051714
0.519411
1.047047
0.874363
0.643137
0.511037
-0.134944
-0.821901
-0.780859
-0.384787
-0.412641
-0.450673
-0.469381
-0.450093
-0.793638
-0.770521
-0.361861
-0.244180
0.158736
0.277267
0.397130
0.414727
0.412202
0.364180
0.302084
0.565035
0.534051
0.452850
0.441736
0.335792
0.257557
-0.211786
-0.333339
-0.395370
-0.600806
-0.537404
-0.097085
0.268767
0.232801
0.027830
-0.139327
-0.263735
-0.314535
-0.457980
0.084129
-0.002621
-0.094780
-0.116044
-0.056804
0.143428
0.328998
0.457478
0.582711
0.631143
0.645919
0.748594
0.822396
0.941618
1.201565
1.160620
0.095780
0.107586
0.043307
0.116949
-0.119260
0.623210
0.109464
-0.187367
-0.659290
-0.650951
-0.828366
-0.571271
-0.535820
-0.557901
-0.530221
-0.323653
-0.456784
-0.479034
-0.402599
-0.274462
-0.089699
0.009058
0.204523
0.233770
0.313172
0.510681
0.998477
1.041719
1.575070
1.728774
1.563019
1.225276
1.107584
0.572063
0.403331
0.182867
0.106628
-0.109159
-0.338449
-0.642123
-0.917029
-1.158759
-1.425219
-1.427819
-1.416944
-1.352789
-1.241859
-0.849039
-0.625748
-0.424121
-0.155683
0.123932
0.333844
0.482831
0.644427
0.798929
0.843749
0.915520
1.018546
0.914384
0.831285
0.716986
0.517085
0.333902
0.196150
0.104643
-0.110055
-0.170079
-0.283654
-0.179240
-0.325528
-0.343588
-0.489072
-0.627587
-0.893159
-1.130395
-1.333599
-1.421615
-1.282197
-1.132324
-0.706025
-0.403999
-0.130220
0.070710
0.140513
0.245876
0.519122
0.729753
0.616389
0.658231
0.728270
0.703588
0.624001
0.511278
0.530697
0.309112
0.193421
0.164816
0.391010
0.383683
0.490044
0.445458
0.255264
-0.097257
-0.318096
-0.726696
-1.036126
-1.097982
-0.975266
-0.917322
-0.771105
-0.468503
-0.255872
-0.083596
0.177954
0.468418
0.621261
0.690429
0.739025
0.766175
0.791882
0.774099
0.748693
0.823382
0.798866
0.754949
0.574705
0.383805
0.103369
-0.093870
-0.256884
-0.420298
-0.498284
-0.576381
-0.658628
-0.653508
-0.671780
-0.666666
-0.786450
-0.808645
-0.952692
-0.857145
-0.765076
-0.276143
0.244740
0.473054
0.625116
0.803161
0.615655
0.330678
0.305167
0.381632
0.379073
0.394417
0.601453
0.894385
0.957065
0.878395
0.811802
0.567232
0.197129
-0.047348
-0.194176
-0.356540
-0.528474
-0.515281
-0.607830
-0.698104
-0.779412
-0.883604
-1.028489
-1.212167
-1.122653
-1.059124
-0.870975
-0.696024
-0.216437
-0.145566
0.147643
0.326456
0.532608
0.529677
0.710542
0.654359
0.655697
0.710531
0.858056
0.711139
0.676144
0.485299
0.426143
0.091262
0.150954
0.009924
-0.100632
-0.519058
-0.746097
-0.967883
-0.983271
-0.962306
-0.920228
-0.739302
-0.571545
-0.506395
-0.244288
0.030381
0.167146
0.282924
0.431779
0.495094
0.589421
0.807505
0.968898
1.196030
1.178316
0.906849
0.815176
0.517955
0.135267
0.046060
0.137339
-0.064617
-0.046862
-0.010493
-0.062596
-0.256381
-0.244884
-0.410222
-0.561556
-0.957396
-1.097649
-1.333528
-1.457062
-1.380860
-1.133961
-0.817012
-0.646603
-0.407890
-0.461948
-0.024532
0.313745
0.815643
1.230231
1.683682
1.765708
1.548916
1.303627
1.020901
0.782772
0.182105
0.174154
0.146317
0.148248
0.166988
0.414411
0.189551
-0.051715
-0.521388
-0.632575
-0.817106
-0.829975
-0.810542
-0.499932
-0.363644
-0.170941
-0.044040
0.017922
0.232634
0.101504
0.198019
0.468612
0.809008
1.009606
1.093801
1.268324
1.167981
1.093976
0.661978
0.472074
0.186883
0.036669
-0.234965
-0.370289
-0.338598
-0.471802
-0.589215
-0.733849
-0.662153
-0.737609
-0.957187
-1.115466
-1.137222
-1.041194
-0.912389
-0.573259
-0.349284
-0.135908
0.123484
0.524612
0.769953
1.071141
1.397685
1.498803
1.361076
1.211782
1.096828
0.906547
0.669950
0.604797
0.429753
0.285753
-0.166254
-0.528832
-0.787398
-0.813061
-0.891846
-0.649091
-0.292275
-0.385916
-0.410669
-0.450975
-0.716765
-1.086195
-1.005801
-1.042780
-0.930273
-0.623267
-0.227539
-0.004652
0.363624
0.591361
0.869009
0.943261
0.915092
0.844528
0.671651
0.539906
0.494359
0.557189
0.593861
0.670737
0.640318
0.639737
0.597551
0.474226
0.347436
0.162945
-0.191964
-0.356212
-0.588932
-0.748838
-0.957583
-0.969861
-1.072004
-1.077180
-1.039119
-0.867960
-0.657965
-0.523600
-0.347841
-0.129600
0.036421
0.137205
0.315070
0.372039
0.377286
0.464457
0.571393
0.632407
0.703897
0.800043
0.837178
0.803698
0.780224
0.834266
0.833560
0.813731
0.511338
0.529712
0.157150
-0.212597
-0.551125
-0.649735
-1.086656
-1.119077
-1.128435
-1.123166
-1.045901
-0.924774
-0.834341
-0.678151
-0.542064
-0.442368
-0.196157
-0.080426
0.080564
0.239962
0.314617
0.189552
0.345614
0.468151
0.491920
0.727700
0.737360
0.636020
0.504831
0.514657
0.477761
0.543518
0.480401
0.373105
0.208747
0.136999
0.011105
-0.073610
-0.251978
-0.369305
-0.725946
-0.990445
-1.383856
-1.505184
-1.494942
-1.331578
-1.091520
-0.599285
-0.324666
0.168351
0.367119
0.575130
0.805565
0.940645
0.971391
1.146528
1.143782
1.012062
1.011761
0.839915
0.702795
0.793158
0.636424
0.446535
0.211404
-0.097803
-0.430224
-0.586981
-0.627260
-0.690091
-0.939618
-1.160339
-1.257327
-1.147315
-1.209196
-0.931637
-0.561648
-0.161432
-0.087576
0.111951
0.433087
0.579297
0.720985
0.954061
1.028411
0.911573
0.884988
0.819317
0.666717
0.689283
0.649670
0.351564
0.119862
-0.101213
-0.461641
-0.583919
-0.552423
-0.438013
-0.508137
-0.425064
-0.531304
-0.612829
-0.815280
-0.835148
-0.787558
-0.661099
-0.449756
-0.203424
0.042010
0.179241
0.265993
0.273499
0.356820
0.426520
0.564303
0.673198
0.835475
0.813587
0.809944
0.749687
0.667263
0.579173
0.520205
0.377816
0.227477
0.053829
-0.084245
-0.397143
-0.625499
-0.816781
-0.887408
-0.992207
-0.939124
-0.786853
-0.769360
-0.753039
-0.583867
-0.463305
-0.427361
-0.199404
0.075058
0.201484
0.365068
0.621494
0.699572
0.774757
0.777187
0.823546
0.759759
0.708729
0.565306
0.364791
0.164453
0.007192
-0.205799
-0.254982
-0.501998
-0.811248
-1.139760
-1.384822
-1.530349
-1.322096
-0.794972
-0.344876
0.228706
0.537597
0.752979
0.752772
0.844934
0.948542
1.061381
1.201381
1.039158
0.915180
0.615244
0.344020
0.103971
0.072824
-0.023876
0.010898
-0.103590
-0.140746
-0.199400
-0.201808
-0.264549
-0.428854
-0.901416
-1.207054
-1.298250
-1.320021
-1.522421
-0.912116
-0.658038
-0.112299
0.174190
1.041479
1.236087
1.514454
1.322390
0.974563
0.809631
0.703521
0.610820
0.356396
0.448276
0.371587
0.184163
0.096194
-0.112154
-0.291287
-0.522871
-0.642498
-0.746863
-0.622438
-0.629471
-0.789097
-0.991085
-0.942018
-0.922648
-0.769398
-0.503930
-0.187161
0.087263
0.400522
0.753799
1.055776
1.164129
1.199254
1.074613
0.885375
0.573421
0.453928
0.397957
0.297499
0.071080
-0.207408
-0.471471
-0.946475
-1.447750
-1.838455
-1.984105
-1.093687
-0.848983
-0.450917
-0.064181
0.279486
-0.391932
-0.370093
0.433403
1.249098
1.307735
1.311761
1.337873
0.628307
-0.041892
-0.010150
0.019860
-0.043911
0.238940
0.172585
0.055103
-0.047842
-0.057328
-0.472741
-0.558644
-0.585739
-0.640736
-0.709540
-0.776459
-0.794017
-0.435171
-0.382140
-0.011765
0.381354
0.447904
0.426625
0.430540
0.421014
0.127573
0.106431
0.083547
0.077310
0.051571
0.048191
0.288361
0.245500
0.228016
0.187384
0.164325
0.169601
-0.090016
-0.084553
-0.129697
0.073842
0.035822
0.250202
0.486690
0.513565
0.506596
0.518657
0.238874
0.181666
-0.088687
-0.332305
-0.590922
-0.249517
-0.128254
-0.121428
-0.123705
-0.144446
-0.478725
-0.814601
-0.830586
-0.843826
-0.831164
-0.795678
-0.493172
-0.505338
-0.150370
0.140993
0.438164
0.424675
0.742383
0.728624
0.719875
0.697369
0.693734
0.677017
0.605065
0.437032
0.179858
-0.065588
-0.317908
-0.544985
-0.671371
-0.690561
-0.646023
-0.589214
-0.369060
-0.127585
0.085094
0.213125
0.430750
0.434984
0.429511
0.477987
0.514670
0.480903
0.610587
0.668919
0.697763
0.753196
0.777664
0.699908
0.616324
0.543587
0.290615
-0.011195
-0.370929
-0.660737
-0.955130
-1.128274
-1.066596
-1.021603
-0.879075
-0.756870
-0.644068
-0.650719
-0.627674
-0.728618
-0.657178
-0.457346
-0.162911
0.187381
0.493681
0.574606
0.646096
0.383424
0.246613
0.201869
0.281209
0.293907
0.507022
0.620169
0.690506
0.617690
0.701291
0.780409
0.699787
0.584878
0.519911
0.272406
-0.074116
-0.314643
-0.576255
-0.796243
-0.966339
-1.033260
-1.055345
-0.990989
-0.941320
-0.755635
-0.644576
-0.396534
-0.194282
0.064515
0.210738
0.499800
0.548088
0.662382
0.796677
0.882245
0.954874
1.082742
1.158415
0.920579
0.641793
0.258268
-0.078852
-0.300718
-0.253206
-0.209577
-0.224504
-0.203968
-0.288744
-0.365896
-0.365474
-0.365053
-0.424692
-0.433660
-0.556427
-0.607002
-0.569112
-0.453227
-0.318005
-0.105681
0.106212
0.317017
0.448384
0.548718
0.649459
0.670871
0.699456
0.758065
0.834821
0.854219
0.855729
0.851010
0.344260
0.301385
-0.157792
-0.646558
-1.074212
-1.016655
-0.948696
-0.874963
-0.812935
-0.743764
-0.162431
-0.070641
0.019279
0.163391
0.314466
-0.125504
-0.444940
-0.303439
-0.218520
-0.155241
-0.001624
0.103146
0.161231
0.276698
0.354774
0.401310
0.272224
0.209307
0.191023
0.174034
0.015056
-0.138217
-0.379941
-0.704636
-1.111387
-1.420652
-1.503850
-1.475516
-1.259841
-0.932549
-0.643381
-0.413455
-0.087762
0.168652
0.255869
0.530987
0.687653
0.687116
0.656150
0.810842
0.774440
0.854909
1.028455
1.115390
0.877156
0.631631
0.386607
-0.030058
-0.357085
-0.402052
-0.435566
-0.504768
-0.629363
-0.751118
-0.830791
-0.821791
-0.844526
-0.561399
-0.405780
-0.200250
0.005012
0.236574
0.234036
0.370296
0.453924
0.535259
0.580434
0.715048
0.771501
0.899197
0.908682
0.985568
0.861642
0.786537
0.538279
0.333714
-0.020626
-0.198054
-0.516608
-0.728221
-0.847710
-0.860620
-0.818067
-0.556746
-0.524258
-0.555032
-0.513689
-0.592981
-0.809811
-1.051620
-0.774197
-0.493417
-0.340229
-0.089159
0.395316
0.510696
0.403651
0.557383
0.798181
0.828870
0.730765
0.780770
0.657648
0.253566
0.046927
0.023346
-0.098091
-0.048643
-0.019081
-0.018914
-0.168671
-0.356087
-0.432869
-0.531720
-0.604954
-0.759864
-0.788891
-0.988792
-1.100169
-1.108027
-0.958849
-0.810492
-0.539597
-0.067157
0.291399
0.493986
0.860568
1.095762
1.091747
1.122587
1.149656
0.975047
0.717127
0.504768
0.378905
0.334566
0.202502
0.091725
-0.079882
-0.353328
-0.542387
-0.517251
-0.536644
-0.430477
-0.433271
-0.520785
-0.822969
-0.957478
-0.996791
-0.972595
-0.885523
-0.703260
-0.606427
-0.470668
-0.349203
-0.247885
-0.200386
-0.103005
0.082454
0.208297
0.366759
0.556963
0.752182
0.708910
0.693879
0.806076
0.895848
0.876430
0.856037
0.869982
0.639267
0.404229
0.202658
-0.098869
-0.485301
-0.855660
-1.071551
-1.201852
-1.264101
-1.171180
-1.047525
-0.984109
-0.776333
-0.485478
-0.140586
0.104001
0.450560
0.602783
0.683573
0.637540
0.711581
0.632877
0.578307
0.552037
0.573316
0.556749
0.491312
0.438782
0.437530
0.364429
0.246428
0.145269
0.010807
-0.136771
-0.335979
-0.512280
-0.666641
-0.709697
-0.846752
-0.901662
-0.915489
-0.911402
-0.991379
-0.789997
-0.698166
-0.337705
0.087051
0.465533
0.566129
0.782705
0.820066
0.753998
0.723977
0.708709
0.790747
0.699073
0.691766
0.640893
0.626121
0.559394
0.610906
0.475724
0.398922
0.289727
0.176029
-0.013176
-0.144142
-0.242250
-0.401462
-0.604882
-0.782700
-0.831039
-0.891230
-0.906769
-0.847627
-0.776477
-0.726019
-0.725655
-0.621437
-0.528725
-0.531462
-0.434683
-0.264026
-0.172304
-0.213840
-0.164361
-0.198684
-0.326237
-0.275795
-0.177495
-0.161772
-0.229584
0.414905
0.191896
0.653752
1.165183
1.047752
0.944517
0.904303
0.279761
0.148310
0.704553
-0.024962
-0.089717
0.306846
-0.325076
-0.321101
0.274873
0.366803
-0.011567
0.192409
-0.267237
-0.657566
-0.567304
-0.042020
0.507887
0.589197
0.666489
0.728519
0.306937
-0.205758
-0.260920
-0.315533
-0.345212
-0.425925
-0.441986
-0.390758
-0.431100
-0.512721
-0.591137
-0.712252
-0.840371
-0.834124
-0.170588
-0.115161
-0.029697
0.108651
0.143952
-0.466397
-0.411474
-0.346243
-0.337873
0.111373
0.552859
0.978584
1.372154
1.347126
0.857545
0.370602
-0.103857
-0.120025
-0.194942
-0.221855
-0.212964
-0.262281
-0.751664
-0.827542
-0.929581
-0.590376
-0.201882
-0.184644
-0.094437
0.503817
0.196122
-0.112226
0.005621
0.559332
0.630760
0.767943
0.862275
0.864449
0.929514
0.457424
0.390384
0.905777
0.923257
0.294676
0.173774
-0.000691
-0.702534
-0.815299
-0.920099
-0.993778
-1.054032
-1.092924
-1.168495
-1.097411
-0.998384
-0.946668
-0.823210
-0.559959
-0.305918
-0.218981
0.081637
0.273650
0.352788
0.405263
0.583806
0.556406
0.540387
0.478426
0.459349
0.465160
0.555232
0.648996
0.612075
0.457040
0.242599
-0.064085
-0.363306
-0.551760
-0.603265
-0.672698
-0.824146
-0.907499
-0.957124
-1.093858
-1.239029
-0.897921
-0.583387
-0.337518
-0.029252
0.384994
0.516915
0.536804
0.641211
0.707109
0.769513
0.731712
0.696888
0.621479
0.587529
0.551760
0.563405
0.486310
0.383320
0.282361
0.190882
0.073892
0.172702
0.358171
0.313625
0.277676
0.148081
-0.095013
-0.422630
-0.592677
-0.888621
-1.111473
-1.366255
-1.447540
-1.507784
-1.562795
-1.498420
-1.309792
-1.129131
-0.925818
-0.617907
-0.226070
0.257645
0.467318
0.705030
0.841460
0.773973
0.615839
0.587196
0.542436
0.487823
0.541729
0.592663
0.532177
0.444454
0.428697
0.376965
0.254771
0.340800
0.204765
0.017141
-0.038318
-0.163134
-0.460584
-0.615344
-0.649856
-0.670490
-0.838276
-0.935955
-1.058398
-1.240064
-1.425462
-1.425957
-1.097921
-0.694682
-0.364759
-0.237047
0.118782
0.253442
0.412770
0.574708
0.840545
0.892891
0.945216
0.930901
0.893192
0.768272
0.671947
0.461725
0.376490
0.293633
0.342249
0.276304
0.177037
-0.014377
-0.235736
-0.483907
-0.895412
-1.020690
-1.053780
-0.884909
-1.075950
-0.837208
-0.617080
-0.550175
-0.650012
-0.466041
-0.420784
-0.462419
-0.244551
0.217243
0.607275
0.936722
1.068833
1.144886
0.987712
0.840041
0.672476
0.558002
0.406438
0.393817
0.450134
0.622839
0.781219
0.903507
0.836640
0.702483
0.477309
0.280798
-0.007994
-0.236914
-0.327864
-0.473967
-0.682639
-0.868860
-0.903448
-1.018024
-1.151689
-1.035339
-0.829079
-0.693474
-0.394349
-0.023271
0.264270
0.486072
0.691436
0.755991
0.809107
0.750865
0.761115
0.759439
0.712499
0.729698
0.762653
0.670006
0.594586
0.496914
0.291742
0.157905
0.187334
0.182041
0.122798
-0.053164
-0.110528
-0.526270
-1.049094
-1.423540
-1.358938
-1.623489
-1.344370
-1.108847
-0.714176
-0.540360
-0.294418
-0.192925
0.112941
0.179755
0.299586
0.515951
0.488426
0.492131
0.445921
0.471855
0.333199
0.314916
0.238898
0.267334
0.184056
0.988457
0.825971
0.606393
0.259341
-0.103919
-1.310177
-1.526276
-1.674240
-1.686215
-1.679229
-0.944227
-0.778246
-0.546641
-0.368626
-0.204186
-0.131529
0.025131
0.434645
0.544563
0.926490
0.780405
0.776104
0.725066
0.708291
0.708406
0.379324
0.402587
0.110948
0.116595
0.148041
0.064950
-0.051398
-0.110879
-0.217424
-0.752891
-0.855267
-0.393897
-0.615277
-0.790793
-0.810715
-0.886284
-1.382895
-1.234568
-0.323881
0.429632
0.713912
0.798625
0.948642
0.377227
-0.092912
-0.078047
-0.023451
-0.051484
0.320131
0.260764
0.279712
0.325428
0.337559
-0.031077
-0.053660
-0.167235
-0.244180
-0.278828
-0.404218
-0.522551
-0.087806
-0.250485
0.083965
0.390302
0.351591
-0.164749
-0.064644
-0.094574
-0.448639
-0.392352
0.035682
0.036501
0.071578
0.085029
0.517843
0.544344
0.586685
0.582882
0.633046
0.332761
0.007165
0.007509
-0.284807
-0.310389
-0.037601
-0.087650
-0.191984
-0.348481
-0.373198
-0.353356
-0.356422
0.094031
0.126483
0.153067
-0.220969
-0.200986
-0.182703
-0.125349
-0.183616
-0.250175
-0.282700
-0.181185
-0.191454
-0.152117
-0.060802
0.005173
0.016465
0.078799
0.161600
0.179766
0.536791
0.458815
0.403273
0.733577
0.756463
0.427365
0.050484
0.052545
0.073274
0.003935
-0.117858
-0.215820
-0.287251
-0.744199
-0.895375
-0.987920
-1.099978
-1.107516
-1.186583
-1.097281
-0.443529
-0.273541
0.401349
0.499498
1.156253
1.281693
1.341970
0.904675
1.042969
1.102439
0.537891
0.550564
0.368261
0.295518
-0.282110
-0.373844
-0.439084
-0.401546
-0.495846
-0.535809
-0.587985
-0.619855
-0.784377
-0.891469
-1.046477
-1.326096
-1.580188
-1.478570
-0.325291
0.715000
1.065052
1.382508
1.556096
0.820695
0.041766
0.170772
0.437663
0.523616
0.438928
0.380725
0.379906
0.218965
0.117492
-0.099541
-0.046004
-0.192448
-0.278738
-0.346465
-0.444496
-0.658405
-0.581508
-0.906679
0.504431
0.596999
0.407024
-0.053305
0.022617
-1.447136
-1.455878
-1.293473
-0.635223
-0.416117
-0.201841
0.069711
0.366958
0.313659
0.635115
0.693586
0.687091
0.528828
0.528226
0.391149
0.318583
0.332893
0.404113
0.482119
0.427675
0.410412
0.476709
0.699352
0.601156
0.492305
0.157096
-0.207268
-0.727534
-1.079126
-1.267566
-1.302219
-1.335440
-1.255088
-1.212236
-1.003989
-0.608903
-0.286630
-0.034716
0.259264
0.421272
0.511368
0.565998
0.632187
0.799092
0.857757
0.818935
0.708959
0.701670
0.556768
0.477961
0.468295
0.542303
0.553402
0.427670
0.172215
-0.103426
-0.350372
-0.649494
-0.860844
-0.843031
-0.809321
-0.874546
-0.812425
-0.715396
-0.757010
-0.749074
-0.596198
-0.302237
0.028843
0.380452
0.570532
0.795289
0.818823
0.683280
0.590284
0.631478
0.564589
0.391333
0.304746
0.309772
0.293922
0.119362
0.066356
-0.063898
-0.500891
-0.809161
-0.842749
-0.922468
-0.743831
-0.355219
-0.116202
-0.203755
-0.154632
-0.466523
-0.741121
-0.866124
-0.457276
-0.266488
0.216586
0.509223
0.643207
0.499189
0.601011
0.586937
0.766067
0.925800
1.006432
0.777763
0.777123
0.474177
0.215854
0.095105
-0.119756
-0.353179
-0.340349
-0.432721
-0.642265
-0.283976
-0.367705
-0.443683
-0.384386
-0.559594
-0.984787
-1.098267
-1.259812
-1.273432
-1.031176
-0.695544
-0.410416
-0.124492
-0.042528
0.065739
0.235667
0.277499
0.317394
0.557420
0.901788
1.026326
1.141252
1.446083
1.558989
1.233576
0.751050
0.547464
0.171589
-0.305131
-0.475362
-0.669740
-0.826844
-1.012074
-1.274185
-1.436980
-1.437773
-1.671028
-1.542070
-1.190216
-0.827283
-0.234695
0.370608
0.413398
0.423544
0.391386
0.226216
0.441723
0.834193
1.144699
1.197497
1.242872
0.902794
0.523291
0.195793
0.135892
0.267210
0.292228
0.490367
0.342407
0.132104
-0.211949
-0.686841
-1.180154
-1.273540
-1.095618
-1.139375
-0.661042
-0.321733
-0.043473
0.251777
0.407049
0.550002
0.731272
1.020598
1.033197
1.014754
0.787659
0.544541
0.264927
-0.332741
-0.333708
-0.541145
-0.562897
-0.673909
-0.514290
-0.634657
-0.627585
-0.586026
-0.524075
-0.522175
-0.480289
-0.320683
-0.162036
0.013903
0.380085
0.767448
0.974070
0.961728
1.071178
1.036011
0.935233
0.996264
0.979002
0.700539
0.511948
0.280857
0.104432
0.076864
0.015214
-0.136129
-0.320774
-0.659324
-1.033137
-1.293553
-1.428383
-1.477787
-1.179495
-0.845016
-0.353842
0.063917
0.513436
0.844054
0.944736
1.101461
1.087778
1.024878
0.755239
0.741647
0.544962
0.588179
0.579587
0.656132
0.603630
0.525603
0.310109
0.167090
0.011428
-0.062288
-0.046302
-0.130249
-0.258309
-0.434114
-0.551816
-0.666261
-0.802344
-0.928984
-1.038900
-1.028197
-1.100013
-0.948709
-0.710281
-0.473703
-0.237932
0.016416
0.266194
0.459845
0.691307
0.784717
0.867165
0.896027
0.797587
0.723905
0.683574
0.638348
0.589537
0.506415
0.374807
0.172028
-0.141520
-0.421889
-0.626640
-0.797374
-0.981890
-1.015967
-1.070252
-1.047127
-0.906308
-0.756226
-0.543600
-0.308801
-0.077272
0.182046
0.374459
0.506151
0.627092
0.724028
0.723955
0.700859
0.674918
0.666737
0.470616
0.240690
0.261022
0.298866
0.177496
0.255475
0.025503
-0.389072
-0.792715
-1.146474
-1.380029
-1.336886
-1.172483
-1.037234
-0.805407
-0.518377
-0.208516
0.037401
0.245474
0.426954
0.693160
0.810159
0.741832
0.722758
0.802240
0.623883
0.549549
0.708018
0.763379
0.735758
0.488772
0.290753
0.112568
-0.167012
-0.336490
-0.410364
-0.700817
-1.169822
-1.326059
-1.556213
-1.718072
-1.427230
-1.005539
-0.704496
-0.438275
-0.172867
-0.198388
-0.285778
-0.196677
-0.085871
0.103994
0.412387
0.722963
0.965857
1.094834
1.191542
1.073341
0.922941
0.637358
0.486770
0.436698
0.505220
0.470658
0.480418
0.272331
-0.108685
-0.615142
-0.945157
-1.246484
-1.319488
-1.448466
-1.315366
-1.098574
-0.895218
-0.817220
-0.413267
-0.183675
0.105371
0.315018
0.640629
0.692175
0.770928
0.760942
0.749688
0.616550
0.581456
0.503081
0.411515
0.306792
0.319893
0.332491
0.445342
0.434179
0.266877
0.042917
-0.202313
-0.597569
-0.972531
-1.072102
-1.111361
-1.108535
-0.953468
-0.716029
-0.543730
-0.234588
-0.075896
0.179777
0.340301
0.619255
0.778188
1.036426
1.067349
1.160924
1.056962
0.858991
0.648526
0.552232
0.348018
0.145654
0.044370
-0.137588
-0.351004
-0.696826
-0.967380
-1.326935
-1.368997
-1.420586
-1.287462
-0.979420
-0.689625
-0.561992
-0.417426
-0.088124
0.082059
0.166367
0.336773
0.453260
0.975350
0.871978
0.873412
1.289432
1.168697
0.490445
0.396490
0.276644
-0.372342
-0.485496
-0.570762
-0.623235
-0.208240
-0.348273
-0.497777
-0.164520
-0.326507
-0.850969
-0.771350
-0.251451
-0.240349
-0.040649
0.463939
0.538100
0.290617
0.005649
0.041320
0.057136
0.068341
0.322180
0.300795
0.543692
0.440943
0.417127
0.373376
0.355633
0.081430
-0.239066
-0.267184
-0.561941
-0.630674
-0.431824
-0.468261
-0.245854
-0.019810
0.008834
0.048959
0.117327
0.169207
-0.009223
0.057127
0.135692
0.159167
-0.025719
-0.045195
0.226413
0.192768
0.122618
0.295051
0.234342
0.134907
-0.215565
-0.221232
-0.207971
-0.200824
-0.168123
-0.167301
0.130449
0.157290
0.171888
0.230880
0.308563
0.089878
-0.152915
-0.099738
-0.357203
-0.360428
-0.058345
-0.069892
0.206804
0.504130
0.506073
0.209359
0.194526
0.286727
-0.047959
-0.098848
-0.188437
-0.279120
-0.255135
-0.396957
0.008528
0.422074
0.371815
-0.132533
-0.076513
-0.455208
-0.790308
-0.649187
-0.504874
-0.401288
0.023426
0.095655
0.185330
0.226909
0.306539
-0.056931
-0.070801
0.349080
0.296161
0.267491
0.325886
0.323247
0.390524
0.206688
0.025644
-0.404167
-0.832496
-0.579782
-0.764813
-0.886472
-0.875224
-0.854073
-0.690350
-0.602528
-0.364907
-0.062667
0.418142
-0.417717
0.090525
0.192998
0.382075
0.513049
0.519349
0.415037
0.435536
0.379742
0.262295
0.220703
0.176133
0.197818
0.313018
0.299753
0.144689
-0.131575
-0.430146
-0.877255
-1.200066
-1.315886
-1.323835
-1.237526
-1.072073
-0.925095
-0.773855
-0.464377
-0.251086
0.089001
0.366776
0.634671
0.678010
0.738310
0.735053
0.738217
0.734441
0.807525
0.829192
0.679954
0.545326
0.412255
0.131510
-0.103191
-0.139400
-0.386827
-0.635718
-0.727480
-0.858993
-1.151368
-1.154860
-0.989781
-0.900146
-0.689457
-0.401303
-0.141462
0.070718
0.324390
0.589268
0.726027
0.824034
0.799338
0.855675
0.860382
0.896685
0.914800
0.911335
0.838831
0.613676
0.385918
0.254813
-0.004708
-0.202287
-0.297333
-0.411941
-0.708565
-0.951375
-1.020083
-1.101124
-1.075128
-0.856641
-0.481804
-0.291213
-0.159456
0.097037
0.299223
0.396379
0.532300
0.594002
0.490936
0.462480
0.499994
0.417516
0.548058
0.638460
0.511593
0.162667
-0.170937
-0.608498
-0.969372
-1.285552
-1.066809
-0.915866
-0.583667
-0.210130
0.211925
0.460621
0.631179
0.873361
1.056637
1.209053
1.073185
1.090085
0.908029
0.631192
0.464753
0.462477
-0.129468
-0.670376
-1.074161
-1.298514
-1.476353
-1.182866
-0.943482
-0.730607
-0.729717
-0.662530
-0.410385
0.106227
0.298911
0.537108
0.696338
0.718452
0.504022
0.550101
0.730906
0.684606
0.730442
0.606425
0.562059
0.330023
0.139242
0.014529
-0.159126
-0.325546
-0.370734
-0.862149
-1.299087
-1.516489
-1.594068
-1.952326
-1.700460
-1.327053
-0.877750
-0.598846
-0.142430
0.416930
0.769715
0.954681
1.173245
1.277429
1.042037
0.821272
0.692425
0.442870
0.276538
0.253981
0.176976
0.119967
0.153471
0.143965
0.102831
-0.122160
-0.387499
-0.929901
-1.429154
-1.697089
-1.643842
-1.521288
-1.150341
-0.504277
0.029011
0.333984
0.654249
0.996572
1.184247
1.270336
1.458652
1.443277
1.226855
0.813690
0.475297
0.192216
0.028424
-0.022746
-0.077795
-0.112915
-0.236402
-0.397286
-0.446843
-0.473088
-0.609308
-0.868212
-1.015147
-1.196900
-1.309450
-1.347198
-0.923447
-0.609635
-0.231975
0.048730
0.321237
0.387913
0.405738
0.443165
0.633267
0.864579
0.964561
1.050346
0.888855
0.873320
0.729224
0.533177
0.439443
0.379832
0.109744
-0.066486
-0.166057
-0.381855
-0.451647
-0.597429
-0.725470
-0.864972
-0.946770
-1.073979
-1.103831
-0.995747
-0.863815
-0.594885
-0.264873
0.112242
0.352277
0.483402
0.497053
0.608867
0.696191
0.622600
0.678296
0.778335
0.836785
0.843623
0.880324
0.798819
0.708458
0.505370
0.198953
-0.024154
-0.120208
-0.356801
-0.627282
-0.782862
-1.022082
-1.334027
-1.500890
-1.463925
-1.404249
-1.176599
-0.807731
-0.538618
-0.258523
-0.024441
0.146591
0.267535
0.443759
0.589643
0.663301
0.757483
0.803526
0.913179
0.893246
0.868004
0.763984
0.579557
0.361218
0.249650
0.053620
0.009325
-0.049458
-0.205044
-0.469947
-0.585653
-0.799345
-1.004663
-0.984362
-1.002645
-0.990839
-0.840569
-0.556391
-0.289854
-0.029025
0.336445
0.615703
0.767921
0.795222
0.896154
0.846316
0.720287
0.645140
0.557963
0.560268
0.480842
0.344377
0.191441
0.061655
-0.234968
-0.542464
-0.813213
-0.843686
-1.128851
-1.402315
-1.438717
-1.418336
-1.392194
-1.020574
-0.662637
-0.396176
-0.010235
0.322794
0.439417
0.695055
0.814858
0.769920
0.655442
2.080086
1.932766
1.937305
1.920515
1.794875
0.283392
0.025265
-0.160357
-0.363381
-0.631878
-0.933840
-1.060601
-1.281544
-1.237678
-1.184993
-1.182737
-1.080572
-0.807472
-0.616120
-0.314801
-0.013346
0.217476
0.308212
0.303258
0.280095
0.441986
0.593186
0.691379
0.768063
0.767617
0.541477
0.382199
0.203148
-0.025880
-0.193062
-0.257002
-0.399942
-0.495699
-0.537087
-0.596964
-0.686048
-0.749776
-0.440896
-0.524000
-0.567008
-0.594449
-0.600760
-0.942678
-0.525594
-0.159363
0.262242
0.665735
1.018455
1.026233
1.047619
0.968389
0.880059
0.784287
0.665906
0.568636
0.528171
0.203591
0.182444
-0.134465
-0.450131
-0.459674
-0.446279
-0.438596
-0.144560
0.100135
0.047538
0.021095
-0.011983
-0.032623
0.018955
0.056239
0.357903
0.410214
0.177239
0.261495
0.012572
-0.201659
-0.427121
-0.107131
-0.131366
-0.068824
0.216192
0.207346
-0.074436
-0.024421
-0.050204
-0.021403
0.274606
0.312290
0.031180
0.055503
-0.217966
-0.200906
0.081246
0.061419
0.066471
0.341512
0.021790
0.009810
-0.013723
-0.071583
-0.407916
-0.403516
-0.686180
-0.653968
-0.593378
-0.497970
-0.440278
-0.132593
-0.112295
-0.114304
-0.148006
0.098863
0.088745
0.071558
0.325105
0.321805
0.319617
0.299265
0.558142
0.570371
0.537746
0.494608
0.199216
0.143422
0.090984
0.034481
-0.004076
0.174857
0.112209
-0.201352
-0.221360
-0.511289
-0.746974
-0.984927
-0.686378
-0.379924
-0.066033
0.020783
0.371320
0.130789
0.152499
0.154854
0.381197
0.377927
0.403371
0.163937
-0.069218
-0.035777
-0.033911
0.220602
0.190278
0.167885
0.130437
0.074546
0.023796
0.290657
0.256490
-0.038543
-0.311514
-0.259180
-0.224273
-0.198627
-0.172789
-0.124042
-0.079653
-0.321597
-0.251416
0.174431
0.223115
0.345056
0.404055
0.447283
0.172850
0.207786
-0.184953
-0.256078
0.185356
0.167544
0.204162
0.250359
0.285996
-0.179746
-0.268375
-0.391882
-0.457971
-0.555762
-0.639464
-0.688119
-0.718797
-0.812656
-0.885908
-0.942563
-0.914911
-0.891764
-0.754002
-0.628274
-0.530419
-0.109673
0.312641
0.283052
0.694387
0.751731
0.420784
0.448947
0.491151
0.509762
0.863682
1.208000
1.191534
1.182020
1.087693
0.634563
0.606249
0.122982
-0.007602
-0.454245
-0.565566
-1.060132
-1.081645
-1.242953
-1.388856
-1.407009
-1.520991
-1.405005
-1.126283
-0.756063
-0.469088
-0.059386
0.087141
0.248510
0.383176
0.515862
0.606961
0.712019
0.784999
0.822873
0.791618
0.743444
0.671114
0.439520
0.128932
-0.132597
-0.301035
-0.545940
-0.601808
-0.615236
-0.600571
-0.791705
-0.941152
-0.919867
-0.975613
-0.962137
-0.751093
-0.476900
-0.325441
-0.024133
0.209062
0.438353
0.614179
0.795127
0.739088
0.713607
0.585238
0.500160
0.481588
0.523151
0.671917
0.703511
0.766947
0.600364
0.578645
0.383689
0.290790
0.006030
-0.148080
-0.361552
-0.652124
-0.889713
-0.940663
-1.104500
-1.247756
-1.209586
-1.224958
-1.144842
-0.925980
-0.636423
-0.505314
-0.052060
0.277540
0.467731
0.611120
0.846472
0.796246
0.850023
0.779148
0.814383
0.793448
0.689517
0.523514
0.495961
0.375988
0.203780
0.111818
0.020641
0.006998
-0.087945
-0.097229
-0.036418
-0.216465
-0.475081
-0.717301
-1.012742
-1.473098
-1.655654
-1.567718
-1.491915
-1.272039
-0.747460
-0.249934
-0.062321
0.338610
0.690786
0.824853
0.919324
1.136860
1.071304
0.953438
0.813574
0.634966
0.501666
0.449824
0.338627
0.242348
0.271986
0.207308
0.087712
-0.102039
-0.237148
-0.411218
-0.703490
-0.894905
-1.016231
-1.202691
-1.364679
-1.260318
-1.187724
-1.017147
-0.730081
-0.379340
-0.129634
0.236216
0.521206
0.732501
0.860310
0.906412
0.801043
0.846190
0.777939
0.659553
0.543185
0.472807
0.330485
0.192087
0.053459
-0.059782
-0.178866
-0.299265
-0.256885
-0.391637
-0.596292
-0.757205
-0.943078
-1.187093
-1.194727
-1.121248
-0.386219
0.255189
0.443129
0.567097
0.675590
0.114741
-0.289846
-0.263027
0.129100
0.125693
0.506247
0.413973
0.325732
-0.104334
-0.105942
-0.512763
-0.503590
-0.507020
-0.228323
0.029573
0.275421
0.531701
0.799013
0.429562
0.398885
0.391627
0.365422
0.350790
0.336376
-0.005708
-0.330666
-0.655315
-0.650277
-0.616774
-0.274261
-0.262491
-0.260075
-0.270280
-0.283405
-0.301804
-0.029767
0.256092
0.243748
0.553910
0.576312
0.223838
0.262217
0.263786
0.263786
0.245641
0.568230
0.505940
0.358058
0.182242
-0.016901
-0.229202
-0.385994
-1.167213
-1.180359
-1.091694
-0.892517
-0.722726
0.184639
0.291471
0.420902
0.546632
0.637045
0.641075
0.739310
0.795248
0.851052
0.855172
0.982077
1.043807
0.895611
0.826444
0.676845
0.496453
0.280859
0.211878
-0.059706
-0.336183
-0.519254
-0.705448
-0.804695
-0.829103
-0.815811
-0.930753
-0.914994
-0.882707
-0.760390
-0.568816
-0.291063
-0.045803
0.251267
0.283604
0.551432
0.751837
0.803142
0.845393
0.887874
0.783984
0.625564
0.501409
0.282085
0.202639
0.274430
0.309797
0.445584
0.542634
0.542816
0.307886
0.000266
-0.296904
-0.535555
-0.647480
-0.773531
-0.815878
-0.931571
-1.045461
-1.141015
-1.152190
-1.067823
-0.654959
-0.134383
0.248514
0.433340
0.632404
0.308946
0.065071
0.048002
0.104466
0.168264
0.439554
0.497584
0.476544
0.511075
0.211629
0.102924
-0.058739
-0.119073
-0.237692
-0.071644
-0.167264
-0.360147
-0.606002
-0.815146
-0.988480
-0.945523
-0.829726
-0.469860
-0.071461
0.008144
0.324093
0.405928
0.481830
0.605342
1.029392
0.989609
1.337626
1.256286
1.076033
0.906724
0.837440
0.637459
0.539987
0.089853
-0.021738
-0.453059
-0.907205
-1.094906
-0.836214
-0.958959
-0.754289
-0.500396
-0.461672
-0.813600
-0.735160
-0.646066
-0.437114
-0.505156
-0.217546
-0.007269
-0.083973
0.016389
0.134747
0.656737
0.826877
0.971925
1.005198
0.985920
0.706656
0.225641
0.074196
0.088860
0.023133
0.121082
0.109705
0.360234
0.241649
0.095879
-0.095739
-0.235780
-0.326541
-0.840027
-0.907485
-0.852690
-0.901114
-1.270732
-1.096653
-0.530004
-0.372540
-0.131194
0.062761
0.237281
0.321661
0.083454
0.180864
0.290114
0.355187
0.113835
0.232735
0.546272
0.882063
0.806232
0.700191
0.543391
0.417569
-0.040757
-0.127577
-0.293182
-0.381089
-0.395486
-0.412170
-0.437994
-0.418365
-0.477393
-0.393844
-0.315877
-0.191589
-0.089169
0.055607
-0.217283
-0.097671
0.055826
0.243186
0.410116
0.546211
0.645771
0.684200
0.655391
0.631211
0.630545
0.542817
0.281594
0.075088
-0.136770
-0.432538
-0.622859
-0.655097
-0.739392
-0.825556
-0.918632
-0.966959
-1.072141
-1.089976
-0.951931
-0.571598
-0.282030
0.118033
0.461348
0.693978
0.674690
0.680088
0.636899
0.688959
0.723476
0.779683
0.820139
0.830089
0.782136
0.613565
0.375507
0.183941
0.009191
-0.098395
-0.096854
-0.096570
-0.190217
-0.320614
-0.468258
-0.663288
-0.750107
-0.790310
-0.702376
-0.632539
-0.480615
-0.385046
-0.249378
-0.060713
0.084020
0.240418
0.426442
0.664864
0.855764
1.065345
1.116785
1.145207
0.272841
0.172346
0.004777
-0.057826
-0.012741
0.058933
-0.060519
-0.104805
-0.134558
-0.250430
0.368760
0.288832
0.224067
0.188586
0.147036
0.208123
-0.101748
-0.433902
-0.396026
-0.708096
-0.669364
-0.575688
-0.179504
-0.157463
0.226641
0.220284
0.613636
0.664471
0.411944
0.169635
0.209374
-0.143644
-0.150258
-0.148088
0.105707
0.058061
0.067305
0.047003
0.007372
-0.009122
-0.326805
-0.369940
-0.398066
-0.404932
-0.384420
-0.351724
-0.019503
0.005653
0.057828
0.088923
0.160581
0.215390
0.037785
0.083802
0.129235
0.128686
-0.143895
-0.190799
0.039863
0.005494
-0.004176
0.229273
0.235932
0.262872
0.006950
0.020099
0.082029
0.070005
0.039877
0.006128
0.230631
0.176449
0.129776
0.114644
0.059129
-0.214188
-0.491898
-0.487776
-0.711152
-0.641496
-0.330974
-0.280488
0.049926
0.323729
0.333439
0.087770
0.080865
0.114554
-0.133206
-0.101773
0.180695
0.209406
0.194079
0.192793
0.452749
0.460376
0.399343
0.439282
0.437523
0.134235
-0.179638
-0.180963
-0.529709
-0.672174
-0.723778
-0.807516
-0.857049
-0.535545
-0.440778
-0.314273
-0.172213
0.305245
0.077414
0.170299
0.249014
0.282707
0.321503
0.269255
0.627618
0.916073
0.861250
0.409626
0.341687
-0.130360
-0.618846
-0.718683
-0.277914
-0.336021
-0.383341
-0.598337
0.225698
0.506668
0.359527
0.267706
0.389728
0.595460
-0.091768
0.215364
0.438062
0.649811
-0.251527
-0.184606
-0.163803
-0.107482
-0.090685
0.005652
0.006573
0.034105
0.127676
0.283222
0.268140
0.216816
0.200927
-0.053457
-0.370912
-0.610241
-0.754384
-0.998612
-1.200513
0.331536
-0.083726
-0.566537
-0.937358
-1.168956
-2.834823
-2.635503
-0.393349
1.650508
2.045432
2.325038
2.663617
1.062566
-0.358935
-0.203692
-0.058472
0.043534
0.131819
0.136960
0.114514
-0.065979
-0.115566
0.931688
0.960899
1.100831
1.261702
1.331020
0.325775
0.219686
0.227400
-0.133335
-0.598388
-1.107869
-1.238612
-1.930890
-2.096233
-2.036565
-1.883503
-1.975418
-1.593279
-1.328020
-0.942521
-0.618553
-0.120491
0.281444
0.607960
0.703944
0.764046
0.645929
0.532461
0.495287
0.438592
0.288162
0.159993
0.089303
-0.037081
-0.091148
-0.096312
-0.065693
-0.219444
-0.454932
-0.652455
-0.773688
-1.011512
-1.150399
-1.196617
-1.248270
-0.672029
-0.039382
0.102020
0.240702
0.387721
0.401013
-0.040077
0.044497
0.135557
0.178605
0.138518
0.138075
0.544540
0.928958
0.872427
0.730114
0.700302
0.290217
-0.088969
-0.051257
0.065459
0.055362
0.441219
0.322770
0.151362
-0.456560
-0.636780
-1.249369
-1.360813
-0.812676
-0.698228
-0.545807
-0.298320
-0.093860
-0.467272
-0.373214
0.064829
0.471555
0.554653
0.611420
0.620812
0.276683
-0.080599
-0.094325
0.230820
0.198983
0.222268
0.159303
0.486803
0.475570
0.357405
0.592067
0.458280
-0.054629
-0.561459
-0.580416
-1.056942
-1.064303
-0.967917
-0.898668
-0.844619
-0.719954
-0.592458
-0.115183
-0.024211
0.502196
0.629041
0.688841
0.264494
0.283552
-0.079158
-0.062789
0.417602
0.977156
0.914894
0.858678
0.715465
0.970733
0.253504
-0.037806
-0.427497
-0.676770
-0.730022
-0.880442
-0.653939
-0.360268
-0.128712
-0.920060
-0.646012
-0.416726
-0.316338
-0.161912
0.127447
0.348708
0.354778
0.456584
0.504348
0.418533
0.352551
0.403009
0.394399
0.257592
0.103628
-0.068195
-0.315703
-0.561390
-0.657101
-0.889484
-1.157706
-1.423673
-1.564355
-1.591838
-1.481711
-1.236573
-1.029879
-0.849619
0.199653
0.375555
0.517799
0.723200
0.938067
0.898248
1.015552
0.953829
0.885096
1.475848
0.591338
0.419629
0.419688
0.428249
-0.376560
-0.420754
-0.566767
-0.740741
-0.871947
-0.087528
-0.195539
-0.235342
-0.289795
-0.406033
-1.249736
-1.162500
-0.311137
-0.035692
0.211749
1.030416
1.204892
0.716117
0.779863
0.804734
0.118610
0.000621
-0.147263
-0.257688
-0.401606
-0.430082
-0.482933
-0.572709
-0.716882
-0.739315
-0.752411
-0.789273
-0.803394
-0.808286
-0.215988
-0.225057
0.361202
0.440646
1.044598
1.003746
1.097761
1.128028
1.173122
0.705304
0.259875
0.224053
-0.227059
-0.225029
0.194752
0.157593
0.087755
-0.016810
-0.126468
-0.631986
-0.680358
-0.712951
-0.738343
-0.758384
-0.748944
-0.781831
-0.808881
-0.849675
-0.246152
0.320499
0.347015
0.895610
0.970241
0.890189
0.387210
0.456785
0.041773
0.113841
0.153846
0.194497
0.211512
0.223055
0.180030
-0.193858
-0.186248
-0.167678
-0.145457
-0.099924
0.276067
0.201033
0.662538
0.555574
0.422566
-0.154770
-0.167500
-0.714019
-0.712047
-0.682709
-0.763463
-0.903621
-0.483520
-0.639985
-0.783647
-0.778947
-0.150978
-0.079665
0.036972
0.647761
0.787404
0.345504
-0.066049
0.037511
0.029589
0.130826
0.163114
0.180469
0.556776
0.556395
0.460491
0.772656
0.733984
0.345420
-0.028209
0.041606
-0.290126
-0.286016
0.141676
0.038207
-0.159344
-0.354272
-0.551230
-1.195009
-1.323964
-0.567866
-0.548207
-0.546626
-0.492557
-0.339404
-0.927882
-0.738849
-0.063292
0.605109
0.703273
0.745006
0.770238
0.368682
-0.100560
-0.131306
-0.143448
-0.172636
-0.215306
-0.224058
-0.211219
-0.224171
-0.231302
0.153603
0.067112
0.482089
0.384609
0.259832
-0.235636
-0.283724
-0.283919
-0.316842
0.189139
0.635397
0.583981
0.038350
0.036426
0.017771
-0.388862
-0.266765
-0.183423
-0.092043
-0.488488
-0.446693
-0.054593
0.329379
0.334441
0.338217
0.332045
-0.015006
-0.348861
-0.318609
0.025084
-0.006291
-0.063321
-0.149780
0.249908
0.318332
0.183946
0.617558
0.540789
0.488089
-0.066784
-0.056841
-0.556518
-0.524546
-0.504320
-0.386502
-0.285665
0.278797
0.402519
-0.006659
0.019663
0.495959
0.075851
0.059546
0.147274
0.179068
-0.196692
-0.196062
-0.144692
0.370143
0.300021
0.203699
0.109707
-0.063138
-0.732790
-0.786628
-0.267229
-0.308353
0.294590
0.271821
0.346511
-0.138709
-0.100561
-0.578819
-0.446647
-0.400734
-0.346735
-0.254681
-0.268820
-0.318878
0.160838
0.088247
0.523419
1.019782
1.021015
0.445676
0.449454
0.621187
0.026900
-0.018251
-0.057717
-0.107028
-0.198290
-0.178369
-0.180125
-0.132400
-0.124327
-0.677364
-0.567930
-0.441337
-0.360908
-0.298202
0.280380
0.323329
0.317414
0.360470
0.413564
-0.097499
-0.169537
0.297939
0.254347
0.914862
0.723202
0.566896
-0.102034
-0.301775
-1.320171
-1.518361
-0.590704
0.452987
0.300870
1.662521
1.636777
0.854097
-0.119703
0.113885
-0.974973
-0.656108
-0.528447
-0.358546
-0.205889
-0.105885
0.023860
-0.093314
-0.123912
-0.143016
-0.145388
-0.219767
-0.148796
-0.098835
0.969591
0.952526
0.933808
0.895898
0.627924
1.145613
0.721480
0.001039
-0.549163
-0.963582
-0.944821
-1.306002
-1.089561
-1.185227
-0.763701
-2.565896
-1.999057
-1.524571
-0.869271
-0.355657
-0.081897
0.189902
0.332637
0.499691
0.332835
0.305261
0.346562
0.488778
0.444832
0.443345
0.472609
0.532545
0.369659
0.298173
0.197566
0.200617
-0.265777
-0.481564
-0.886462
-1.283320
-1.616727
-1.639874
-1.637927
-1.414577
-1.071542
-0.822887
-0.414177
-0.139160
0.163059
0.265368
0.461117
0.542201
0.522828
0.469319
0.526525
0.474027
0.470775
0.514905
0.540169
0.471027
0.309058
0.008888
0.007712
-0.027063
-0.238157
-0.380663
-0.482127
-0.860798
-1.148154
-1.245574
-1.176567
-1.044344
-0.861267
-0.793797
-0.397502
-0.067510
0.204900
0.410799
0.709808
0.641411
0.535225
0.540305
0.576402
0.660989
0.807956
0.906102
0.897880
0.875768
0.690294
0.494618
0.329989
0.273934
0.125563
0.010924
-0.148794
-0.177097
-0.433122
-0.499428
-0.511937
-0.444532
-0.594734
-0.651916
-0.764998
-0.946816
-1.080891
-1.118969
-1.110541
-1.080478
-0.873096
-0.830803
-0.560474
-0.330449
-0.198348
-0.210988
-0.138081
-0.264547
-0.312172
-0.339313
-0.377774
-0.405271
-0.412673
0.466471
0.355162
0.258788
0.993956
0.877751
0.477240
0.433052
0.923237
0.574081
0.547762
0.321706
0.355160
-0.174877
-0.385080
-0.160875
-0.315583
-0.426453
-0.108877
-0.426476
-0.359989
-0.303843
0.055913
0.106794
0.167506
0.205867
0.261819
0.347984
0.386952
0.718299
0.728279
0.318058
0.331868
0.349206
0.360200
0.407407
0.246816
0.227889
-0.378684
-0.937852
-1.035000
-1.178390
-1.296466
-0.875081
-0.354497
-0.367197
0.200381
0.157014
0.099647
0.010025
0.007434
0.084557
0.284898
0.613809
0.905503
1.018556
1.095632
1.137242
1.018406
0.560971
0.591970
0.757767
0.671784
0.647959
1.013579
0.918762
0.696065
0.571561
0.527480
0.418271
0.428152
0.452226
0.516755
-0.142029
-0.380329
-0.636821
-1.382097
-1.489249
-1.611101
-1.459286
-2.107534
-2.305273
-1.215656
-1.330812
-1.680275
-0.946209
