8.200248
6.517051
4.595667
1.929391
-0.736884
-3.403159
-4.722877
-5.131129
-5.131129
-4.062015
-2.834412
-1.742215
-0.767782
-0.101715
-0.193568
-0.291052
-0.181118
0.145349
0.837585
1.096456
1.132170
1.075134
0.774808
0.322635
0.105681
-0.211377
-0.240399
-0.515264
-0.636241
-0.819071
-0.776388
-0.936607
-0.577398
-0.248949
-0.135910
-0.096117
-0.038830
-0.029842
-0.010863
0.047197
0.314828
0.563207
0.373727
0.389172
0.500280
0.390213
-0.182408
-0.463059
-0.740143
-1.406581
-1.621712
-1.615218
-1.231531
-1.080345
-0.799421
-0.589050
-0.214779
-0.026023
-0.111176
0.121711
0.377231
0.528503
0.566505
0.466379
0.424657
0.110936
-0.112746
-0.404685
-0.298699
-0.290010
-0.299847
-0.371072
-0.051172
0.200332
0.542806
0.697480
0.948408
0.906282
0.954682
1.125793
1.114681
1.016777
0.703552
0.365241
0.223330
-0.182498
-0.370564
-0.420212
-0.477442
-0.868497
-0.691799
-0.668207
-0.569387
-0.555573
-0.434348
-0.407710
-0.367746
-0.360374
-0.307952
-0.396352
-0.231276
-0.087124
0.018048
0.254155
0.180040
0.227784
0.490485
0.755761
0.858485
1.266981
1.307665
1.089593
1.025218
1.090182
0.599825
0.288215
-0.048868
-0.313709
-0.703083
-0.661048
-0.610539
-0.439821
-0.446756
-0.398737
-0.030270
0.241361
0.130632
0.189176
0.129687
0.054122
-0.063158
0.106395
0.293698
0.481503
0.587652
0.489030
0.354489
0.231465
-0.075060
-0.327549
-0.157757
0.310532
0.128025
0.347152
-0.088619
-0.781940
-1.183273
-1.257317
-1.096017
-0.430940
-0.032865
-0.001027
-0.210394
-0.262501
-0.566140
-0.552156
-0.408673
-0.168161
-0.301700
-0.193172
0.025197
0.045098
0.068945
0.251942
0.445308
0.521100
0.474836
0.599326
0.738963
0.680468
0.816344
0.627008
0.497252
0.315573
-0.016679
-0.206243
-0.248164
-0.047610
-0.351755
-0.279021
-0.479194
-0.613414
-0.696673
-0.680392
-0.585316
-0.439936
-0.482813
-0.618319
-0.607281
-0.446408
-0.401483
-0.045444
0.177592
0.470984
0.448883
0.301772
0.426352
0.602905
0.304433
0.316517
0.280028
0.249537
0.180856
0.528468
0.468905
0.509721
0.239928
-0.235235
-0.394827
-0.393990
-0.544120
-0.414814
-0.186047
-0.055063
-0.480673
-0.605177
-0.612907
-0.606125
-0.579412
-0.047556
0.551106
0.871496
1.046754
0.918795
0.713144
0.470058
0.125920
-0.101527
-0.058902
-0.201142
-0.355586
-0.416574
-0.273644
-0.344700
0.053204
0.323348
0.429453
0.597309
0.782853
0.595721
0.732121
0.744590
0.746594
0.461690
0.183033
-0.380583
-0.613277
-0.970536
-1.010796
-0.831179
-0.328729
0.160667
0.288440
0.221519
0.118703
-0.357923
-0.670216
-0.600871
-0.577048
-0.408697
-0.101494
-0.190697
-0.169821
0.120104
0.082141
0.188308
0.379567
0.185871
-0.017530
-0.076908
-0.262500
-0.357053
-0.567121
-0.537445
-0.692313
-0.783017
-0.606416
-0.068376
0.177959
0.736468
1.146082
1.358554
1.273184
1.356646
1.108268
1.065616
0.652252
0.513282
0.121968
0.081733
-0.072893
-0.081242
-0.147720
-0.069070
-0.145684
-0.368077
-0.527042
-0.509273
-0.661547
-0.789927
-0.660634
-0.617470
-0.776430
-0.762660
-0.708565
-0.670028
-0.270746
0.159760
0.451550
0.825434
0.760695
0.521199
0.551408
0.606880
0.628282
0.580378
0.717318
0.659852
0.488042
0.306249
0.316904
0.111120
-0.305015
-0.449573
-0.575303
-0.700791
-0.716495
-0.670368
-0.777297
-0.900116
-1.035885
-1.057122
-0.826250
-0.501872
-0.322734
-0.039084
0.362501
0.479350
0.646657
0.851503
1.080786
0.969226
0.798052
0.642505
0.400692
0.290023
0.241187
0.333138
0.366295
0.239429
0.139017
-0.099769
-0.351324
-0.651021
-0.887079
-0.786071
-0.457262
-0.048880
-0.105809
0.041351
0.029610
-0.196752
-0.334625
-0.119162
0.401199
0.496439
0.463043
0.325410
0.320512
0.145588
-0.048943
0.005619
0.271146
0.270162
0.125818
0.300235
0.263043
0.001512
-0.231810
-0.455720
-0.883452
-0.801771
-0.663207
-0.394561
0.170487
0.600347
0.795885
0.658789
0.761285
0.602075
0.585697
0.336064
0.483842
0.342447
-0.032554
-0.388672
-0.496987
-0.736238
-0.907233
-0.840327
-0.860131
-0.911978
-1.005401
-0.942314
-0.691083
-0.274717
-0.043450
0.214659
0.410770
0.466453
0.450845
0.415775
0.498982
0.562163
0.516723
0.445087
0.250827
0.118145
0.060353
0.143180
0.312550
0.570893
0.698309
0.658955
0.593497
0.489526
0.226151
-0.001898
0.001706
-0.332705
-0.922676
-1.279314
-1.462099
-1.604262
-1.421300
-1.088106
-0.502109
-0.148678
0.011748
0.371319
0.701911
0.871939
1.113890
1.310189
1.244534
1.027334
0.778221
0.501136
0.349360
0.108793
-0.050661
-0.196018
-0.575151
-0.768874
-0.909019
-0.866240
-0.745006
-0.505728
-0.358984
-0.041255
0.174135
0.371219
0.317807
0.211243
0.111830
0.217110
0.226296
0.587103
0.860468
0.920588
0.926396
0.833197
0.742772
0.654777
0.262700
-0.248934
-0.396687
-0.584471
-0.922409
-0.878513
-0.596772
-0.641583
-0.487716
-0.276567
-0.084424
0.048060
0.065411
-0.064883
-0.211701
-0.226896
-0.440735
-0.309699
-0.000711
0.371067
0.539565
0.658531
0.756333
0.911255
0.774195
0.844847
0.963254
0.997988
0.538996
0.355100
0.027142
-0.255622
-0.682194
-1.088699
-1.242567
-1.289309
-1.130979
-0.819788
-0.370170
-0.059562
-0.028662
-0.248968
-0.327482
-0.523989
-0.607392
-0.438229
-0.092358
0.133065
0.538243
0.635991
0.554792
0.417729
0.346534
0.381369
0.735657
1.013979
1.303601
1.270328
1.041327
0.666367
0.173194
-0.390837
-0.736604
-1.023232
-1.214489
-1.070561
-0.802888
-0.496689
-0.112045
0.031934
0.266061
0.424455
0.047527
-0.333698
-0.457645
-0.609196
-0.833052
-0.747026
-0.445917
-0.493818
-0.596417
-0.521273
-0.266031
-0.336423
-0.231022
0.115932
-0.331781
-0.363065
-0.235793
0.000033
0.132340
0.809312
1.009218
0.921304
0.665958
0.426917
0.307112
0.394325
0.484186
0.576500
0.575301
0.082135
-0.088585
0.008503
-0.128757
0.020129
0.414713
0.341742
-0.128037
0.200781
0.059249
0.290471
0.123707
-0.031838
-0.136919
-0.652137
-0.843304
-0.575252
-0.241287
-0.360902
-0.022424
0.128312
0.176917
0.317112
0.290871
0.032026
-0.360847
-0.500750
-0.234404
-0.586312
-0.435494
-0.323952
-0.340939
-0.636727
-0.208755
0.226400
0.488705
0.381836
0.502000
0.694138
0.563693
0.466414
0.871118
0.873856
0.482825
0.382212
0.222149
-0.150188
-0.314574
-0.179950
-0.262969
-0.324189
-0.299133
-0.437785
-0.608160
-0.613705
-0.414300
-0.530103
-0.523598
-0.450021
-0.603434
-0.974239
-0.582474
-0.121807
0.451227
0.848241
1.527319
1.600777
1.578193
1.348320
1.224596
0.938195
0.507019
0.002737
-0.178069
-0.237346
-0.233947
-0.238441
-0.009787
-0.145063
-0.450022
-0.659204
-0.495112
-0.505488
-0.532943
-0.424999
-0.347604
-0.661515
-0.560802
-0.296747
-0.001697
0.175735
0.552037
0.567403
0.819295
0.912613
0.679760
0.390869
0.195896
-0.472376
-0.706759
-0.558004
-0.371458
-0.219448
0.093122
0.160408
-0.029759
0.124240
0.146337
0.040794
0.226246
0.528276
0.696246
0.504472
0.432817
0.096204
-0.565764
-1.070555
-0.990606
-0.865027
-0.927265
-0.620577
-0.561509
-0.577430
-0.459607
-0.427919
-0.186494
0.068911
-0.030326
-0.159146
0.018368
0.070240
0.069926
0.371359
0.551060
0.714365
0.774788
0.707454
0.728464
0.749275
0.689210
0.629011
0.541167
0.361330
0.056743
-0.184445
-0.369757
-0.487481
-0.520362
-0.584432
-0.514353
-0.384968
-0.194506
-0.076497
-0.107833
0.080812
0.235136
0.446877
0.612524
0.705226
0.610858
0.521513
0.452826
0.334645
0.564816
0.435740
0.119610
-0.317619
-0.365737
-0.287879
0.028027
0.104879
0.401251
-0.268880
-0.713296
-1.223522
-1.271962
-1.419832
-0.983770
-0.750226
-0.429503
-0.318434
-0.240220
-0.066503
-0.073894
-0.126686
-0.140193
-0.213544
-0.263545
-0.360039
-0.212201
-0.033898
-0.070980
-0.130518
0.029426
-0.175013
-0.159484
0.133374
0.394674
0.708367
0.835127
0.904103
0.898594
1.013923
0.875930
1.097964
1.367198
0.684822
0.021835
-0.229812
-0.444010
-0.863252
-0.261962
0.331435
0.230825
0.183270
-0.227439
-0.589199
-0.989754
-0.987599
-1.180254
-0.905432
-0.633565
-0.398886
-0.272124
-0.022728
0.206281
0.562555
0.659183
0.798691
0.835662
0.639150
0.225833
-0.025723
-0.233232
-0.382960
-0.388658
-0.368937
-0.124216
0.088378
0.117084
0.224095
0.416841
0.461182
0.525629
0.549855
0.591656
0.619986
0.235264
-0.413782
-0.898836
-1.258047
-1.594612
-1.564015
-1.170039
-0.821231
-0.337401
-0.049794
0.318106
0.620564
0.585071
0.519863
0.293541
0.208116
-0.067621
0.001993
0.084862
0.303944
0.318307
0.196163
0.219439
-0.098315
-0.290961
-0.375189
-0.378056
-0.295676
0.088403
0.436944
0.613290
0.752385
0.813716
0.448031
0.219802
0.084462
0.018032
0.086548
-0.067812
-0.114965
-0.305271
-0.370083
-0.442663
-0.387838
-0.322480
-0.398978
-0.298678
-0.347125
-0.357002
-0.389672
0.103121
0.368470
0.495578
0.802378
0.783220
0.296441
0.048518
-0.269301
-0.454902
-0.587624
-0.772884
-0.569185
-0.364503
0.151314
0.352463
0.803130
0.996157
1.121172
0.866851
0.745605
0.565695
0.293058
-0.178461
-0.388852
-0.540688
-0.333010
-0.508098
-0.378241
-0.621529
-0.431737
-0.589467
-0.661583
-0.457106
-0.090174
-0.304679
-0.245074
-0.125367
0.037207
0.045378
0.357185
0.543159
0.746687
0.761005
0.723642
0.727881
0.754668
0.720910
0.736526
0.227361
-0.014090
-0.460711
-0.898145
-1.251025
-1.066901
-1.010397
-0.719581
-0.266659
-0.007176
0.208007
0.542048
0.534303
0.542299
0.461487
0.396711
0.382248
0.203528
-0.137545
-0.191784
-0.015303
-0.116737
-0.051223
0.192864
-0.004964
-0.211938
-0.153631
0.117213
0.134022
0.237155
0.453887
0.264391
0.090287
0.057144
0.176232
0.332659
0.482730
0.581970
0.441100
0.272182
0.278113
0.024059
0.082826
-0.187739
-0.131640
-0.455954
-0.844164
-0.993462
-0.586859
-0.538260
-0.739455
-0.514016
-0.520484
-0.714632
-0.411447
-0.219933
0.225781
0.529726
0.650090
0.486228
0.491339
0.587525
0.155219
0.046843
0.263210
0.461560
0.339608
0.344105
0.559034
0.412690
0.168803
0.000082
-0.396897
-0.614688
-0.912525
-0.996962
-0.981120
-0.640980
-0.561007
-0.209093
-0.054286
-0.079450
-0.045935
0.058145
-0.274727
0.005665
0.466706
0.776854
1.063291
1.216707
1.101176
0.446977
0.047033
-0.343103
-0.409913
-0.288812
-0.225206
-0.045123
0.036932
-0.068468
-0.278108
-0.198753
-0.227182
-0.420935
-0.316564
-0.256561
-0.450505
-0.527525
-0.117011
0.082533
0.003140
0.223115
0.602287
0.499155
0.778268
0.683269
0.693535
0.447743
0.361671
-0.026437
0.050083
0.211026
0.275048
0.293203
0.458012
0.736314
0.827166
0.894096
1.090247
1.189817
1.043628
0.989105
0.962547
0.801613
0.216134
-0.222849
-0.542168
-1.035046
-1.352945
-1.561514
-1.436476
-1.406143
-1.255209
-1.006712
-0.829899
-0.736449
-0.774967
-0.803887
-0.907117
-0.828026
-0.680872
-0.574651
-0.345877
-0.176279
0.096940
0.092598
0.097684
0.169810
0.003270
-0.185116
-0.221116
-0.304252
-0.377016
-0.439599
-0.286028
-0.234191
-0.275371
-0.572201
-0.639837
-0.802861
-0.876940
-0.578742
0.043078
0.167779
0.397692
0.507693
0.737359
0.878668
1.357912
1.488320
1.621277
1.441630
1.116607
0.813439
0.467262
0.039071
-0.171522
-0.453195
-0.591835
-0.448101
-0.278577
-0.150749
-0.377043
-0.493300
-0.762374
-1.065279
-1.444010
-1.120615
-0.959875
-0.782076
-0.472510
-0.155452
-0.218876
0.062657
0.729735
1.268575
1.218307
1.360341
0.942266
0.418536
-0.043264
0.218715
0.402679
0.799783
0.656265
0.721082
0.386267
0.246369
0.092769
0.391524
0.426199
0.335529
0.179155
0.009746
-0.171660
-0.297047
-0.241474
-0.138342
-0.257225
-0.315126
-0.612209
-0.691542
-0.880014
-0.776427
-0.745865
-0.420929
-0.115892
0.220041
0.477472
0.549553
0.633083
0.678275
0.384153
0.079965
0.167766
0.037571
-0.231704
-0.393289
-0.549230
-0.969281
-1.001689
-0.700148
-0.405341
0.018857
0.270882
0.327043
0.202736
0.260495
0.349754
0.519851
0.656232
0.641394
0.460452
0.212377
0.026754
-0.169799
-0.180769
-0.178344
0.057477
0.107382
0.240561
0.371903
0.517760
0.381322
-0.131817
-0.431218
-0.561824
-0.382784
-0.499558
-0.245650
0.174904
0.048168
-0.184322
-0.120410
-0.093410
-0.407635
-0.414340
-0.274343
-0.495441
-0.260121
-0.093153
0.267577
0.382783
0.702359
0.814479
0.840864
0.698453
0.623784
0.647134
0.668267
0.490755
0.439281
0.006431
-0.490540
-0.918879
-0.993019
-1.139896
-1.092267
-0.810109
-0.608096
-0.646970
-0.623095
-0.565622
-0.625181
-0.730533
-0.754766
-0.761208
-0.637654
-0.559078
-0.509558
-0.384929
-0.399034
-0.447526
-0.181477
0.286037
0.987749
1.645749
2.120352
2.254873
2.100801
1.635910
0.799685
0.447666
0.192794
-0.025278
-0.066320
0.139454
0.082773
-0.156463
-0.402397
-0.696784
-0.768012
-0.798530
-0.738685
-0.500630
-0.397472
-0.277100
-0.081303
0.138427
0.311871
0.589643
0.746011
0.836346
0.831512
0.894069
0.917798
0.953431
0.874691
0.825877
0.694912
0.530735
0.399129
0.285480
0.371310
0.283130
0.295979
0.260444
0.121568
-0.150475
-0.149296
-0.345033
-0.604182
-0.831170
-0.978662
-1.248448
-1.531195
-1.261765
-1.155815
-0.924883
-0.694293
-0.145319
0.011888
0.623164
0.970578
1.080576
1.025676
0.749473
0.162909
-0.151375
-0.220960
-0.229365
0.008749
0.300466
0.448692
0.595219
0.730587
0.629334
0.707836
0.759661
0.768104
0.644759
0.609335
0.574272
0.180218
-0.317730
-0.847389
-0.995196
-1.136671
-1.139578
-0.929836
-0.579964
-0.544181
-0.606807
-0.216519
-0.024490
0.003535
0.233445
0.499984
0.091624
-0.219310
0.024089
-0.020616
-0.312454
-0.285137
0.038351
0.023186
-0.055541
0.141014
0.262556
0.187144
-0.042583
0.083652
0.078834
0.259010
0.253795
0.177964
0.066103
-0.204121
-0.493584
-0.484660
-0.225370
-0.049422
-0.323616
-0.148532
-0.022897
-0.092081
-0.466958
-0.134110
-0.085876
0.048472
0.264080
0.331272
0.687579
0.917522
0.811832
0.582593
0.702758
0.658223
0.402372
0.317069
0.266118
-0.072230
-0.191191
-0.481919
-0.884219
-1.133752
-0.987885
-1.263404
-1.399953
-1.036991
-0.858070
-0.697302
-0.321775
0.173715
0.509616
0.441729
0.372390
0.135654
-0.017986
-0.163222
0.195118
0.551222
0.621986
0.694761
0.299918
0.126452
-0.067133
-0.423317
-0.397168
-0.137406
-0.205601
-0.429080
-0.279318
-0.365829
-0.504938
-0.476601
-0.161320
-0.147839
-0.261129
-0.307920
-0.511398
-0.792679
-0.554715
-0.192785
-0.064964
0.069346
0.287526
0.415056
0.447129
0.564348
0.752497
0.873212
0.895123
0.928086
0.868935
0.937661
0.746586
0.503181
0.090938
-0.201156
-0.430450
-0.430132
-0.307911
-0.345092
-0.356103
-0.481672
-0.484674
-0.662531
-0.695875
-0.604158
-0.448649
-0.460297
-0.458460
-0.274678
0.063284
0.138203
0.442515
0.941850
1.143570
1.179505
1.225031
1.187559
0.871946
0.762224
0.724487
0.440144
0.115551
-0.080701
-0.183661
-0.380613
-0.011618
0.060656
0.003658
0.034742
-0.088184
-0.401018
-0.439847
-0.552768
-0.596075
-0.582205
-0.658088
-0.836255
-0.841345
-0.956313
-0.823574
-0.638827
-0.441334
-0.054559
0.546474
0.905794
1.336208
1.574331
1.719905
1.660730
1.438741
1.186174
0.739663
0.315524
-0.102302
-0.370190
-0.633808
-0.532624
-0.306103
-0.322496
-0.228110
-0.091009
-0.299125
-0.403390
-0.604690
-0.496031
-0.887309
-1.147176
-1.177475
-0.936984
-1.092717
-0.930464
-0.414333
-0.397143
-0.427030
-0.463951
-0.459006
-0.475640
-0.287097
-0.253521
0.177377
0.553395
0.719581
0.893962
1.085211
0.863115
0.878707
0.982647
0.571430
0.473077
0.418240
0.397314
0.180572
0.291311
0.656653
0.759870
0.462461
0.306382
0.358137
-0.201814
-0.736852
-0.882909
-0.738651
-0.811825
-0.579035
-0.681815
-0.475961
-0.194840
-0.036175
0.313112
0.563700
0.740078
0.799453
0.851994
0.276170
0.378406
0.142846
-0.452744
-0.530354
-0.652381
-0.471692
-0.447123
-0.181716
-0.257448
-0.651421
-0.779669
-0.712044
-0.668019
-0.682919
-0.079738
-0.126432
0.158922
0.483418
0.917541
1.129298
1.784141
1.723056
1.579621
1.087914
0.705238
-0.042981
-0.363787
-0.629700
-0.707819
-0.596110
-0.453066
-0.390877
-0.251953
-0.255807
-0.220984
-0.282037
-0.288215
-0.308436
-0.328015
-0.453725
-0.444722
-0.602402
-0.746753
-0.881541
-1.056100
-0.825375
-0.427287
-0.160794
0.283459
0.878730
0.777439
0.695289
0.656463
0.729478
0.692585
0.741386
0.791728
0.597902
0.312601
0.245792
0.311299
0.328217
0.491855
0.479338
0.310748
0.144518
0.071769
-0.210294
-0.375425
-0.578889
-0.646561
-0.877575
-0.863761
-0.781469
-0.600708
-0.524150
-0.610812
-0.424750
-0.342029
-0.480823
-0.223974
0.063092
0.192723
0.340128
0.653207
0.535275
0.596558
0.564864
0.572114
0.589717
0.499402
0.500811
0.603272
0.679212
0.715216
0.675763
0.505510
0.299539
0.117579
-0.071515
-0.158630
-0.198748
-0.248553
-0.484478
-0.761740
-0.848183
-0.957197
-1.334587
-1.477991
-1.387716
-1.592746
-1.246644
-0.639511
-0.103274
0.173542
0.789981
0.850003
0.923620
1.177820
1.148647
0.842796
0.954971
0.798423
0.555758
0.440517
0.512868
0.075756
0.026875
-0.077968
0.145813
0.271230
0.048927
-0.305121
-0.478791
-0.661977
-0.740541
-0.482955
-0.118457
0.031650
-0.405513
-0.463554
-0.334724
-0.307696
-0.210459
0.272118
0.216561
-0.091733
-0.252448
-0.072794
0.005424
0.258490
0.881542
1.406917
1.132583
1.028334
0.690027
0.175675
-0.298481
-0.342153
-0.391334
-0.396528
0.079446
0.353598
0.381911
0.345746
0.253341
-0.240993
-1.216125
-1.960750
-1.964569
-1.720836
-1.406100
-0.987962
-0.137113
0.088257
-0.023239
-0.129910
0.249535
0.483321
0.460255
0.794749
1.135992
1.177653
0.905874
0.679610
0.550334
0.157296
0.109005
0.191298
0.423554
0.791371
0.778256
0.777408
0.364807
0.292865
-0.362347
-0.966699
-1.354628
-1.371588
-1.366596
-1.237976
-0.582634
-0.273554
-0.087506
-0.227124
-0.174069
0.148897
0.512901
0.741232
1.044756
1.475135
1.036996
0.612695
0.343795
0.019829
-0.339590
-0.371528
-0.166136
-0.307790
-0.157100
-0.271069
-0.054515
-0.164483
0.095347
0.087744
-0.164607
-0.508125
-0.701522
-0.745799
-0.739772
-0.404532
0.162261
0.843893
1.397691
1.642131
1.749911
1.731525
1.506799
1.304475
0.983565
0.695440
0.119057
-0.348627
-0.958800
-1.142352
-1.071540
-0.751333
-0.592638
-0.291880
-0.404711
-0.413765
-0.657311
-0.797820
-0.695147
-0.348954
-0.207252
-0.085805
-0.084382
-0.402893
-0.575399
-0.705473
-0.680922
-0.561081
-0.419033
-0.240026
0.056047
0.378361
0.483622
0.412756
0.370498
0.139405
-0.006441
0.034117
0.289239
0.557931
0.549300
0.538222
0.929779
1.116533
1.121091
1.244156
1.205940
0.839876
0.481264
0.303299
0.293253
0.268734
-0.158881
-0.377014
-1.055668
-1.691287
-2.100693
-2.170128
-2.006561
-1.501449
-1.008994
-0.533782
-0.353443
-0.032710
0.280924
0.475267
0.445779
0.718732
0.683607
0.572667
0.710706
0.872581
1.029307
1.076300
0.956918
0.808680
0.607229
0.410072
0.263125
0.324349
0.306129
0.324407
0.274875
0.211051
0.036201
-0.317413
-0.861026
-1.197172
-1.670072
-2.039536
-1.972696
-1.614474
-1.348123
-0.994875
-0.454313
-0.109279
0.052012
0.281293
0.416491
0.663241
0.745921
0.947462
1.015828
1.119225
1.065432
0.811265
0.555157
0.272359
0.121843
-0.064000
-0.199173
-0.258378
-0.440197
-0.638121
-0.768617
-0.750763
-0.655924
-0.452988
-0.279756
-0.216829
-0.318447
-0.258878
-0.096070
0.311213
0.322735
0.607366
0.811425
0.999305
0.949552
1.058023
1.205404
1.081509
0.857594
0.645139
0.636020
0.700398
0.418308
0.137032
-0.356549
-0.880762
-1.270371
-1.249649
-1.137443
-0.732805
-0.458231
-0.371481
-0.246320
-0.225780
-0.399212
-0.362344
-0.518009
-0.733462
-0.716103
-0.535680
-0.332594
-0.090561
0.180168
0.406063
0.612196
0.749321
0.819803
0.850205
0.885700
0.891784
0.788184
0.788184
0.816829
0.752563
0.737436
0.848468
0.805677
0.583037
-0.135972
-0.864301
-1.583695
-2.059918
-2.116339
-1.940879
-1.357633
-0.802629
-0.362218
-0.125974
0.192313
0.249251
0.238474
0.239936
0.279080
0.387207
0.419445
0.585930
0.663070
0.660216
0.430064
0.441430
0.374660
0.502513
0.356676
0.479569
0.452565
0.279026
0.215398
0.158125
0.314862
0.309081
0.178293
0.140602
-0.051133
-0.215156
-0.526928
-0.525123
-0.601122
-0.263846
-0.073774
0.319226
0.441901
0.457997
0.274871
0.076862
-0.084880
-0.312883
-1.002076
-1.845368
-1.801301
-1.868267
-1.711866
-1.101465
-0.183893
-0.119576
-0.247625
0.076030
0.061005
0.343913
0.186482
0.023507
-0.282784
-0.285579
-0.521792
-0.513023
-0.285055
-0.084669
0.045313
0.482054
0.712960
1.037898
1.172180
1.155014
0.953466
1.201385
1.179835
0.991261
0.775779
0.521994
0.233004
0.291265
-0.090247
-0.013611
-0.119276
-0.333766
-0.746459
-0.647749
-0.686225
-0.710161
-0.798476
-0.855405
-0.992619
-0.886557
-0.520700
-0.083506
0.267290
0.707956
0.829672
0.739543
0.434284
0.293937
0.316202
0.222563
-0.136594
-0.064733
-0.287048
-0.398316
-0.843717
-1.003647
-0.809070
-0.727151
-0.556886
-0.078839
0.428610
0.368358
0.429319
0.353928
0.105412
-0.086943
-0.143728
-0.139716
0.154161
0.421109
0.378593
0.391532
0.541300
0.295923
0.416308
0.839822
1.121032
1.009783
0.968463
0.742202
0.557338
-0.044891
-0.156732
-0.504114
-0.650153
-0.757284
-0.407570
-0.166677
-0.173483
-0.151711
-0.506708
-0.878998
-1.110696
-0.750691
-0.584107
-0.462416
-0.127717
0.096820
0.049828
0.116325
0.510586
0.596643
0.801304
1.096922
1.254068
1.058589
1.160686
0.900157
0.676388
0.564726
0.462831
0.158092
-0.309639
-0.662837
-0.991009
-0.956163
-0.879739
-0.636328
-0.398300
-0.274165
-0.346171
-0.417208
-0.481479
-0.645390
-0.949561
-0.994392
-0.793507
-0.424864
-0.148985
0.073105
0.280796
0.220327
0.009573
0.011199
0.244764
0.501204
0.486768
0.917794
0.905606
0.878484
0.846070
0.654761
0.244407
0.276003
0.394571
0.202477
0.169959
0.373373
0.111337
-0.225400
-0.383282
-0.372174
-0.438362
-0.503539
-0.598502
-0.432895
-0.410141
-0.420781
-0.259441
0.199346
0.230092
0.682074
0.497686
0.308681
0.173114
0.472203
0.513547
0.618642
0.837340
0.807302
0.302026
-0.160723
-0.448455
-0.706233
-1.073509
-1.206184
-1.092829
-0.807960
-0.433322
-0.069072
0.268351
0.349741
0.322782
0.076484
-0.219564
-0.359543
-0.653627
-0.758139
-0.589863
-0.611187
-0.695206
-0.587365
-0.230163
0.107261
0.204998
0.356920
0.361056
0.488947
0.406030
0.784388
1.052123
1.110014
0.800909
0.709914
0.614688
0.529130
0.530926
0.390847
0.113647
0.029025
-0.127106
-0.325213
-0.387947
-0.252882
-0.262588
-0.363440
-0.182412
-0.113075
-0.705152
-0.981511
-1.244582
-1.212322
-1.209422
-0.688705
-0.181740
0.228222
0.554566
0.759895
0.593233
0.134956
0.190844
-0.167598
-0.457096
-0.331338
0.071858
0.368352
0.805341
0.436038
0.570812
0.435502
-0.081639
-0.408299
0.396868
0.459215
-0.038479
0.095419
-0.362277
-1.089779
-1.271364
-0.830908
-0.804602
-0.524794
-0.059512
0.023694
0.011305
-0.089122
0.230429
0.487192
0.251839
0.099018
0.195968
0.062013
-0.058483
0.398655
0.869688
1.127750
1.171115
1.267270
0.960982
0.484778
-0.158921
-0.621528
-0.936474
-1.130891
-1.057001
-0.980725
-0.753220
-0.666478
-0.622504
-0.551469
-0.378414
-0.308044
-0.356473
-0.204843
-0.130570
0.176156
0.438365
0.632262
0.829798
0.912877
0.794613
0.682649
0.785411
0.819423
0.735993
0.596014
0.669890
0.333143
0.254397
-0.022854
-0.246900
-0.799356
-1.160835
-1.416008
-1.486899
-1.294588
-1.008946
-0.699329
-0.360478
-0.049001
-0.006806
0.166563
0.336823
0.154301
-0.124524
-0.153424
-0.374588
-0.212032
-0.197110
0.003572
0.311465
0.494709
0.531307
0.433946
0.516803
0.268054
0.114702
0.026300
0.314840
0.369894
0.241127
0.242303
-0.046634
-0.205050
-0.512212
-0.641949
-0.744949
-0.756283
-0.930276
-0.762422
-0.677888
-0.237340
0.054348
0.309670
0.537116
0.647690
0.614302
0.570109
0.563144
0.602096
0.845589
0.976369
0.894245
0.758035
0.422141
0.052041
-0.366806
-0.554439
-0.816103
-0.735028
-0.603150
-0.600855
-0.646893
-0.362395
-0.310829
-0.159119
0.003694
0.253932
0.519665
0.468339
0.587202
0.569665
0.699255
0.488586
0.602826
0.534768
0.187922
0.267845
0.470829
0.658584
0.610999
0.990964
0.924245
0.859036
0.685865
0.633838
0.556311
0.540688
0.457701
0.475609
0.222831
0.009352
-0.167921
-0.335489
-0.438693
-0.318029
-0.115056
-0.047690
-0.179852
-0.095882
0.360996
0.063300
-0.443663
-0.773481
-0.896771
-1.127188
-0.603723
-0.256628
0.230413
0.290241
-0.012563
-0.315786
-0.455125
-0.736224
-0.842763
-0.863884
-0.841094
-0.821422
-0.495383
-0.320037
-0.053861
0.173152
0.244553
0.177850
-0.125916
-0.216202
-0.559263
-0.607962
-0.477453
-0.018719
0.246845
0.404764
0.814166
0.949127
0.871835
0.784544
0.766472
0.618207
0.312593
0.125759
0.065724
0.151675
0.278663
0.304070
0.393817
0.355693
0.304128
0.113564
0.033190
-0.078204
-0.367608
-0.603771
-0.630421
-0.729066
-0.819547
-0.824895
-0.557282
-0.336344
-0.040147
-0.022813
0.231667
0.416640
0.498000
0.740646
1.086091
1.138129
1.113363
0.731486
0.245955
-0.033035
-0.273563
-0.480768
-0.292383
0.044717
0.114028
0.318178
0.442191
0.337067
0.122126
0.001008
0.006658
-0.078821
0.114366
0.331497
0.096057
-0.367144
-0.707590
-1.153620
-1.409761
-1.299994
-1.206413
-0.830757
-0.403187
-0.207283
0.105456
0.555205
0.701610
0.667945
0.381019
-0.020608
-0.293485
-0.615391
-0.722919
-0.583772
-0.266899
0.001114
0.239895
0.466230
0.757087
1.111994
0.849236
0.544225
0.405923
0.070760
-0.225972
0.024209
0.145153
-0.046909
0.203468
0.261699
-0.046163
-0.042415
0.168766
-0.005673
-0.138405
0.001136
0.154602
-0.000642
0.151671
0.292253
0.287265
0.185183
0.500945
0.416942
0.061559
-0.215246
-0.344239
-0.450142
-0.303618
0.070092
0.313419
0.598374
0.063965
-0.279555
-0.428935
-0.260173
-0.554880
-0.436034
-0.240489
-0.297579
-0.451614
-0.573844
-0.196885
-0.123614
-0.202025
-0.085528
-0.067639
-0.236710
-0.346963
-0.267800
-0.305218
0.028148
0.476935
0.597719
0.991919
1.319168
1.518397
1.408579
1.419632
1.400926
0.854207
0.369376
0.028256
-0.073330
-0.442997
-0.601804
-0.543211
-0.473076
-0.468397
-0.380127
-0.395615
-0.366466
-0.464790
-0.590060
-0.693975
-0.972964
-1.436702
-1.502488
-1.727773
-1.792571
-1.166881
-0.539339
-0.473287
0.090588
0.720167
1.266160
1.931635
2.063079
2.102948
1.465270
1.078046
0.483142
0.434362
-0.064058
0.113281
-0.168806
-0.406962
-0.516071
-0.382505
-0.663844
-0.404277
-0.304980
-0.268195
-0.055138
-0.139578
-0.136724
-0.058273
0.229118
-0.006072
0.298647
0.414896
0.219460
-0.010768
0.140093
0.237383
0.056892
0.267296
0.350756
0.391398
0.511230
0.181578
-0.056170
-0.028546
-0.606120
-0.578958
-0.395030
-0.131487
-0.190009
-0.046268
-0.060445
-0.173844
-0.165987
-0.305118
-0.095895
-0.065551
0.514635
0.514288
0.694414
0.876130
0.692866
0.184232
0.335387
0.293453
0.385105
0.086543
-0.064228
-0.438226
-0.861583
-1.143996
-1.123389
-0.880950
-0.777429
-0.688040
-0.677938
-0.661211
-0.668382
-0.760215
-0.512503
-0.376076
-0.264539
0.069888
0.114048
0.220060
0.122403
0.325827
0.370062
0.746019
0.880402
1.040793
1.131535
0.895763
0.655764
0.768827
0.538272
0.643692
0.859657
0.371311
-0.245708
-0.161659
-0.411841
-0.847565
-0.421657
0.322471
0.385231
0.515233
0.741565
0.698779
0.201716
-0.022822
-0.492942
-0.879625
-0.930743
-0.820277
-0.517948
-0.059562
0.364722
0.497648
0.517965
0.730288
1.188461
1.160518
1.238002
1.090837
0.888269
0.008820
-0.428974
-0.618904
-0.860892
-0.971995
-0.858947
-0.770776
-0.876561
-0.548850
-0.387313
-0.181286
-0.059946
-0.034761
-0.019306
-0.112205
-0.308733
-0.236692
-0.281405
-0.353303
-0.500319
-0.676216
-0.585725
-0.326883
0.240725
0.705825
1.246710
1.524133
1.547696
1.281833
0.774883
0.530983
0.123258
0.156213
0.052547
-0.012504
-0.142297
-0.117560
-0.396715
-0.759480
-0.628476
-0.365219
-0.239912
-0.048174
0.208635
-0.003395
-0.181888
-0.312092
-0.391803
-0.647500
-0.687719
-0.665567
-0.668908
-0.623187
-0.451097
-0.078412
0.103977
0.395532
0.747809
0.739469
0.622403
0.356105
-0.006492
-0.420302
-0.454031
-0.163955
-0.314510
-0.101998
0.143685
0.423488
0.349557
0.899616
1.149840
0.736216
0.328814
-0.088223
-0.590783
-0.964390
-0.869097
-0.785487
-0.575899
-0.638838
-0.457298
-0.315133
-0.073267
-0.065477
0.279692
0.300768
0.104545
0.072736
0.097377
0.054195
-0.251604
-0.294910
-0.387649
-0.139033
0.312331
0.691343
1.007852
1.159573
1.197253
1.079790
0.930673
0.854938
0.685316
0.611799
0.391425
0.308044
0.260682
0.199381
-0.055302
-0.154033
-0.098851
-0.112956
-0.142572
-0.156036
-0.176700
-0.799491
-1.153055
-1.340814
-1.601075
-1.581277
-1.100883
-0.850226
-0.732651
-0.210686
-0.182091
0.190358
0.705120
1.075801
1.071746
1.115979
0.957075
0.787443
0.858905
0.829796
0.694543
0.614074
0.258534
-0.049000
-0.251653
-0.375981
-0.418131
-0.291373
-0.290580
-0.423967
-0.698442
-0.799504
-0.959102
-0.820178
-0.771796
-0.403866
-0.277857
-0.476582
-0.738848
-0.704454
-0.425784
-0.121098
0.519469
0.904737
1.122417
1.224057
0.805370
0.627822
0.530266
0.426992
0.092417
0.092102
0.126962
0.095633
0.222522
0.443730
0.503069
0.457551
0.206505
-0.067461
-0.406738
-0.493318
-0.704268
-0.752858
-0.693198
-0.644571
-0.700991
-0.584600
-0.339629
-0.268769
-0.119797
0.247058
0.490609
0.622651
0.798516
0.796121
0.751663
0.643190
0.676393
0.610735
0.802431
0.884771
0.402016
0.210431
0.120987
-0.143767
-0.369157
-0.537397
-1.214717
-1.433100
-1.671354
-1.959494
-1.524022
-0.726839
-0.547718
-0.321751
-0.074627
-0.046362
-0.026319
-0.016442
0.065908
0.131143
0.196793
0.391112
0.944682
1.037506
1.113332
1.190551
0.890954
0.479666
0.516611
0.835372
0.903079
0.764545
0.720018
0.674662
-0.161305
-0.788776
-0.569223
-0.668689
-0.656891
-0.408647
-0.037735
-0.323841
-0.379980
-0.636567
-0.701848
-0.422428
0.101320
0.256880
-0.053360
0.092097
-0.150022
-0.331902
-0.384489
-0.089241
0.019153
0.045160
-0.118513
0.172137
0.489135
0.796437
0.855884
0.991644
0.833803
0.606196
0.167747
0.088887
-0.048429
-0.339566
-0.464855
-0.465887
-0.561671
-0.638517
-0.674751
-0.496848
-0.276574
-0.010270
0.278475
0.265178
0.252484
0.236061
0.241293
0.231034
0.561880
0.774232
0.844192
0.796205
0.674103
0.544313
0.490564
0.561580
0.802644
0.456924
0.062424
-0.414773
-1.051065
-1.502389
-1.479638
-1.312093
-1.201397
-0.726504
-0.604853
-0.342322
-0.104766
-0.137237
-0.392690
-0.356127
-0.465787
-0.437580
-0.016764
0.426365
0.625019
0.749793
0.857245
0.695616
0.483591
0.400535
0.681350
0.936319
1.128582
1.237495
1.070745
0.642158
0.078978
-0.180456
-0.162629
-0.112977
0.020807
0.245994
0.243429
-0.191410
-0.327190
-0.396289
-0.961771
-1.304569
-1.399383
-1.175855
-1.191580
-0.720813
-0.333080
0.046752
-0.130776
0.181002
0.613046
0.999194
1.084381
1.276735
1.150873
1.030286
1.330003
1.152269
0.912421
0.671250
0.300967
-0.580014
-0.636761
-0.442954
-0.789494
-0.718431
-0.588696
-0.688502
-0.776880
-0.498842
-0.634805
-0.794758
-0.980653
-0.972620
-0.856059
-0.964686
-0.767183
-0.431117
-0.494306
-0.269275
0.220349
0.413680
0.445215
0.704904
0.870502
0.953613
0.554578
0.810063
0.611493
0.579140
0.444708
0.585199
0.335213
0.458837
0.423253
0.054331
-0.011235
-0.053395
-0.153861
-0.288255
-0.225919
-0.129873
-0.117181
-0.062392
-0.241048
-0.377694
-0.524567
-0.470066
-0.564569
-0.371857
0.024331
0.298044
0.205083
0.473380
0.595565
0.828306
0.965850
1.341476
1.228878
0.961059
0.375861
0.246954
-0.206789
-0.536436
-0.824066
-0.738672
-0.815864
-0.845543
-0.665539
-0.468980
-0.432460
-0.609244
-0.589575
-0.700717
-0.602995
-0.489835
-0.106750
0.149771
0.400365
0.372454
0.417089
0.470795
0.764822
0.473631
0.089329
0.089332
-0.086639
-0.456039
-0.204191
0.502618
0.724769
0.758005
0.944178
0.963357
1.006045
0.737304
0.721845
0.665302
0.223692
-0.394290
-0.638425
-0.959065
-1.111782
-0.868220
-0.508288
-0.360534
-0.045292
-0.216014
-0.436608
-0.764557
-0.856584
-0.873039
-0.749671
-0.443517
-0.156006
0.089647
0.132582
0.485823
0.834783
1.191045
1.362900
1.379973
1.159649
0.910874
0.638897
0.459178
0.316032
0.126555
-0.286167
-0.557142
-0.712481
-0.945126
-0.992487
-0.704775
-0.823943
-0.889597
-0.736622
-0.641963
-0.683954
-0.345612
-0.254097
-0.354394
-0.236063
0.099199
0.256622
0.324983
0.555238
0.730315
0.558013
0.581890
0.789392
1.107097
1.242988
1.206469
1.185132
0.771130
0.093431
-0.467017
-0.781137
-1.039830
-1.211311
-1.326035
-1.345950
-1.035965
-1.016054
-0.576023
-0.072332
0.174058
0.209678
0.300246
0.212692
0.263181
0.341760
0.165150
0.148717
0.238089
0.221337
0.104858
0.401829
0.554697
0.680771
0.923663
1.057202
0.924592
0.485234
0.100251
-0.437392
-0.437732
-0.424941
-0.329274
-0.217742
-0.275660
-0.688901
-0.752288
-0.832448
-0.695881
-0.391904
0.025456
0.244798
0.534634
0.560709
0.607618
0.603167
0.209547
-0.043118
-0.024122
0.039728
0.062585
0.276117
0.505719
0.554556
0.218341
-0.225761
-0.639965
-0.755286
-0.885265
-0.655728
-0.171418
0.018739
-0.077277
-0.291226
-0.447843
-0.689323
-0.659778
-0.546615
-0.202347
0.009133
0.137222
0.197568
0.435168
0.394295
0.372563
0.368485
0.549555
0.596805
0.433686
0.536080
0.527378
0.638795
0.395517
0.361321
0.234058
-0.079858
-0.555629
-0.959421
-1.259007
-1.807812
-1.774905
-1.575458
-1.199719
-0.630600
-0.175022
0.080708
0.345634
0.510153
0.535940
0.679205
0.842610
0.813668
0.799181
0.667706
0.693223
0.651490
0.431937
0.183739
0.151946
0.046601
-0.049985
-0.058276
-0.055543
-0.162582
-0.604858
-0.703037
-0.576208
-0.424968
-0.511800
-0.297290
-0.221398
-0.517024
-0.439838
-0.368033
-0.385363
-0.556419
-0.247582
-0.135778
-0.280451
-0.013271
0.218592
0.287975
0.139807
0.404759
0.789576
1.097459
1.373186
1.725314
1.956029
1.842235
1.620714
1.167363
0.669929
0.202571
-0.334430
-0.457259
-0.432977
-0.559606
-0.471860
-0.304066
-0.628454
-0.725743
-0.792443
-0.632855
-0.675553
-0.478990
-0.379254
-0.185708
-0.212366
0.033255
0.313530
0.518170
0.963714
1.093593
0.962392
0.940312
0.465375
-0.208269
-0.364941
-0.360459
-0.476657
-0.732687
-0.654138
-0.891961
-0.874236
-1.050372
-0.378770
-0.212037
-0.088804
-0.246386
-0.059430
0.082473
0.340356
0.532830
0.463850
0.366616
0.039279
-0.040240
-0.121092
0.081174
-0.093478
-0.030293
0.024728
-0.051848
-0.054960
-0.012402
-0.163982
-0.366286
-0.645404
-0.907754
-0.671887
-0.447218
-0.224643
0.366416
0.870944
0.878386
0.909303
1.054983
1.414992
1.742049
1.778546
1.758498
1.081583
0.291167
-0.362908
-0.769378
-0.992094
-0.592554
-0.150515
-0.093209
0.140142
0.272278
-0.327786
-1.166511
-1.771977
-1.978928
-2.200906
-1.994423
-1.402630
-0.720715
-0.470797
-0.386161
-0.015079
-0.026030
-0.431916
-0.484044
-0.359047
-0.235960
-0.341395
-0.142053
0.009118
0.226267
0.380723
0.832160
1.077227
1.072962
1.182443
1.359551
1.310785
1.175591
0.890089
0.465577
0.176156
-0.338820
-0.299994
-0.427213
-0.409278
-0.682319
-0.567058
-0.562116
-0.439720
-0.389126
-0.340709
-0.223124
-0.467989
-0.437687
-0.465890
-0.170569
-0.035288
0.236878
0.356111
0.453872
0.374626
0.383261
0.360028
0.426008
0.474056
0.249124
0.303199
0.525903
0.744718
0.707749
0.467076
0.140922
-0.092287
-0.134849
-0.487374
-0.559806
-0.752725
-0.899930
-1.327956
-1.152396
-0.705542
-0.380500
-0.173641
0.356313
0.830244
1.170141
1.284628
1.253738
1.214793
0.645103
0.288203
0.101473
-0.044995
-0.412834
-0.439014
-0.644400
-0.598691
-0.592612
-0.395256
0.125840
0.436086
0.339932
0.287073
0.117266
-0.384999
-0.617410
-0.709388
-0.633835
-0.563847
-0.354473
-0.053134
0.391628
0.698124
0.681902
0.716114
0.265322
0.264063
0.280685
0.206101
0.217348
0.447804
0.256032
-0.257403
-0.502335
-0.544588
-0.701240
-0.623317
-0.467128
-0.111422
-0.069096
0.109338
0.372760
0.135208
-0.052794
-0.045266
-0.026405
-0.153512
0.244708
0.644272
1.004011
1.039044
0.893520
0.671081
0.438092
0.200050
0.393958
0.285728
0.129078
-0.065539
-0.249338
-0.513027
-0.648396
-0.342803
-0.247571
-0.523472
-0.522464
-0.416913
-0.257916
-0.256763
-0.043521
-0.048636
-0.274994
-0.442847
-0.284396
-0.190088
-0.099924
0.309216
0.525404
0.691496
0.920382
1.134677
1.088954
0.896592
0.558366
0.461712
0.249040
0.246946
0.380711
0.567251
0.437263
0.249743
0.047986
-0.239950
-0.443688
-0.522624
-0.493845
-0.590878
-0.842495
-1.018349
-1.140651
-1.468075
-1.586499
-1.350398
-1.039675
-0.784145
-0.299912
0.045041
0.386687
0.605834
0.641082
0.866802
1.129880
0.961844
1.070907
0.891610
0.340856
-0.053987
-0.092324
-0.489312
-0.531438
-0.291789
-0.378072
-0.251921
0.084339
0.084339
0.264872
0.767833
1.068207
0.891058
0.780742
0.623372
0.212256
-0.017177
-0.066022
0.119055
0.161484
0.261573
-0.111128
-0.230600
-0.215719
-0.369104
-0.404559
-0.059670
-0.191762
-0.236251
-0.323486
-0.536943
-0.822801
-0.865749
-0.656680
-0.782077
-0.640545
-0.515102
-0.151451
0.073450
0.179295
0.510731
0.421531
0.606905
0.484611
0.890540
1.030404
1.121439
0.990874
0.806616
0.567619
0.207082
0.225338
0.123153
-0.319190
-0.333105
-0.459600
-0.936813
-1.372302
-0.984076
-1.001092
-0.678327
0.002046
0.516049
0.340933
0.376090
-0.049612
-0.458492
-0.587698
-0.344075
-0.222525
-0.224175
-0.228657
-0.293038
-0.396025
-0.096254
0.116812
0.453116
0.299729
0.450929
0.144417
0.110098
-0.067194
-0.148178
-0.274369
-0.518051
-0.418104
-0.307604
-0.262322
-0.367652
-0.269584
-0.224349
-0.220552
-0.000348
0.338130
0.540821
0.772093
0.992726
1.290212
1.470249
1.067571
0.635304
0.515522
0.398936
0.143583
0.370565
0.467816
0.380828
0.160974
-0.139919
-0.379162
-0.513788
-0.724623
-0.678258
-0.509297
-0.350058
-0.162201
-0.027861
0.129532
0.087723
0.301909
0.286335
0.303450
0.306247
0.520673
0.569358
0.775199
1.004583
1.239490
0.974973
0.365572
-0.595116
-1.359117
-2.218877
-2.652823
-2.420928
-1.716235
-1.051531
-0.571811
0.215047
0.703245
0.840572
0.868930
0.876176
0.685182
0.459524
0.362441
0.298195
0.284173
0.292396
0.181443
0.275831
0.359747
0.637359
0.740042
0.853691
0.840527
0.478313
0.043899
-0.308349
-0.420754
-0.538860
-0.280795
-0.505719
-0.689240
-1.435790
-1.543699
-1.727876
-1.233568
-0.913454
-0.081724
0.131975
0.119482
0.222986
0.494574
0.579957
0.731532
0.861357
0.721829
0.493415
0.373868
-0.096571
-0.304815
-0.365034
-0.538990
-0.538931
-0.775405
-0.785814
-0.947856
-0.818092
-0.721967
-0.169242
0.170622
0.417335
0.559483
0.729304
0.871693
0.958018
1.077716
1.202221
1.158410
0.999196
0.692132
0.392073
0.048771
-0.503699
-0.902520
-1.062528
-1.058227
-0.996527
-0.703238
-0.317591
-0.072915
-0.225153
-0.305868
-0.589796
-0.612821
-0.420691
-0.046765
0.225064
0.590434
0.744415
0.613744
0.705706
0.755038
0.753848
0.857478
0.846663
0.668476
0.377839
-0.126315
-0.432386
-0.417127
-0.374182
-0.408175
-0.089076
-0.215444
-0.133759
-0.107488
-0.164950
-0.184564
-0.113664
-0.242123
-0.371276
-0.371736
-0.557789
-0.629807
-0.952174
-1.212552
-1.138369
-0.597176
-0.059218
0.399507
0.779529
0.935179
0.934611
0.905268
1.010227
0.849186
0.809571
0.921930
0.602205
0.386423
0.532019
0.496929
0.044502
-0.179478
-0.274005
-0.377382
-0.293665
-0.173504
-0.076171
0.017357
0.180769
-0.112214
-0.462608
-0.611453
-1.126697
-1.764239
-1.467603
-1.491624
-1.345675
-0.935639
-0.220325
0.368057
0.995958
1.386654
1.561111
1.336394
0.594173
0.293441
0.149171
-0.094428
0.034585
0.094703
0.132875
-0.162976
0.015876
-0.302341
-0.535896
-0.512028
-0.355608
-0.465199
-0.358054
-0.121153
-0.448564
-0.612095
-0.524941
-0.212256
-0.007320
0.795234
1.040425
1.516413
1.460830
1.226114
1.077375
1.022279
0.401445
-0.067175
-0.051041
-0.158754
-0.154854
0.089959
0.292116
0.286377
-0.248950
-0.745698
-1.206146
-1.306547
-1.237867
-1.384264
-1.116168
-0.990276
-0.688638
-0.521611
-0.053168
0.208954
0.708709
0.840339
1.035122
0.983541
0.920446
0.549339
0.193306
-0.271224
-0.218811
-0.142089
-0.101438
-0.042437
-0.136641
-0.235541
-0.488400
-0.380116
-0.478227
-0.373257
-0.376162
-0.212237
-0.029957
0.402044
0.180653
0.114410
0.132011
-0.057866
-0.328095
-0.386235
-0.434073
-0.224819
-0.112664
0.148860
0.502493
1.036218
1.111703
1.176233
0.773443
0.725645
0.332438
0.027719
-0.202461
-0.202820
-0.260318
-0.249297
-0.295418
-0.328208
-0.311343
-0.309797
-0.416791
-0.483619
-0.525221
-0.425628
-0.337065
-0.239332
-0.108689
0.073257
0.310611
0.799182
1.154332
1.552782
1.693845
1.674735
1.710915
1.699616
1.058311
0.268331
-0.320313
-1.265460
-1.847993
-1.886877
-1.525274
-1.198699
-0.782029
-0.425055
-0.024251
0.084484
0.247365
0.306347
0.269451
0.152499
0.073720
-0.155863
-0.361393
-0.422236
-0.695598
-0.746266
-0.657265
-0.433049
-0.144603
0.219861
0.735770
1.080525
1.235680
1.162697
0.997252
0.732833
0.519278
0.444177
0.264854
0.304565
0.232740
0.113864
-0.125234
-0.240378
-0.428951
-0.618420
-0.709719
-0.632859
-0.558237
-0.524059
-0.364207
-0.335423
-0.211519
0.070286
0.363502
0.511249
0.883307
1.023613
1.048990
1.085909
1.091104
0.759940
0.462032
-0.209194
-0.642959
-0.714193
-0.485678
-0.173116
0.186776
0.420887
0.638003
0.768832
0.518656
0.608202
0.751167
0.562900
0.372282
0.226388
0.066372
-0.114666
-0.217729
-0.392538
-0.239564
-0.066485
-0.117609
-0.348636
-0.902985
-1.647586
-2.009671
-1.886903
-1.524778
-0.835053
-0.301992
0.084033
0.346294
0.437476
-0.054637
-0.490664
-0.648106
-1.041866
-0.958199
0.038548
1.198694
1.633365
1.772911
1.470265
0.732264
0.297089
-0.088185
-0.059653
-0.078935
0.083568
0.078390
-0.126408
-0.172668
-0.113522
-0.238621
-0.331952
-0.057595
-0.036262
0.029483
0.231564
0.522633
0.885463
1.264164
1.428540
1.631644
1.684877
1.195013
0.370686
-0.355312
-1.040933
-1.538996
-1.593191
-1.350956
-1.137988
-0.892551
-1.079773
-1.019395
-0.981520
-0.747610
-0.605653
-0.360311
-0.245484
-0.142306
-0.185440
-0.241862
-0.148300
-0.049042
-0.024682
0.036777
0.137680
0.338972
0.523172
0.772051
0.996686
1.069639
1.007624
1.078732
0.949871
0.860688
0.881679
0.997773
0.827270
0.305660
-0.301269
-0.591260
-0.924309
-1.489033
-1.430917
-1.035016
-0.878288
-0.757904
-0.666931
-0.319671
-0.313229
-0.408966
-0.396786
-0.132151
-0.066839
0.101988
0.329206
0.661187
0.863699
1.125416
1.248666
1.388314
1.178971
0.905650
0.622458
0.335435
0.080646
-0.216314
-0.272961
-0.511032
-0.528023
-0.718208
-0.780451
-0.785365
-0.616284
-0.733270
-0.514832
-0.246917
0.030153
-0.043137
-0.190928
-0.224550
-0.515062
-0.666189
-0.273415
0.412718
0.757013
1.297776
1.588070
1.320652
1.085855
0.895502
0.687813
0.410516
0.417019
0.353792
-0.238953
-0.510604
-0.786830
-1.099953
-1.266430
-0.781176
-0.509525
-0.399682
-0.146636
-0.012567
0.008891
-0.070253
-0.324417
-0.163160
0.023943
-0.163322
-0.176195
0.110326
0.163810
-0.008745
0.102758
0.206907
0.329938
0.391880
0.298466
0.434430
0.405254
0.335435
0.443266
0.320622
0.230209
0.232025
0.408601
-0.004484
0.078578
-0.034401
-0.347146
-0.648012
-0.518104
-0.188024
0.093828
0.276756
0.648597
0.472200
0.022873
-0.541433
-0.658914
-0.961340
-0.895948
-0.462594
0.162475
0.195239
0.258628
0.049890
0.037318
-0.131335
0.070417
0.317335
0.271609
-0.062499
-0.274725
-0.466974
-0.639508
-0.328193
-0.084797
0.270791
0.753946
0.834331
0.754442
0.955869
0.818830
0.367253
0.003102
0.034837
-0.488982
-0.869349
-0.811986
-0.679557
-0.459073
-0.176726
0.152870
0.027003
0.300525
0.226692
0.024405
0.235369
0.622192
0.726740
0.794778
0.992475
0.652761
0.399309
0.256795
0.259701
0.079793
0.115651
0.179454
0.160507
-0.015553
0.041897
0.079424
-0.180813
-0.402782
-0.718865
-0.816383
-1.008380
-1.153588
-1.146547
-0.960012
-0.821927
-0.560347
-0.085246
0.207448
0.678504
1.029350
0.933115
0.681952
0.498543
-0.033642
-0.359474
-0.463589
-0.369407
-0.335552
-0.217669
-0.489743
-0.477412
-0.605821
-0.586416
-0.469885
-0.238683
-0.374275
-0.179927
-0.049116
0.081191
0.332653
0.731188
0.959625
0.967722
1.073056
0.969204
0.946337
1.008305
0.925704
0.888625
0.831157
0.626618
0.200609
-0.057086
-0.335142
-0.717222
-0.716948
-0.686119
-0.526537
-0.415621
-0.267882
-0.212368
-0.300751
-0.518401
-0.720499
-0.547827
-0.338710
-0.219218
-0.141886
-0.172909
-0.435624
-0.675695
-0.576417
-0.422812
-0.208163
0.209777
0.454722
0.363645
0.437701
0.252316
0.305702
0.366992
0.612748
0.731950
1.031000
0.991466
0.674958
0.302939
-0.029917
-0.331403
-0.469657
-0.406233
-0.172459
-0.035963
-0.043311
-0.094349
-0.287392
-0.547859
-0.675955
-0.721923
-0.742214
-0.804963
-0.825599
-0.672829
-0.313153
-0.188787
-0.131403
0.136080
0.093210
-0.013634
0.103574
0.710325
1.041368
0.932204
1.015773
0.765129
0.419063
0.194173
0.390132
0.327691
0.468341
0.635471
0.560669
0.611335
0.758177
0.668596
0.285905
0.119273
0.133549
-0.011013
0.035257
0.258609
0.399894
0.305308
-0.101219
-0.658926
-1.199929
-1.873624
-2.127103
-1.883018
-1.172588
-0.852201
-0.530008
-0.125469
-0.118957
-0.309992
-0.026397
0.423059
0.287539
0.106409
0.052000
-0.091234
-0.146048
0.101831
0.468926
0.766199
0.764716
0.712872
0.443535
0.076664
-0.190438
-0.145835
-0.180951
-0.188240
0.049463
-0.185858
-0.469159
-0.471652
-0.318420
-0.101129
0.461168
0.962170
1.165326
0.934581
0.812092
0.514534
-0.069969
-0.602951
-0.909722
-1.074583
-1.225739
-0.943037
-0.800337
-0.515120
-0.296966
-0.054849
0.050455
0.216772
0.486488
0.488280
0.542856
0.527927
0.347819
-0.050895
-0.400972
-0.611968
-0.604624
-0.451480
-0.229888
0.065245
0.408758
0.378759
0.304143
0.465480
0.421491
0.482647
0.675592
0.974567
0.920169
0.870986
0.467700
-0.024091
-0.431752
-0.377304
-0.278288
-0.294425
-0.395921
-0.404285
-0.825727
-1.134291
-0.981062
-0.624061
-0.307067
-0.384449
-0.326874
-0.389360
-0.447858
-0.580609
-0.187952
-0.195712
-0.157461
-0.119684
-0.134446
-0.118067
-0.022974
0.084403
0.218254
0.125572
-0.079464
-0.134356
-0.013566
0.238386
0.356330
0.766371
1.208364
1.198268
0.949632
0.906014
0.772130
0.014212
-0.706004
-0.832355
-0.493521
-0.693413
-0.098895
0.467630
0.678525
0.192326
0.146904
-0.047419
-0.000520
-0.084143
0.250624
0.310773
0.191258
0.106105
-0.261040
-0.377532
-0.250352
-0.158172
-0.414442
-0.181081
-0.245160
-0.526521
-0.737897
-0.670207
-0.674639
-0.756173
-0.772407
-0.446399
-0.280888
-0.480376
-0.392330
-0.140742
-0.049178
0.118377
0.598187
0.833926
1.220836
1.391199
1.259119
1.152989
1.111868
0.823152
0.640024
0.555801
0.313521
-0.012311
-0.344170
-0.485586
-0.571615
-0.390652
-0.265121
-0.113987
-0.143651
-0.020348
0.114450
0.074859
0.036550
-0.201470
-0.576495
-0.836742
-0.926007
-0.895418
-0.735351
-0.308621
-0.121855
0.263851
0.668509
0.880285
1.058258
1.058258
1.209904
1.134537
1.074104
0.604504
0.473706
0.055456
-0.358975
-0.500747
-0.335763
-0.470167
-0.357758
-0.559816
-0.736418
-0.820920
-1.008983
-1.248197
-1.283939
-1.084557
-0.920476
-0.320012
0.190335
0.837174
1.177213
1.233685
0.908306
0.833427
0.524638
0.473575
0.384213
0.591607
0.527693
0.141758
-0.112171
-0.093733
-0.107656
-0.236798
0.162179
0.323673
0.231077
0.202837
0.028083
-0.247036
-0.667336
-0.830383
-0.878252
-0.618949
-0.298768
-0.098177
-0.094465
-0.186287
-0.753609
-0.822760
-0.643649
-0.317245
-0.038262
0.446916
0.691165
0.705920
0.989099
0.619160
0.412218
0.233031
0.122265
-0.068904
-0.011784
0.194379
0.283712
0.550907
0.542000
0.484879
0.359478
-0.110791
-0.712061
-0.937657
-0.920496
-0.880632
-0.253721
0.326625
0.618405
0.869497
0.817647
0.289223
-0.129537
-0.493668
-0.741417
-0.675550
-0.473606
-0.239642
-0.276541
-0.233909
-0.248935
-0.065988
0.051321
0.367497
0.490443
0.306996
-0.098578
-0.110083
-0.099282
-0.015044
0.198661
0.456214
0.259275
-0.330880
-0.810392
-0.957400
-1.252950
-1.221285
-0.847982
-0.360776
-0.156947
0.524462
0.637482
0.927755
1.022787
0.764370
0.440477
0.239551
-0.061330
-0.151538
0.267714
0.383958
0.602317
0.622667
-0.049905
-0.429245
-0.519392
-0.670982
-0.572559
-0.038193
0.011737
-0.170277
-0.199068
-0.242501
-0.040386
0.048095
0.126951
0.377713
0.492178
0.600929
0.903929
0.825558
0.886023
1.001876
0.858059
0.915381
0.927087
0.606795
0.111932
-0.118027
-0.499910
-0.269938
-0.051808
0.282302
0.363788
0.409345
0.142874
-0.082870
-0.328893
-0.501797
-0.961102
-1.106276
-1.267822
-1.196687
-1.079841
-0.478223
-0.153479
0.126274
0.085123
0.047540
0.016099
0.148072
-0.059362
0.075068
0.162333
-0.133071
-0.169996
-0.058287
-0.021265
0.072370
0.378928
0.431168
0.668448
0.697492
0.584318
0.815657
1.035888
0.969934
1.164861
0.972580
0.741240
0.211066
-0.025868
-0.351562
-0.834566
-1.338341
-1.835662
-1.717972
-1.652720
-1.019050
-0.576437
-0.251669
-0.313253
-0.408582
-0.704998
-0.620198
-0.410704
-0.313676
-0.222929
0.220677
0.164839
-0.098307
-0.029554
0.232500
0.255452
0.221249
0.465672
0.672558
0.342641
0.302130
0.388721
0.614525
0.418570
0.491310
0.530877
0.195143
0.094787
-0.218214
-0.433431
-0.463403
-0.133383
0.013078
-0.030958
0.066153
-0.164890
-0.305495
-0.564417
-0.430087
-0.288102
-0.178252
-0.080307
0.124743
0.247529
0.346611
0.511630
0.579729
0.618702
0.481623
0.449751
0.452468
0.484499
0.594384
0.948390
0.856813
0.397409
-0.044678
-0.608993
-0.992562
-1.179324
-1.114204
-0.836387
-0.552480
-0.216693
-0.157004
0.000877
0.014720
0.025352
-0.139891
0.060632
0.295524
0.436992
0.534046
0.669193
0.575516
0.499862
0.258768
0.068691
-0.239813
-0.390527
-0.649453
-0.690703
-0.548032
-0.303768
-0.018720
0.329811
0.549170
0.641062
0.267364
-0.146701
-0.660106
-0.990674
-1.122378
-0.712050
-0.266093
0.208082
0.581055
0.654488
0.620882
0.520044
0.386674
0.208273
0.213445
0.187513
0.413392
0.301892
0.039503
-0.244078
-0.667322
-1.277183
-1.538001
-1.272576
-1.200116
-1.001739
-0.502097
-0.061281
0.052238
0.234136
0.402928
0.316608
0.185955
0.381599
0.743548
1.126393
1.116151
1.171486
1.148643
0.702392
0.381841
0.438541
0.585034
0.490262
0.786054
0.953034
0.549260
0.096550
-0.102251
-0.462873
-0.789260
-0.623834
-0.408434
-0.468148
-0.500913
-0.639046
-0.839878
-0.793566
-0.659828
-0.480701
-0.338327
-0.146388
0.006937
0.235326
0.451758
0.661251
1.034502
1.179745
0.897420
0.766609
0.578885
0.299283
0.063254
0.213245
0.369898
0.409572
0.354367
0.124264
-0.617863
-1.469566
-2.065252
-2.170879
-2.123884
-1.326071
-0.783792
-0.116796
0.166012
0.418009
0.497481
0.542655
0.898315
1.206152
1.109453
0.769505
0.490362
-0.127615
-0.796443
-0.880325
-0.906042
-0.395530
0.195918
0.335926
0.279103
0.316302
-0.066447
-0.373377
-0.037986
0.247467
0.413371
0.463972
0.414133
0.322628
0.202932
0.212524
0.304594
0.318376
0.238107
0.307739
0.145685
0.201636
0.334094
0.523860
0.706846
0.761055
0.756531
0.849074
0.897211
0.736488
0.491074
0.289493
-0.205833
-0.656369
-1.316028
-1.963483
-1.768665
-1.538233
-1.562969
-1.008159
-0.122735
-0.082442
0.217846
0.652982
0.610539
0.603832
0.685632
0.718006
0.650063
0.642057
0.697168
0.682918
0.314311
0.130876
0.231881
0.286711
-0.014238
-0.101394
-0.156845
-0.269010
-0.495271
-0.588031
-0.696480
-0.837378
-0.938167
-1.085496
-0.986858
-0.854163
-0.534610
-0.479836
-0.192500
0.050141
0.361556
0.424397
0.695170
0.940518
1.088054
1.259762
1.232295
1.276597
0.891519
0.596903
0.246331
0.186140
0.019424
0.235827
0.349010
-0.008175
-0.174974
-0.209386
-0.354881
-0.617228
-0.791699
-0.955470
-1.336770
-1.602286
-1.646833
-1.296559
-1.183481
-1.125507
-0.899118
-0.625423
-0.338893
0.029367
0.493881
0.663695
0.487706
0.209606
0.089747
0.058780
0.174947
0.356850
0.600506
0.652836
0.847160
0.954502
0.910229
0.834870
0.557484
0.216895
0.107221
0.059181
0.181588
0.352282
0.337001
0.025620
-0.214270
-0.497340
-0.528113
-0.558579
-0.698232
-0.840527
-0.716933
-0.826430
-0.696094
-0.260909
0.221170
0.336085
0.513142
0.703179
0.763654
1.153470
1.392372
1.540368
1.354011
1.309733
0.944031
0.367962
0.147346
0.157876
-0.768495
-0.932599
-0.266195
-0.345308
-0.658974
0.005018
0.009901
-0.532512
-0.279054
-0.159954
-0.014178
0.008147
-0.156162
-0.291560
-0.028511
0.061602
0.185428
0.432927
0.617097
0.547904
0.520089
0.314127
0.278685
0.018333
-0.125380
-0.025547
0.145974
0.105441
0.077780
0.036338
-0.273479
-0.611535
-0.827944
-1.125655
-1.186906
-1.265811
-1.069112
-0.623366
-0.398853
-0.019641
-0.053120
-0.115157
-0.109086
-0.067641
0.007966
0.379680
0.803815
0.942336
1.163718
1.008769
0.735257
0.428793
0.015935
-0.363857
-0.479546
-0.297355
-0.253781
-0.404543
-0.341920
-0.377212
-0.525276
-0.590038
-0.291965
-0.115881
-0.181780
-0.225491
-0.019470
0.043193
0.261243
0.604290
0.735781
0.806797
0.763016
0.728615
0.602998
0.765682
0.404018
0.171471
-0.108784
-0.255027
-0.350940
-0.232001
-0.023339
0.164460
0.307429
0.354243
0.347495
0.472673
0.180981
-0.409566
-0.811354
-0.903529
-1.203228
-1.085327
-0.434828
0.014074
0.368615
0.723630
0.784057
0.785492
0.581829
0.342833
0.227857
0.239665
0.242244
0.276663
0.343977
0.462876
0.730814
0.845141
0.680263
0.573114
0.289804
-0.082672
-0.340655
-0.367598
-0.629477
-0.749846
-0.988208
-1.367327
-1.570090
-1.407529
-0.997634
-0.482794
-0.102027
0.237051
0.416931
0.258796
0.269196
0.149862
0.093826
0.102801
0.052011
-0.015689
0.191483
0.289299
0.328559
0.514918
0.504346
0.241017
0.183297
0.161474
0.121489
0.244437
0.461996
0.486973
0.402516
0.178624
-0.467820
-0.852942
-1.032216
-1.349415
-1.427767
-1.171475
-0.778413
-0.461952
-0.242979
-0.155457
-0.011302
0.010776
0.105965
0.481014
0.833312
0.999532
1.010917
0.805788
0.666363
0.567163
0.659759
0.753461
0.786557
0.707535
0.339486
-0.167317
-0.586398
-0.901820
-1.091065
-0.957087
-0.648913
-0.430297
-0.127099
0.188947
0.359450
0.470664
0.386364
0.318596
0.221140
0.007604
-0.243098
-0.333604
-0.389102
-0.583359
-0.644649
-0.495940
-0.455699
-0.317084
-0.359720
-0.447780
-0.497342
-0.524618
-0.436836
-0.318398
-0.053501
-0.074552
0.303896
0.376433
0.618141
0.836837
0.855561
0.411122
0.187104
-0.105996
-0.364011
-0.616599
-0.552510
-0.511037
-0.619088
-0.714652
-0.378013
-0.292290
-0.290731
-0.046347
0.139254
0.197958
0.349610
0.439270
0.549357
0.714837
0.455516
0.455125
0.331687
0.383089
0.218857
0.461035
0.722231
0.880626
0.919133
1.098900
1.153816
1.054711
0.989193
0.894398
0.628382
0.441980
-0.199236
-0.800382
-1.857101
-2.271621
-2.342743
-2.280582
-1.878893
-0.997739
-0.447620
-0.057595
0.180067
0.422312
0.521897
0.449579
0.435799
0.620428
0.610389
0.511341
0.608057
0.440558
0.119867
-0.109461
0.140892
0.274755
0.119545
0.227101
0.703115
0.479335
0.096433
0.001732
0.129972
-0.187910
-0.197191
-0.300239
-0.456425
-0.790963
-0.853118
-0.904373
-0.674811
-0.447967
0.081275
-0.095796
0.037855
0.053778
0.339836
0.388008
0.798311
0.859616
0.840279
0.485160
0.186850
-0.408849
-0.746654
-1.230709
-1.309063
-1.426792
-1.187435
-0.905512
-0.300959
-0.064118
-0.510414
-1.243257
-1.246765
-1.184722
-0.567634
1.124026
3.244223
4.821864
6.278070
7.264344
7.732130
8.200248
