8.483179
8.483179
8.483179
8.031266
6.890141
4.363323
2.439736
0.344710
-0.973837
-1.996626
-1.248220
-0.804107
-0.457822
-0.997901
-1.334637
-1.933097
-2.575410
-3.108909
-2.795705
-2.333396
-1.719301
-1.327800
-0.843141
-0.610600
-0.465033
-0.678290
-0.807727
-0.873277
-0.935425
-0.638936
-0.285670
-0.066067
0.270988
0.523698
0.326062
0.210756
0.220349
0.378091
0.331775
0.493466
0.875420
0.965924
0.887941
0.861177
0.863912
0.608061
0.410314
0.158920
0.251521
0.271440
0.200094
0.231416
0.375962
0.201240
0.226258
-0.246317
-0.078837
-0.056920
0.132754
0.236711
0.367851
0.310466
0.170139
-0.407371
-0.508726
-0.609192
-0.681009
-1.067068
-0.550018
-0.551263
-0.459841
-0.332563
-0.228789
-0.551504
-0.940059
-0.883466
-1.349826
-1.406976
-0.944774
-0.420247
0.049649
0.553033
0.940824
0.997155
0.839549
0.896260
0.846524
0.885853
0.911423
0.894887
0.757484
0.554714
0.612746
0.401393
0.217041
0.230305
0.262599
0.094108
-0.101100
-0.121903
0.016064
0.177719
0.321912
0.364073
0.492206
0.182040
-0.104295
-0.146414
-0.134935
0.005170
0.111532
0.306306
0.242502
0.269133
0.119374
0.337415
0.593046
0.813590
1.118567
1.354307
1.314062
1.164259
-0.272767
-1.745182
-1.704032
-3.075858
-2.961992
-1.745558
-0.479761
-0.633377
0.634895
0.646078
0.636085
0.628865
0.606971
0.606971
0.415613
0.411634
0.455322
0.427772
0.253568
0.102834
0.001816
-0.012427
-0.277967
-0.243007
-0.475677
-0.732807
-0.157409
-0.024458
0.439731
0.351017
1.222816
1.086936
1.224821
0.913147
1.114249
-0.601865
-1.432727
-1.779589
-1.943530
-1.665903
-0.373367
-0.160350
0.227029
0.330751
0.160840
-0.001336
0.015110
-0.049832
-0.055038
0.094024
0.861367
1.075574
1.189172
0.933164
1.259898
0.940192
0.452652
0.220022
0.166209
0.144140
-0.322961
-0.099136
0.628578
0.739037
0.102832
-0.031894
-0.175333
-1.054326
-0.900934
-0.595400
-0.426121
-0.201280
0.118402
0.159594
0.311586
0.480279
0.628480
0.832527
0.951295
0.993402
0.811895
0.743103
0.507976
0.412755
0.240303
0.309017
0.031979
-0.327088
-0.887259
-1.666022
-1.810293
-1.640885
-1.530282
-1.038596
-0.544744
-0.505062
-0.551482
-0.494907
-0.754999
-0.663324
-0.741844
-0.670031
-0.515116
-0.113251
0.219437
0.369437
0.550083
0.523263
0.432334
0.418053
0.474843
0.320025
0.568021
0.603059
0.585598
0.704731
0.636261
0.386004
0.093316
-0.238312
-0.608248
-0.780619
-0.849257
-0.612246
-0.205135
0.084778
0.739496
1.207871
1.180111
1.045421
0.783991
0.393436
-0.105910
-0.280989
-0.259039
-0.015495
0.055621
0.335034
0.474689
0.336127
0.269874
0.009057
-0.717854
-0.994267
-1.012036
-1.038769
-0.673584
-0.007523
0.381237
0.615575
0.856455
0.877528
0.977122
0.820068
0.563725
0.371810
-0.000238
-0.332465
-0.244397
-0.431521
-0.237262
-0.054029
-0.091148
-0.313763
-0.250262
-0.562213
-0.465579
-0.179154
0.133216
0.447721
0.463445
0.202783
0.166418
-0.098569
-0.132645
0.028288
0.320692
0.221805
0.373722
0.237629
-0.058211
-0.427926
-0.455583
-0.746927
-0.883756
-1.849115
-1.644962
-1.712276
-1.563456
-1.463174
-0.319219
-0.187894
0.041639
0.304656
0.458141
0.619542
0.707232
0.685582
0.727360
0.809447
0.825928
0.744181
0.695898
0.668593
0.716516
0.838793
0.975921
1.101769
1.044155
0.951831
0.831559
0.725354
-0.346000
-0.414645
-0.298777
-0.416912
-1.497035
-1.562838
-1.627381
-1.866246
-1.856631
-0.934838
0.042959
0.118781
0.111416
0.028770
0.031204
-0.023799
0.092334
0.225956
0.491830
0.882252
1.236528
1.320577
1.485542
1.511060
1.358075
1.059091
0.693115
0.403725
-0.044763
-0.559229
-0.674764
-0.704765
-0.910447
-1.023491
-0.939119
-1.050465
-1.089947
-1.024441
-0.726418
-0.641106
-0.504892
-0.359368
-0.254752
-0.046032
0.117384
0.354918
0.365127
0.350395
0.274244
0.450523
0.276612
0.364402
0.386476
0.234030
-0.120900
-0.110289
0.089380
0.165155
0.425217
0.706808
0.784884
0.636666
0.750577
0.500590
0.083084
-0.258343
-0.767111
-1.400383
-1.744171
-1.642095
-1.495371
-1.220608
-0.818656
-0.024643
0.158472
0.829555
1.016327
1.073521
0.782646
0.760872
0.389148
0.410744
0.530523
0.513066
0.368568
0.413605
0.206759
-0.019463
-0.418503
-0.612545
-0.494687
-0.253721
0.413486
0.661519
1.348905
1.365709
1.068700
0.232801
0.168391
-0.676853
-1.308454
-1.346611
-1.066778
-0.839964
-0.439192
-0.324471
-0.066806
-0.052400
-0.254887
-0.070042
0.355395
0.485118
0.407920
0.350756
0.472871
0.226756
0.139334
0.209783
0.313189
0.017561
-0.125355
-0.212007
-0.042886
-0.053867
-0.005764
0.038179
-0.240281
-0.644551
-0.856093
-0.887726
-0.274204
0.662169
0.765136
0.844820
0.512559
-0.302289
-0.988743
-0.985641
-0.733760
-0.305192
0.087030
0.392713
0.717269
0.827539
0.780488
0.990441
0.630113
0.265894
0.064076
0.034156
-0.312036
-0.100258
0.473122
0.319758
0.128293
-0.067866
-0.453928
-0.953013
-0.876099
-0.782651
-0.624652
-0.447538
-0.534265
-0.565886
-0.730644
-0.872333
-0.972820
-1.084717
-1.088118
-0.869352
-0.472802
-0.073119
0.281687
0.534094
0.742351
0.817517
0.754349
0.929231
1.159757
1.280096
1.216690
1.139074
0.828756
0.324586
0.179144
-0.015595
-0.119402
-0.107707
-0.009537
-0.040871
0.032248
0.149249
0.320961
0.640603
0.668438
0.633062
0.567559
0.438367
0.031141
-0.144020
-0.244636
-0.353889
-0.633213
-0.826880
-0.948735
-1.143689
-1.027122
-0.539775
-0.088917
0.317983
0.657446
0.792262
0.449391
0.527503
0.513024
0.646401
0.463929
0.558925
0.229586
-0.172931
-0.263395
-0.073905
-0.225900
-0.205452
-0.074905
-0.345955
-0.596004
-0.668894
-0.749249
-0.855794
-0.764345
-0.537072
-0.127192
0.199144
0.642091
0.869767
0.827435
0.793360
0.706273
0.446862
0.228299
0.148129
0.254965
0.181450
0.318565
0.518473
0.419830
0.230855
0.360835
-0.185602
-0.602679
-0.996110
-1.246620
-1.331540
-0.870703
-0.520513
-0.036627
0.296682
0.714317
0.475125
0.351350
0.295323
0.275533
-0.272866
-0.056641
0.061617
0.296864
0.851971
0.593024
0.204700
-0.005798
-0.138137
-0.700500
-0.494007
-0.292963
-0.450159
-0.294084
-0.350638
-0.276894
-0.156979
-0.560399
-1.661083
-1.891653
-2.151822
-1.742278
-1.238756
-0.076167
0.448258
0.937305
0.622424
1.195011
1.009412
0.688087
0.534592
0.556698
0.178741
0.071538
-0.000212
-0.012285
-0.219327
-0.286342
-0.077450
0.074400
0.041708
0.163842
0.066796
-0.366463
-0.731717
-0.668822
-0.781812
-0.391872
0.036999
0.461723
0.312590
0.029236
-0.154491
-0.105744
0.057773
0.357571
0.790479
0.674812
0.477245
0.302376
0.248895
0.454647
0.641300
0.810344
0.816360
0.580723
0.282236
-0.051583
-0.546963
-0.836518
-0.936041
-1.057819
-1.033883
-0.840649
-0.823842
-0.517002
-0.368208
-0.408732
-0.497546
-0.570239
-0.772329
-0.775398
-0.358178
-0.099032
0.088263
0.292259
0.359541
0.190910
0.155348
0.285877
0.308685
0.429498
0.318819
0.387904
0.394374
0.063994
-0.317821
-0.209612
0.004744
0.060326
0.405214
1.057400
1.439140
1.111198
0.770437
0.424936
-0.162997
-0.785336
-1.058495
-1.051557
-0.811729
-0.503609
-0.246542
-0.267619
-0.405210
-0.418777
-0.636625
-0.607260
-0.419464
0.077757
0.178870
0.526414
0.326255
0.489046
0.150384
0.110525
-0.101421
0.293177
0.096688
0.411656
0.415002
0.484308
0.295775
0.439094
0.001252
-0.171741
-0.427494
-0.244553
-0.027749
0.243105
0.560928
0.649638
-0.175928
-0.453586
-0.674855
-0.451124
-0.073016
0.498262
0.577172
0.847537
0.345382
0.215299
0.061995
-0.043994
-0.727921
-0.425326
-0.541156
-0.482273
-0.648833
0.019805
0.139975
0.121011
0.311849
0.635861
0.276725
-0.352750
-0.722659
-1.233467
-1.601226
-0.878000
-0.274849
0.170580
0.512146
0.746487
0.256768
0.081395
-0.081342
0.683963
0.664422
0.778738
0.635036
1.115298
0.583024
0.143860
0.102245
0.086459
-0.462675
-0.727594
-0.252806
-0.277471
-0.386590
-0.411836
-0.455231
-0.565227
-0.528083
-0.746989
-0.760793
-0.678440
-0.642267
-0.559898
-0.505811
-0.248628
-0.170230
0.355125
0.609890
1.150058
1.537558
1.173619
0.583085
0.041997
-0.401172
-0.985912
-0.822431
-0.672040
-0.489210
-0.125180
0.044484
0.282967
0.585276
0.705375
0.562710
0.551609
0.560302
0.585689
0.594327
0.578181
0.514018
0.630343
1.003821
0.799087
0.580300
0.149948
-0.304577
-1.497979
-2.001496
-2.211837
-2.163085
-2.114632
-1.608212
-1.037224
-0.613335
-0.120504
0.336569
0.660104
0.946123
1.019739
0.969633
0.876750
0.492879
0.307535
0.106681
0.025580
-0.138512
-0.070134
-0.181677
-0.069776
0.190901
-0.039123
-0.241669
-0.175585
-0.235726
-0.323608
-0.102321
-0.007220
-0.133428
-0.196627
-0.136843
-0.031891
0.396336
0.663512
0.871146
0.765609
0.592951
0.526480
0.369881
0.457245
0.452908
0.315724
0.072086
-0.167504
-0.561822
-0.872887
-0.862900
-0.705875
-0.353851
-0.416893
-0.308767
0.028226
-0.086335
-0.415989
-0.026511
0.160663
0.036744
-0.177248
-0.158048
-0.336059
-0.724527
-0.818735
-0.629352
-0.340776
-0.183521
-0.070501
0.138662
-0.018483
-0.041849
-0.099015
0.090051
0.074265
0.425133
0.756727
0.969686
1.157372
1.249969
1.229371
1.126866
0.987668
0.710443
0.311012
-0.142280
-0.273831
-0.421522
-0.552371
-0.527227
-0.211756
-0.455549
-0.661897
-0.505265
-0.520277
-0.706671
-0.755733
-0.632332
-0.626210
-0.558294
-0.432816
-0.392973
-0.020337
0.237702
0.598500
0.857737
1.078509
0.910735
0.605415
0.393855
0.059028
-0.282837
-0.294390
-0.326450
-0.420293
-0.455064
-0.481927
-0.450881
-0.347884
-0.358433
0.132909
0.607882
0.591102
0.378365
0.440607
0.023076
0.051042
-0.008310
-0.044719
0.236252
0.397899
0.359449
0.547127
0.920959
0.944546
0.868389
0.512015
0.280369
0.135227
-0.190891
-0.405628
-0.245880
-0.110535
0.224465
0.093781
0.087833
-0.083379
-0.403690
-0.802735
-0.715627
-0.339414
0.038325
0.136866
0.428091
0.511231
0.327055
-0.363609
-0.790997
-1.287935
-1.589743
-1.550208
-1.071265
-0.489353
-0.205280
-0.117506
-0.002117
0.003306
0.105689
0.006006
0.117824
0.496893
0.304111
0.444844
0.748587
0.880933
0.331380
0.609651
0.426614
0.030718
0.066810
-0.147805
-0.487343
-0.506440
-0.527303
-0.207085
0.153047
0.494867
0.469008
0.582329
0.361210
0.298692
0.405245
0.251681
0.191523
0.230488
0.205008
-0.142900
-0.348685
-0.453068
-1.049119
-1.416212
-1.161988
-0.609707
-0.246870
0.277582
0.730221
0.672389
0.029205
-0.124604
-0.518645
-0.531894
-0.573733
-0.131297
0.025366
0.372052
0.342284
0.433516
0.426772
0.050653
-0.242964
-0.171082
-0.250413
0.133217
0.777062
0.877344
1.164583
1.215989
0.847116
0.669392
0.979878
0.690327
1.055015
1.349311
1.031067
0.686677
0.371131
-0.657569
-1.031746
-0.900547
-0.745022
-0.794648
-0.492318
-0.516324
-0.930610
-0.994340
-0.736432
-0.233856
0.015548
0.204403
0.214554
0.222233
0.093321
-0.186108
-0.091877
0.013166
0.088650
-0.075486
-0.270835
-0.371459
-0.774071
-0.987351
-1.022356
-1.399724
-1.119750
-0.793758
-0.905449
-1.003615
-0.518057
-0.465498
-0.055608
0.142198
0.264077
0.457249
0.491207
0.270315
0.462640
0.675017
0.674344
0.636594
0.456698
0.611806
0.432379
0.269100
0.025305
-0.345746
-0.674605
-0.607782
-0.530271
-0.255694
0.250481
0.391092
0.483702
0.795135
0.936521
1.007757
0.975551
0.704989
0.425465
0.097012
0.018812
0.038996
0.285816
0.562775
0.751634
0.760602
0.601761
0.163930
-0.406633
-0.521740
-0.484765
-0.513644
-0.240876
-0.113518
-0.298543
-0.552235
-0.604946
-0.869350
-0.842890
-0.696953
-0.547724
-0.512448
-0.236307
-0.297904
-0.369089
-0.648516
-0.742892
-0.490846
-0.107177
0.349098
0.663671
0.943204
0.811039
0.756346
0.555351
0.300242
0.220101
0.306981
0.334358
0.380430
0.385006
0.430414
0.132990
-0.077803
-0.290863
-0.053868
-0.100380
-0.278201
-0.485619
-0.558720
-0.735918
-0.717665
-0.540464
-0.118419
0.119646
0.367468
0.499837
0.559173
0.588729
0.545133
0.622023
0.667093
0.987867
0.946192
0.811324
0.446948
0.146058
-0.086351
-0.232778
-0.276287
-0.171995
-1.216924
-1.341428
-1.465863
-1.611247
-1.681237
-0.734716
-0.411706
-0.034338
0.505972
0.895494
1.144847
1.130307
1.209376
1.104138
0.006747
-0.858581
-0.936169
-1.277359
-1.280867
-0.285668
0.548074
0.477142
0.735292
0.612348
0.470077
0.514007
0.583976
0.470419
0.503872
-0.124648
-0.111712
-0.742026
-0.840771
-0.942177
-0.358304
-0.432637
0.220097
0.321115
0.536842
0.764823
0.994763
1.067376
1.037498
0.161362
-0.082618
-0.354638
-0.460719
-0.467821
0.293523
0.618610
0.058173
-0.593224
-0.594209
-1.326168
-1.465009
-1.322548
-0.696431
-0.715929
-0.037230
-0.072003
0.460345
0.634658
0.817087
0.940821
1.068827
1.075299
1.030019
0.946903
0.923972
0.775276
0.662168
0.535177
0.462553
0.401614
-0.199908
-0.679563
-0.764359
-1.451343
-1.595635
-1.168158
-0.623653
-0.525191
0.005229
0.160719
0.323079
0.333709
-0.312001
-0.802745
-0.802745
-0.652323
-0.397250
0.384118
1.252301
1.342047
1.195876
1.093669
0.427875
0.415744
0.295202
0.281164
0.182198
0.808850
0.580289
-0.090489
-0.104773
-0.196330
-0.384698
-0.452269
0.092703
-0.021697
-0.103719
-0.736617
-0.628877
-0.604408
-0.458652
-0.280310
0.528056
0.598258
-0.052347
-0.082987
-0.903748
-1.036150
-0.957903
-0.051436
-0.077757
0.002795
0.128752
0.053514
0.000277
0.097854
0.822813
0.826189
0.678035
0.564170
0.476824
0.383239
0.267682
-0.279110
-0.167684
-0.852043
-0.746739
-0.669718
-0.243784
-0.306529
0.463719
0.406623
0.358676
0.506280
0.342599
0.197925
0.135576
0.111775
0.191263
0.388384
0.434572
0.586037
0.134967
0.137338
0.064484
0.068014
0.033256
0.500243
0.499931
0.226433
0.317596
0.308614
-0.032997
-0.051476
-0.231810
-0.287563
-0.681440
-0.642179
-0.593687
-0.458824
-0.545663
-0.613528
-0.284232
-0.344050
-0.355257
-0.197764
0.304152
0.442051
0.209183
0.288356
0.289162
-0.106437
-0.176909
0.095842
0.370592
0.335165
0.595258
0.553520
0.446284
0.390754
-0.065890
-0.435871
-0.524416
-0.912694
-0.921990
-0.546989
-0.145591
-0.123149
0.274547
0.230331
-0.125069
-0.091183
-0.031520
0.032497
0.218841
0.684635
0.718004
0.294229
0.264263
0.153106
-0.264130
-0.236382
0.242531
0.294162
-0.082013
0.247706
0.261468
-0.090300
-0.053717
0.320865
0.348709
0.267693
0.182405
0.142395
-0.201369
-0.151238
-0.494767
-0.490584
-0.515618
-0.558156
-0.598599
-0.682027
-0.338631
-0.366643
0.041563
-0.004320
0.490050
0.723760
0.243301
-0.285998
-0.104802
-0.744454
-0.980608
-0.538390
0.013149
-0.144758
0.432321
0.480003
0.623329
0.532820
0.477588
0.372654
0.339618
0.097134
0.166480
0.185190
0.323913
0.369736
0.510583
0.520921
0.594739
0.707136
0.885789
1.134269
1.354323
1.311169
1.175858
0.938385
0.626847
0.249828
-0.900690
-1.152635
-2.326154
-2.214797
-2.159018
-1.084513
-0.818424
0.316259
0.225887
-0.213979
0.002530
0.081345
0.151015
0.233983
0.787525
0.684060
0.619702
0.609811
0.654184
0.632331
0.580739
0.094031
0.007182
-0.165941
-0.574422
-0.659840
-0.305441
-0.179745
-0.414689
-0.333962
-0.207147
-0.397790
-0.403668
-0.306089
0.064545
0.111670
0.097558
0.102948
0.339469
0.377108
0.092050
0.145214
0.128883
-0.117720
-0.230677
-0.298447
-0.089350
-0.154087
-0.165486
-0.134518
-0.095232
-0.041587
-0.257299
-0.252918
-0.273457
-0.088519
-0.095562
0.208287
0.478029
0.497892
0.293628
0.313683
0.009886
0.090897
0.090448
0.074048
0.109769
0.363152
0.346102
0.009746
0.301964
0.230676
-0.075077
-0.160778
0.169887
0.202660
-0.116322
-0.134312
-0.101462
-0.475324
-0.517771
-0.544863
-0.267446
-0.305086
-0.254662
-0.207300
-0.220310
-0.146849
-0.094716
0.241092
0.254837
0.299259
0.332728
0.305495
0.300447
0.268216
0.576350
0.504178
0.076791
-0.020917
-0.415281
-0.789712
-0.785906
-0.718153
-0.702594
-0.375529
-0.011372
0.010140
0.388627
0.572404
0.442730
0.536214
0.577158
0.610014
0.574155
0.476988
0.451756
0.133622
0.090634
0.030716
0.045030
-0.005507
-0.062786
-0.129856
-0.430221
-0.448978
-0.462850
-0.448587
-0.379259
-0.403721
-0.094689
-0.050533
0.271968
0.273546
0.316145
0.269327
-0.062863
-0.395372
-0.373221
-0.429228
-0.459098
-0.527824
-0.195661
-0.216236
-0.200863
-0.123138
0.283624
0.255358
0.189218
0.459380
0.427124
0.450477
0.490323
0.282699
0.342123
0.367386
0.291949
0.265324
0.192817
0.154703
-0.143360
-0.404250
-0.357951
-0.282729
-0.296500
-0.257299
0.025301
-0.002848
-0.000691
0.071481
0.079264
0.164769
-0.042305
0.026848
0.017948
0.001368
-0.100812
-0.206085
-0.019571
-0.040080
-0.030264
0.023054
0.069721
0.057579
-0.228268
-0.260074
-0.269004
-0.278760
-0.230496
0.087338
0.422003
0.453083
0.497636
0.482515
0.203869
0.123018
-0.177491
-0.191983
-0.221171
-0.211153
-0.226661
-0.224481
-0.001463
0.011917
0.006113
0.070348
0.097971
0.170591
-0.055256
-0.051839
-0.098767
-0.165375
-0.200274
-0.282575
-0.074186
-0.088885
-0.086354
-0.084804
0.030013
0.119260
-0.037228
0.032161
0.094538
0.094006
0.064041
0.017724
0.279664
0.248188
0.216646
0.201003
0.181297
0.140572
-0.171980
-0.216390
-0.193362
-0.213662
-0.214370
-0.187090
0.044620
-0.017580
-0.047885
-0.053460
-0.066760
-0.019354
-0.190014
-0.068263
0.000402
0.020802
0.050197
0.060730
0.320561
0.325724
0.305408
0.290658
0.264074
0.205270
-0.094682
-0.056156
-0.031316
-0.074084
-0.051226
-0.103100
0.041712
-0.048933
-0.078752
-0.107649
-0.062736
0.021192
-0.202693
-0.191257
-0.205858
-0.211494
-0.206420
-0.164619
0.133677
0.180793
0.156703
0.094893
0.031502
-0.000674
-0.246372
-0.207739
-0.154981
-0.123339
-0.061675
-0.100386
0.104134
0.068601
0.016838
-0.041985
-0.060014
-0.010416
-0.029615
0.239119
0.277500
0.298092
0.277495
0.315393
0.383860
0.375738
0.393747
0.404970
0.147163
0.072588
-0.173271
-0.188379
-0.249665
-0.256552
-0.261762
-0.351177
-0.157153
-0.159892
-0.164824
-0.150762
-0.095888
-0.014158
-0.175577
-0.133456
-0.038014
-0.049095
-0.064234
-0.103141
0.189829
0.220883
0.231632
0.211441
0.233754
0.201898
-0.128102
-0.111555
-0.075454
-0.091418
-0.119166
-0.100914
0.178071
0.188121
0.179510
0.205536
0.227929
0.184430
-0.047230
-0.007297
-0.050351
-0.128324
-0.162724
-0.322431
-0.158879
-0.184241
-0.236521
-0.227084
-0.157401
-0.076330
-0.282619
-0.195098
-0.152700
-0.125989
-0.162473
-0.134752
0.157396
0.203322
0.267254
0.305556
0.524489
0.495042
0.135114
0.004172
-0.062464
-0.071580
-0.065807
-0.039654
0.245253
0.242998
-0.018050
-0.032509
-0.013505
0.037611
-0.188138
-0.166513
-0.138486
-0.081219
-0.077967
-0.080171
0.145420
0.094232
0.036754
-0.007708
0.014321
0.057154
-0.198852
-0.201457
-0.213317
-0.232733
-0.266306
-0.301216
-0.049810
-0.025101
-0.017071
0.012257
0.298168
0.295383
0.273662
0.491288
0.491277
0.243958
0.293355
0.020642
0.065725
0.057519
0.026155
-0.055213
-0.061227
-0.107617
-0.351324
-0.289543
-0.247524
-0.235305
-0.154255
-0.218046
0.056703
0.104089
0.108772
0.019904
-0.008095
-0.042600
-0.325514
-0.025810
0.015763
0.063672
0.008685
-0.107825
-0.130237
-0.142657
-0.202881
-0.228644
0.062881
0.049390
0.048532
0.368720
0.471618
0.545597
0.617483
0.359200
0.324498
0.270905
-0.066729
-0.110917
-0.143389
-0.120121
-0.373521
-0.335653
-0.351595
-0.356414
-0.364919
-0.425309
-0.131779
-0.084940
0.229160
0.318237
0.399255
0.446237
0.180313
-0.071330
-0.133806
-0.174601
-0.265095
-0.325392
-0.102205
-0.114720
0.170858
0.217646
0.208813
0.250446
-0.018340
-0.286548
-0.294858
-0.241347
-0.248271
-0.195872
0.094593
0.096612
0.133284
0.168791
0.114707
0.076824
-0.180569
-0.206803
-0.228071
0.053312
0.137270
0.126551
0.352257
0.301329
0.067510
0.031335
0.108440
0.145128
-0.069504
0.163114
0.176556
0.116086
0.069075
-0.012499
-0.072758
-0.165656
-0.213031
-0.217754
-0.160416
-0.100340
-0.307771
-0.294318
-0.229973
-0.203745
-0.173506
0.123461
0.460007
0.482927
0.507724
0.503637
0.217870
0.113976
-0.189626
-0.240431
-0.218960
-0.209148
-0.190231
-0.235451
0.016101
-0.030870
-0.052813
-0.046768
0.212210
0.188981
-0.042588
-0.019120
0.013023
-0.260281
-0.251666
-0.276606
-0.007972
0.020640
0.129427
0.219444
0.240949
0.187826
-0.122358
-0.207398
-0.261908
-0.266976
-0.202279
-0.177582
0.084669
0.067475
-0.016200
-0.108909
-0.175652
-0.173068
-0.170082
0.169582
0.247189
0.224194
0.303006
0.354713
0.356028
0.338667
0.345694
0.244821
-0.107298
-0.147721
-0.190493
0.089454
0.111238
0.088656
0.134616
-0.120911
-0.093068
-0.084701
-0.140039
-0.197805
-0.213482
-0.192350
-0.159445
0.245141
0.373101
0.384269
0.438770
0.186522
0.224011
0.193739
0.158204
0.061199
-0.119807
-0.242963
-0.657599
-0.671348
-0.641494
-0.593908
-0.609063
-0.280112
0.060052
0.055734
0.064898
0.087187
0.088967
0.118284
0.127820
0.462672
0.554765
0.603509
0.577978
0.242781
0.235013
0.176894
-0.186412
-0.109991
0.237052
0.346917
0.000399
-0.026639
-0.100552
-0.426137
-0.528246
-0.482729
-0.140469
-0.158359
-0.204107
-0.195980
-0.206885
-0.193849
-0.449169
-0.371746
-0.404830
-0.110411
-0.057986
0.238157
0.557698
0.608217
0.582931
0.486651
0.452450
0.447273
0.115490
-0.170164
-0.157821
-0.508452
-0.470473
-0.099318
0.250016
0.311499
0.321255
0.269168
0.253535
0.248736
-0.089702
-0.040594
-0.071425
-0.502133
-0.557656
-0.317851
-0.096748
-0.169981
0.122603
0.102267
-0.155307
-0.099596
-0.325131
-0.540579
-0.401544
-0.047303
0.025112
0.068928
0.393912
0.339764
0.012712
-0.035052
0.191498
0.213793
0.225027
0.297036
0.373670
0.189666
0.149055
-0.090092
0.137198
0.058215
-0.031789
0.022171
-0.024039
-0.000584
-0.274190
-0.244319
-0.267566
-0.315245
-0.332887
-0.309460
0.006022
0.003736
0.020212
0.044408
0.033168
0.087404
-0.199200
-0.192762
-0.188434
-0.148203
-0.196311
-0.153360
0.135088
0.113134
0.048850
0.003995
0.265874
0.330313
0.117569
0.169367
0.214871
-0.109235
-0.113603
-0.170379
0.081390
0.066221
0.120514
0.086438
0.311546
0.307825
0.053541
0.040707
0.016990
0.054665
0.099138
0.035485
0.213132
0.141864
-0.183869
-0.353740
-0.422437
-0.344828
-0.599947
-0.595004
-0.477633
-0.428019
-0.490582
-0.241361
0.121349
0.162332
0.503768
0.614167
0.682395
0.698139
0.437720
0.179384
0.151433
-0.136130
-0.156960
0.042251
0.268574
0.238760
0.231576
0.218730
-0.109274
-0.117450
-0.417791
-0.425626
-0.409955
-0.383583
-0.422720
-0.189635
0.095646
0.045736
-0.028376
-0.025767
-0.303114
-0.282311
-0.198905
0.214491
0.331778
0.655784
0.650879
0.595020
0.619857
0.584001
0.252463
0.289351
0.275510
0.197592
-0.310890
-0.454965
-0.527205
-0.649698
-0.739832
-0.768529
-0.284371
-0.263847
-0.498923
-0.263915
0.269282
0.409100
0.155238
0.206109
0.106814
-0.303401
-0.466620
-0.671818
-0.433434
-0.545491
-0.281134
-0.148008
0.122090
0.194629
0.186642
0.173079
0.086577
0.234449
0.496196
0.846665
1.176668
1.350811
1.601472
1.383352
1.075889
0.876250
-0.269404
-1.498758
-1.532550
-1.702282
-1.732290
-0.916139
0.031464
-0.089671
0.022276
0.040441
0.236680
0.177870
0.146800
0.138289
0.205837
0.143076
0.351521
0.254743
0.443909
0.410435
0.529542
0.681787
0.988235
0.958088
0.956047
0.877733
0.690854
0.606955
0.592262
0.368355
0.085766
-0.169440
-0.422993
-0.698670
-0.705369
-0.651009
-0.660306
-0.691204
-0.522029
-0.542028
-0.460513
-1.132580
-0.750429
-0.557479
-1.160344
-0.962713
0.029421
0.055117
-0.012102
0.854081
0.676405
0.527358
0.349936
0.238322
0.276388
0.365418
0.396639
0.558619
-0.398063
-0.398633
-0.398648
-0.511252
-0.641874
0.347352
0.284492
0.345881
0.548866
0.710866
0.558951
0.701570
0.512691
0.503858
0.194088
0.272059
0.183822
0.243135
0.150455
0.165283
0.325979
0.316157
0.337294
0.484218
-0.436108
-0.435994
-1.666673
-2.892008
-2.959886
-1.888568
-1.900216
-0.733327
0.510181
0.467404
0.164670
0.097918
0.054802
0.373818
0.700888
1.326216
1.613649
1.824950
1.515860
1.143448
0.804887
0.526768
0.082942
0.019037
-0.039134
0.166813
-0.429958
-0.773191
-0.679477
-1.204743
-1.416644
-0.814542
-0.088676
-0.040811
0.594025
0.601360
0.088041
-0.032625
-0.152541
-0.208126
-0.159411
-0.215381
-0.160059
-0.118868
-0.060591
-0.043245
0.095733
0.148520
0.275330
0.349852
-0.076757
0.057417
0.131846
0.108678
0.115306
0.482754
0.780069
0.602816
0.472777
0.332850
-0.068215
-0.130740
-0.451705
-0.705731
-0.675614
-0.322563
-0.266254
0.106453
0.368786
0.387434
0.473056
0.429827
0.063726
0.132989
-0.181055
-0.524823
-0.411572
-0.404279
-0.417281
-0.360649
0.004334
-0.007945
0.077189
0.080651
0.052575
0.004552
-0.374297
-0.471732
-0.509267
-0.175950
-0.144319
-0.078315
0.242398
0.239576
-0.072673
-0.105601
-0.112319
-0.152716
-0.127358
0.145262
0.191194
0.507221
0.633612
0.719850
0.753525
0.739085
0.368143
0.242979
-0.250066
-0.359108
-0.775251
-0.859166
-0.831288
-0.822291
-0.757902
-0.716873
-0.296692
-0.241414
0.193938
0.312828
0.741615
0.738837
0.709024
0.656728
0.532833
0.483140
0.513239
0.115938
0.043581
-0.028653
-0.498748
-0.516377
-0.510926
-0.396601
-0.322560
0.097381
0.123575
0.574868
0.598052
0.327356
0.369466
0.345900
-0.034635
-0.128328
-0.171065
-0.215104
-0.462682
-0.396910
-0.303231
-0.174303
-0.132540
-0.193755
0.046844
0.003004
-0.071966
-0.056459
0.006563
0.117052
-0.067937
0.047405
0.100616
0.126969
0.065718
-0.005233
0.167609
0.098096
0.031229
0.028671
0.018307
-0.018946
-0.285838
-0.265185
-0.260473
0.026502
0.094708
0.154341
0.410639
0.390029
0.113148
0.127899
0.091050
0.117860
-0.152164
-0.163066
-0.224652
-0.288207
-0.317512
-0.284611
-0.033005
-0.013533
0.019848
0.078775
0.145834
0.185896
-0.088986
-0.091796
-0.153980
-0.231583
-0.199476
-0.136092
0.187850
0.259297
0.338551
0.347580
0.402347
0.374302
0.076920
-0.015501
-0.110174
-0.265567
-0.274501
-0.270389
-0.046839
-0.053522
-0.057150
-0.073692
-0.133263
-0.117266
-0.306040
-0.225875
-0.184586
-0.122077
-0.052923
-0.070649
0.198574
0.202595
0.179292
0.145961
0.153936
0.168719
-0.095611
-0.073295
-0.112285
-0.141099
-0.132686
-0.135875
0.160321
0.258533
0.317158
0.293375
0.243296
0.207747
-0.072746
-0.087224
-0.078250
0.000432
-0.031230
-0.081791
0.083428
0.002446
-0.108975
-0.095690
-0.059238
0.051616
-0.117981
-0.023991
-0.028936
0.003766
0.009020
-0.011770
0.247465
0.295802
0.241867
0.198150
0.164344
0.079628
-0.230061
-0.244792
-0.221930
-0.252452
-0.216504
-0.205619
0.000754
-0.082005
-0.021223
0.040964
0.048044
0.127024
-0.091445
-0.131651
-0.181082
-0.166256
-0.171372
-0.073766
0.252894
0.310999
0.338187
0.355787
0.318861
0.275395
-0.052493
-0.129248
-0.126897
-0.172781
-0.187254
-0.181202
0.063977
-0.007231
-0.036621
-0.025817
0.026381
0.076557
-0.108615
-0.056251
-0.044709
-0.036407
-0.016974
-0.023040
0.224742
0.235257
0.188577
0.173319
0.136430
0.107778
-0.165395
-0.163289
-0.133481
-0.105237
-0.039588
-0.026113
0.211869
0.159902
0.094960
-0.011370
-0.069793
-0.071263
-0.357291
-0.355467
-0.283330
-0.233155
-0.243406
-0.255859
0.008236
-0.039678
-0.070421
-0.034801
-0.020191
0.028044
-0.156289
-0.106111
-0.072514
-0.002352
0.063791
0.118087
0.401982
0.402681
0.420390
0.382658
0.294809
0.268965
0.018838
0.008254
-0.028288
-0.046967
-0.098205
-0.226523
-0.082062
-0.145644
-0.146727
-0.125144
-0.050548
-0.022802
-0.228349
-0.220362
-0.175761
-0.095964
0.052330
0.166002
0.516776
0.557503
0.539407
0.427500
0.323708
0.265254
-0.077521
-0.139650
-0.155792
-0.192641
-0.296133
-0.311125
-0.113969
-0.145950
-0.175741
-0.126421
-0.110445
-0.020746
-0.175922
-0.044308
0.019126
0.043615
0.008401
-0.029322
0.169944
0.137931
0.148451
0.147231
0.134578
0.052870
-0.223371
-0.251204
-0.212905
-0.155150
-0.037049
0.033935
0.307622
0.296840
0.202288
0.133925
0.031762
0.027700
-0.246060
-0.207977
-0.224468
-0.237070
-0.284786
-0.287372
-0.019010
0.016955
0.081248
0.134105
0.155054
0.180905
-0.006872
0.034039
0.079472
0.122923
0.083549
0.006672
0.127530
-0.036631
-0.259439
-0.252425
-0.286171
-0.203568
-0.305626
-0.100144
-0.041745
-0.026694
-0.020520
-0.065232
0.267552
0.351389
0.432528
0.507394
0.533297
0.468458
0.134540
0.143559
0.054891
-0.037863
-0.107586
-0.173972
0.011301
0.004176
0.038512
0.009833
-0.052023
-0.073276
-0.341398
-0.365332
-0.326231
-0.299681
-0.257003
-0.271384
0.072575
0.125721
0.147532
0.175054
0.244793
0.245200
-0.046726
-0.020774
-0.054993
-0.035196
-0.074646
-0.127078
0.099648
0.107747
0.070615
0.072180
0.142896
0.198871
0.007021
0.074235
0.119583
0.121153
0.116104
0.016044
0.188256
0.137368
0.047061
0.016512
-0.012306
-0.092722
-0.435821
-0.478018
-0.556126
-0.517969
-0.435881
-0.340204
0.048257
0.154610
0.238548
0.278929
0.272516
0.253348
0.035320
0.029000
0.021210
0.077063
0.092031
0.048486
0.226848
0.182354
0.083176
-0.029153
-0.089456
-0.141216
-0.414201
-0.415649
-0.404604
-0.377157
-0.298236
0.034729
0.359985
0.459368
0.499010
0.489296
0.244695
0.230628
-0.008963
-0.012897
0.000941
-0.077361
-0.085062
-0.139620
0.073505
0.043069
0.124381
0.093388
0.105008
0.077684
-0.154838
-0.225252
-0.273317
-0.281111
-0.254677
-0.307647
-0.020348
0.072088
0.067070
0.084157
0.124939
0.085461
-0.164193
-0.135550
-0.090766
-0.001377
0.086158
0.048251
0.232470
0.143489
0.020410
0.005324
0.028994
0.078112
-0.143676
-0.133578
-0.215550
-0.243470
-0.271881
-0.220236
0.099401
0.166393
0.202465
0.250202
0.210098
0.220410
-0.036599
-0.030180
-0.006999
0.045526
0.014555
-0.001734
0.241265
0.211942
0.159417
0.200963
0.257079
0.241427
-0.046753
-0.063340
-0.105797
-0.157156
-0.187844
-0.168877
0.063629
0.029325
-0.017006
0.024218
0.021947
0.053322
-0.179831
-0.174213
-0.167104
-0.163637
-0.160140
-0.186760
0.021276
-0.063005
-0.170656
-0.241823
-0.317995
-0.295172
-0.478061
-0.367326
-0.237711
0.131254
0.223331
0.273360
0.517033
0.428484
0.402536
0.390156
0.372427
0.404612
0.208393
-0.014935
-0.021180
-0.024632
0.057143
0.037986
0.235959
0.178577
0.006313
-0.123394
-0.167299
-0.121046
-0.441693
-0.401075
-0.407565
-0.413878
-0.414298
-0.336975
0.030999
0.073329
0.137949
0.217339
0.274215
0.317966
0.145077
0.202463
0.163925
0.136608
0.076331
-0.049539
0.125388
0.098526
0.069414
0.061250
0.099395
0.128790
-0.112770
-0.073746
-0.019832
-0.024714
-0.065558
-0.102760
0.081898
-0.004340
-0.031826
-0.042301
-0.053086
-0.029118
-0.239588
-0.211172
-0.172533
-0.145281
-0.136047
-0.195317
0.071816
0.063685
0.067887
0.073763
0.094375
0.109729
-0.169467
-0.216423
-0.187296
-0.076257
-0.067362
-0.004306
0.284703
0.277579
0.195500
0.170598
0.171573
0.147614
-0.096924
-0.072148
-0.076733
-0.122689
-0.096260
-0.100203
0.144685
0.140852
0.146375
0.160217
0.177857
0.174227
-0.159322
-0.256683
-0.343093
-0.379265
-0.352254
-0.221335
0.134005
0.215932
0.196961
0.202281
0.164810
0.202060
-0.029422
0.015607
0.059272
0.052005
0.013440
-0.028367
0.201087
0.128988
0.138096
0.133848
0.152902
0.157799
-0.138135
-0.180564
-0.198703
-0.239101
-0.254654
-0.236198
0.024920
0.036277
0.045081
0.064689
0.083200
0.100897
-0.150904
-0.145801
-0.130102
-0.167004
-0.178127
-0.191284
0.070884
0.028646
0.049988
0.062907
0.084696
0.110233
-0.070040
-0.014628
0.000788
0.015899
0.001692
-0.011912
0.220469
0.231310
0.207426
0.207773
0.129410
0.110480
-0.143273
-0.120494
-0.090749
-0.052676
-0.054475
-0.114319
0.112732
0.076853
0.049091
0.089096
0.122405
0.085178
-0.197158
-0.226271
-0.259989
-0.227512
-0.129648
-0.104269
0.272720
0.338465
0.286634
0.207833
0.207833
0.219612
-0.070336
-0.033658
0.058782
0.011402
-0.100050
-0.139161
0.051783
-0.059321
-0.050159
-0.018438
-0.004222
0.048124
-0.142491
-0.109256
-0.348797
-0.368428
-0.374279
-0.406283
-0.111054
0.181573
0.206821
0.208610
0.217919
0.197322
-0.045650
-0.000947
0.068077
0.089308
0.075235
-0.040951
0.123280
0.010676
-0.086253
-0.092175
-0.072599
-0.023536
-0.224411
-0.153100
-0.074782
-0.032616
-0.027362
-0.047135
0.173471
0.081121
0.017230
-0.007104
0.045928
0.106789
-0.081186
0.003485
0.067051
0.049148
0.022309
-0.007805
0.252396
0.228877
0.202041
0.224339
0.186918
0.138121
-0.198351
-0.240994
-0.269496
-0.249708
-0.206226
-0.188638
0.089403
0.096686
0.040499
-0.001094
0.011033
0.077429
-0.125451
-0.037445
-0.028446
-0.068039
-0.176979
-0.235767
0.020114
0.048744
0.120069
0.212786
0.294859
0.255567
0.010944
0.013585
0.057150
-0.012980
0.081190
0.100119
0.377901
0.365913
0.351367
0.255899
0.135276
-0.001279
-0.368242
-0.415995
-0.432635
-0.404884
-0.330258
-0.322030
-0.023159
-0.015343
-0.089839
-0.091473
-0.069115
-0.052476
-0.213372
-0.039299
0.050587
0.116403
0.173141
0.162229
0.374459
0.321285
0.240608
0.270148
0.217297
0.183750
-0.024720
0.043662
-0.034363
-0.049096
-0.034089
-0.175263
0.000030
-0.055793
-0.116906
-0.186416
-0.173597
-0.159291
-0.366712
-0.314333
-0.240512
-0.167962
-0.106471
-0.053687
0.244476
0.272986
0.267927
0.254254
0.203249
0.222283
-0.039071
-0.029851
-0.038814
-0.034666
-0.065092
-0.060533
0.163925
0.147012
0.121222
0.077073
-0.057704
-0.044823
-0.305624
-0.296595
-0.212188
-0.105682
-0.108868
-0.107514
0.158122
0.106263
0.109189
0.138022
0.153768
0.199233
-0.019984
0.001971
-0.013483
0.007583
-0.005261
-0.081541
0.152657
0.172456
0.160922
0.088773
0.160220
0.183963
-0.034662
0.007563
0.055134
0.018412
-0.029389
-0.154475
-0.264296
-0.571240
-0.598058
-0.565811
-0.447988
-0.082106
0.026408
0.092834
0.141120
0.155462
0.168358
0.167487
0.427632
0.410315
0.319092
0.207823
0.119568
0.058143
-0.214515
-0.162401
-0.085843
-0.006137
0.042599
0.054793
0.261581
0.194401
0.078204
-0.043666
-0.211520
-0.256940
-0.542344
-0.552893
-0.475796
-0.281981
-0.166085
-0.022276
0.366646
0.442784
0.435967
0.495706
0.493139
0.538874
0.234311
0.160855
-0.187220
-0.311364
-0.662202
-0.659086
-0.322897
0.016565
0.117269
0.457251
0.457035
0.417156
-0.001810
-0.123661
-0.259399
-0.325259
-0.385109
-0.321322
-0.005865
0.022179
-0.022234
-0.044166
-0.069376
0.000043
-0.225955
-0.131195
-0.020357
0.047133
0.079170
0.086565
0.348030
0.281187
0.240821
0.150504
0.171283
0.191685
-0.103915
-0.170794
-0.182566
-0.225277
-0.188054
-0.082735
0.267789
0.311612
0.342942
0.089237
0.019742
-0.029005
-0.302615
-0.322246
-0.139863
-0.137092
-0.114809
-0.132393
0.138086
0.177159
0.234888
0.272133
0.325669
0.093508
-0.165093
-0.197704
-0.231779
-0.299847
-0.055903
-0.097767
0.160065
0.169409
0.208599
0.178518
0.154076
0.075173
-0.232853
-0.290519
-0.319759
-0.272258
-0.202636
-0.132593
0.180563
0.226469
0.254616
0.319027
0.307182
0.288082
0.011979
-0.019435
-0.085907
-0.110735
-0.362631
-0.378533
-0.087645
-0.049872
0.000043
0.221235
0.261261
0.226669
-0.042177
-0.074139
-0.021982
-0.055916
-0.098114
-0.102742
0.178810
0.216985
0.306791
0.159154
0.162043
0.119516
-0.211790
-0.318929
-0.107480
-0.185214
-0.225255
-0.292113
-0.070697
-0.158756
-0.110034
-0.014617
0.055835
0.149470
0.008321
0.056147
0.088759
0.182675
0.212701
0.241437
0.530842
0.534904
0.486988
0.226129
0.168837
-0.163472
-0.522465
-0.590228
-0.393095
-0.425123
-0.198124
-0.213518
0.035324
0.002532
-0.036415
-0.053276
-0.044779
0.022572
-0.216894
-0.168498
-0.311934
-0.308795
-0.276503
-0.191829
0.135572
0.395021
0.431778
0.352322
0.266213
0.248973
-0.008523
0.057397
0.172627
0.242970
-0.062488
-0.083214
0.108547
0.018713
-0.048814
0.211476
0.201614
0.209035
-0.041625
-0.029559
-0.058190
-0.146819
-0.435776
-0.501529
-0.436036
-0.597336
-0.488111
-0.364937
-0.219280
0.116633
0.137371
0.162183
0.401113
0.431339
0.394528
0.337079
0.556662
0.512889
0.388009
0.009298
-0.049597
-0.095057
-0.423523
-0.444841
-0.165554
-0.081753
-0.042864
0.032758
0.332098
0.355210
0.297062
0.024646
0.008103
-0.181913
-0.416557
-0.387122
-0.106952
-0.137365
0.072677
0.035980
0.244994
0.194779
0.180489
0.215379
0.228297
-0.028152
-0.318682
-0.349843
-0.685791
-0.738466
-0.465140
-0.382009
-0.055328
0.248397
0.269336
0.247788
0.215553
0.238549
-0.003990
0.053898
0.132000
0.228027
0.248029
0.227180
0.464019
0.435185
0.337887
0.302665
0.334060
0.328833
0.072769
0.090232
0.054097
-0.004822
-0.061642
-0.170523
-0.244792
-0.551850
-0.631028
-0.558456
-0.506079
-0.200790
-0.206672
-0.196827
-0.248238
-0.295861
-0.234761
-0.158898
-0.002521
-0.149840
-0.010346
-0.012817
0.044340
0.317423
0.335980
0.367879
0.446089
0.464339
0.493338
0.352390
0.249787
-0.132418
-0.242975
-0.700364
-0.673365
-0.611171
-0.502264
-0.389518
0.197196
0.320028
0.695338
0.582181
0.819109
0.640494
0.506530
0.078862
0.124152
-0.227407
-0.538680
-0.515512
-0.529415
-0.593253
-0.212136
-0.121556
0.228962
0.607586
0.533442
0.489719
0.365119
-0.020044
-0.410019
-0.346676
-0.678155
-0.666652
-0.643203
-0.594087
-0.171680
0.255179
0.323764
0.807316
0.898744
0.893874
0.431169
0.331760
-0.106150
-0.237484
-0.626664
-0.623514
-0.583756
-0.607365
-0.530028
-0.209997
-0.131664
0.279792
0.240983
0.134222
0.094983
0.007775
-0.393838
-0.377234
-0.198816
-0.008540
0.197840
0.304943
0.410944
0.735136
0.306044
0.170036
0.536491
0.452712
0.442028
0.229473
0.106326
-0.484882
-0.603726
-1.057785
-0.848286
-0.759178
-0.628975
-0.589619
-0.013494
-0.053920
0.574776
0.525477
1.132265
1.122415
1.179198
0.561169
0.537023
0.066713
-0.521759
-0.611822
-0.509136
-0.416124
-0.418239
-0.403928
-0.287848
-0.278222
-0.224617
-0.087985
0.135241
0.229347
0.231334
0.202817
0.532370
0.256570
0.020647
-0.070820
0.370954
0.344386
0.399192
1.004299
0.915066
0.417526
-0.171507
-0.215569
-0.780540
-0.707637
-0.281680
-0.184228
-0.140282
-0.126136
-0.136127
-0.177311
-0.162153
0.156679
0.065467
-0.037150
-0.514498
-0.636630
-0.920303
-0.838766
-0.275936
0.245234
0.428874
0.470951
0.514042
0.575630
0.223832
0.201985
0.573899
0.665872
0.244990
0.234347
0.158648
-0.293176
-0.455692
-0.577340
-0.766291
-0.782742
-0.747362
-0.682654
-0.221723
-0.014264
0.382335
0.421496
0.802376
0.796056
0.718009
0.715702
0.684050
0.679100
0.243137
0.196926
-0.129325
-0.220309
-0.320670
-0.316108
0.067288
0.378581
0.447415
0.533293
0.464713
-0.035888
-0.416212
-0.439230
-0.776914
-0.757999
-0.592674
-0.609502
-0.486523
-0.418289
-0.336959
-0.255677
-0.123790
0.389360
0.443329
0.600564
0.610513
0.539007
-0.042974
-0.209835
-0.405537
-0.585040
-0.826684
-0.376865
-0.323533
0.225478
0.214563
0.362796
0.321132
0.274705
0.313971
0.418873
0.543238
0.153383
0.223780
-0.321765
-0.333273
0.008514
-0.082455
-0.227778
-0.191817
-0.285002
-0.377641
-0.359851
0.093867
0.430627
0.565218
0.385420
0.351682
0.004786
-0.345578
-0.368616
-0.064761
-0.024156
0.296200
0.249047
0.522331
0.406969
0.406825
0.105572
0.103199
-0.209484
-0.545042
-0.539937
-0.547111
-0.568843
-0.223845
-0.219248
0.089451
0.340430
0.386264
0.411828
0.433298
0.512108
0.280413
0.306256
0.018052
-0.020665
-0.420817
-0.525546
-0.222399
0.034256
0.078183
0.513093
0.550363
0.543167
0.109574
0.006509
-0.424576
-0.462412
-0.748186
-0.581635
-0.343509
-0.146516
0.010128
0.352167
0.262646
0.490674
0.336409
0.237520
-0.062627
0.009402
-0.294098
-0.309884
-0.260066
-0.285263
-0.321007
-0.412733
-0.513608
-0.324724
-0.475612
-0.579040
-0.177277
-0.054170
0.043782
0.174721
0.603137
0.569243
0.561736
0.520938
0.459917
0.342247
-0.020347
-0.061832
-0.078093
-0.052963
0.012667
-0.028102
0.198004
0.104452
0.023023
-0.057341
0.026045
0.085434
-0.168743
-0.163268
-0.326883
-0.336891
-0.349820
-0.285397
0.053925
0.298473
0.279687
0.316355
0.281230
0.243323
-0.094603
-0.136439
-0.223044
-0.240956
-0.237888
-0.164699
0.164231
0.242388
0.315833
0.411742
0.402018
0.300902
-0.035807
-0.138951
-0.431465
-0.435932
-0.306102
-0.199483
0.100378
0.292333
0.262330
0.193495
0.124831
0.143237
-0.104028
-0.098876
-0.051069
0.003692
0.044365
0.040203
0.253154
0.166748
0.055441
-0.255781
-0.298164
-0.229865
-0.440227
-0.384652
-0.086253
-0.000600
0.043411
-0.002453
0.256919
0.225436
0.166938
0.098244
0.200291
0.234978
0.074411
0.194613
0.241910
0.137506
0.040631
-0.110516
-0.033459
-0.131024
-0.152083
-0.147087
-0.116736
-0.089746
-0.310663
-0.268507
-0.211315
-0.185615
-0.113122
-0.051536
0.212058
0.204042
0.171687
0.136247
0.089743
0.070466
-0.199769
-0.204209
-0.178435
-0.153454
-0.120111
-0.076934
0.257714
0.296511
0.280288
0.347782
0.277899
0.237351
-0.059172
-0.065745
-0.134812
-0.091510
-0.059523
-0.044243
0.204285
0.212313
0.252737
0.212699
0.211945
0.175018
-0.148043
-0.247350
-0.245021
-0.322639
-0.327424
-0.244699
0.070726
0.072506
0.146727
0.209557
0.188883
0.109883
-0.234748
-0.364362
-0.409630
-0.417335
-0.326769
-0.230081
0.108358
0.125813
0.117159
0.158253
0.250543
0.288068
0.038522
0.047248
0.038247
0.030930
0.066889
0.075635
0.279041
0.185026
0.079295
0.023360
0.017448
0.112304
-0.075958
-0.077655
-0.078773
-0.065187
-0.377847
-0.403273
-0.128788
-0.111377
-0.137654
0.149654
0.230615
0.226894
-0.050533
-0.042931
-0.085733
-0.140473
-0.148360
-0.105616
0.156137
0.206119
0.140318
0.105164
0.071314
0.120139
-0.110993
-0.028892
-0.024404
-0.047879
-0.086746
-0.200935
-0.035663
-0.050681
-0.011052
0.008841
0.118304
0.225490
-0.012079
-0.080529
-0.131964
-0.242142
-0.255325
-0.216366
0.078791
0.100532
0.116952
0.084312
0.078813
0.118760
-0.098307
-0.022994
0.061010
0.176049
0.218061
0.245707
0.441566
0.332681
0.139589
0.013897
-0.097928
-0.095567
-0.352762
-0.314238
-0.247767
-0.229791
-0.185329
-0.127071
0.181020
0.208215
0.285315
0.281832
0.185281
0.141100
-0.151917
-0.220981
-0.477963
-0.397475
-0.355751
-0.272731
-0.056385
0.139001
0.098747
0.038183
-0.101142
-0.056304
-0.227352
-0.195313
-0.109882
-0.049883
0.012735
0.055572
0.400815
0.465008
0.435931
0.407530
0.319897
0.178876
-0.228878
-0.272447
-0.307723
-0.328656
-0.286420
-0.233953
0.168921
0.264288
0.383770
0.388698
0.361778
0.275660
-0.043643
-0.106296
-0.071326
-0.034137
-0.014219
-0.025196
0.208767
0.184748
0.160443
-0.059455
-0.053547
-0.046780
-0.296079
-0.265761
-0.034258
-0.081069
-0.106865
-0.143581
0.078619
0.045367
0.074908
0.062234
0.061269
0.052433
-0.239022
-0.269157
-0.265790
-0.266668
-0.249534
-0.246788
0.044177
0.077185
0.132497
0.160677
0.199467
0.197165
-0.072280
-0.135690
-0.147923
-0.118275
-0.041974
0.011765
0.347592
0.399912
0.364933
0.280916
0.217883
0.170203
-0.142966
-0.151031
-0.144954
-0.168607
-0.184731
-0.213195
0.016116
-0.014360
0.029838
0.093710
0.182738
0.252475
0.033017
0.019278
-0.001332
-0.058703
-0.096167
-0.095761
0.198633
0.196356
0.203854
0.244279
0.214560
0.153069
-0.126680
-0.135362
-0.180386
-0.176940
-0.139760
-0.170507
0.058209
0.046533
0.034156
-0.192195
-0.183082
-0.140148
-0.376371
-0.352969
-0.051156
-0.024509
-0.006766
-0.042954
0.186508
0.083226
0.091263
0.061719
0.107210
0.217310
0.010038
-0.010770
-0.016338
-0.023182
-0.042816
-0.043629
0.171243
0.133098
0.109391
0.003464
-0.110962
-0.081220
-0.343892
-0.392679
-0.337411
-0.193931
-0.111022
-0.035211
0.345950
0.390875
0.306858
0.301668
0.295500
0.244146
-0.054449
-0.042557
-0.062390
-0.029867
-0.007420
0.009269
0.272795
0.222121
0.150344
0.093124
0.055290
0.040671
-0.261848
-0.309141
-0.321860
-0.341130
-0.327158
-0.294184
0.002111
0.018716
0.087113
0.181124
0.236509
0.274496
0.063895
0.025486
-0.047663
-0.100537
-0.120669
-0.140702
0.091956
0.063710
0.052390
0.053489
0.076218
0.137460
-0.032411
0.038071
0.061267
-0.000973
-0.029143
-0.093668
0.051827
-0.034697
-0.099773
-0.169358
-0.277399
-0.256324
-0.449811
-0.345867
-0.222371
-0.061719
0.011047
0.007303
0.313423
0.298609
0.267722
0.273309
0.323317
0.339951
0.104987
0.124372
0.168210
0.159143
0.129917
0.072707
0.265012
0.177799
0.116023
0.001129
-0.017073
-0.032532
-0.370759
-0.460882
-0.395577
-0.379132
-0.346612
-0.296603
0.070944
0.090389
0.086156
0.098766
0.154531
0.196499
-0.044442
-0.043012
-0.011958
0.013531
-0.003771
0.029605
0.274823
0.250201
0.184813
0.163965
0.139052
0.177432
-0.096009
-0.092157
-0.072175
-0.099938
-0.138866
-0.112749
0.112895
0.044001
0.029053
0.034559
-0.030104
0.021985
-0.190381
-0.183680
-0.177051
-0.185021
-0.267226
-0.278787
-0.010673
-0.009500
0.016993
0.134693
0.183128
0.177085
-0.030605
0.024484
0.020242
-0.002611
0.033654
0.003070
0.290176
0.330267
0.315525
0.283572
0.293158
0.243595
-0.084573
-0.096155
-0.063009
-0.102961
-0.157965
-0.178973
0.029108
-0.058931
-0.094577
-0.079454
-0.071652
-0.012660
-0.222876
-0.195088
-0.196222
-0.201634
-0.197341
-0.171229
0.081369
0.093402
0.117721
0.139860
0.141074
0.197173
-0.000797
0.026858
0.039089
0.056323
-0.198854
-0.245354
-0.026629
-0.050986
-0.106007
0.081360
0.030371
0.021276
-0.238170
-0.234338
-0.193210
-0.113776
-0.047970
-0.038444
0.302954
0.391836
0.367295
0.317729
0.310960
0.284322
-0.019310
0.021276
0.046020
0.032082
0.043499
-0.038647
0.098879
0.005757
-0.057082
-0.127976
-0.183533
-0.158904
-0.366577
-0.316487
-0.339851
-0.261581
-0.217487
-0.169068
0.104203
0.161204
0.169980
0.253397
0.299601
0.365420
0.181196
0.255848
0.201069
0.146304
0.080671
-0.046000
0.045988
-0.051228
-0.143553
-0.215376
-0.221987
-0.206306
-0.443421
-0.446543
-0.443619
-0.414121
-0.334266
-0.210584
0.128989
0.215380
0.299543
0.330767
0.328164
0.366351
0.159721
0.137005
0.157564
0.124464
0.112980
0.041410
0.289525
0.262417
0.243044
0.238827
0.259762
0.172769
-0.119807
-0.136054
-0.182557
-0.201928
-0.122667
-0.156603
0.070583
0.065116
-0.005142
-0.262366
-0.215478
-0.135244
-0.339302
-0.256801
-0.013788
-0.006589
0.028698
-0.057807
0.107911
0.043459
-0.046909
-0.384608
-0.354926
-0.264818
-0.424131
-0.306979
-0.020882
0.043123
0.099788
0.079566
0.363015
0.419331
0.366136
0.306178
0.305248
0.239840
-0.062273
-0.006261
-0.199982
-0.206341
-0.158274
-0.120747
0.094617
0.299248
0.348753
0.299352
0.221526
0.164025
-0.164512
-0.294192
-0.364366
-0.404131
-0.549548
-0.438864
-0.104740
-0.005481
-0.005773
0.234536
0.116682
0.111221
-0.153864
-0.090738
-0.064782
0.087186
0.201933
0.237112
0.274006
0.279994
0.216621
0.150156
0.163230
0.467201
0.241032
0.299960
0.382764
0.341181
0.004741
-0.129168
-0.209733
-0.603456
-0.671777
-0.688315
-0.673739
-0.385760
-0.354886
-0.275764
0.025006
0.046942
0.110740
0.094498
0.449073
0.553734
0.576345
0.211102
0.179353
-0.253629
-0.658384
-0.697233
-0.380743
-0.342400
0.050808
0.062281
0.369325
0.376614
0.352445
0.317224
0.304578
0.412585
0.183061
0.273551
0.104713
0.224425
0.165790
0.068769
-0.013981
0.157457
-0.003902
-0.043888
-0.019639
0.251129
-0.086534
-0.065041
-0.299866
-0.274038
-0.526588
-0.441569
-0.362395
-0.372533
-0.426727
-0.095447
-0.139172
0.213304
0.129250
0.103040
0.132764
0.195289
-0.161036
-0.053764
0.118392
-0.147234
-0.215780
-0.267586
-0.370790
-0.175208
-0.286480
-0.308181
0.024328
0.087351
0.125189
0.139415
0.518313
0.555976
0.535538
0.196584
0.268954
0.321245
-0.029227
-0.022205
0.241532
0.108206
-0.033616
-0.131270
0.102023
0.066822
0.027809
-0.325286
-0.272304
-0.557192
-0.809859
-0.733900
-0.339368
-0.311406
0.033898
0.053488
0.457226
0.541507
0.589187
0.718263
0.827503
0.553156
0.245038
0.288720
-0.055485
-0.109653
0.160583
0.103974
-0.015027
0.190015
0.052614
-0.319492
-0.462580
-0.474985
-0.800786
-0.769104
-0.738278
-0.587835
-0.460304
-0.439224
0.083902
0.480933
0.452118
0.847111
0.903028
0.843352
0.411213
0.424404
-0.059369
-0.138336
-0.519206
-0.581911
-0.650863
-0.690089
-0.741966
-0.246176
-0.085678
0.580631
0.732217
0.923514
0.954177
0.825552
0.193744
0.019645
-0.130846
-0.739870
-0.779092
-0.787918
-0.870134
-0.262614
-0.034073
0.223858
0.956850
1.169521
1.463218
1.381498
1.233363
0.577313
0.653922
-0.146190
-0.083282
0.091416
-0.085230
-0.274132
-0.435583
-0.567540
-0.864830
-0.797474
-0.703823
-0.593254
-0.875684
-0.893456
-0.911635
-0.945478
-0.864284
-0.530677
-0.159873
0.152281
0.120529
0.058895
-0.143206
-0.561435
-0.945900
-0.790352
-0.657490
-0.421957
-0.240510
-0.079459
0.027285
-0.019431
-0.032211
0.092064
0.924896
1.573274
1.491687
2.139062
1.903714
1.024332
0.090702
0.048393
-0.785252
-0.965932
-1.169878
-1.489841
-1.589657
-1.623124
-1.511659
-0.467039
-0.032225
0.967142
1.124380
1.253264
1.161238
1.063973
0.205328
0.223673
0.277036
-0.374282
-0.305145
-0.313899
-0.520984
-0.738232
-0.770374
-0.783131
-0.179575
-0.056221
0.975833
1.038821
1.737102
1.961381
1.994641
1.162158
0.945959
0.249780
-0.763959
-0.966774
-0.925940
-0.860852
-0.862387
-0.798755
-0.639763
-0.670510
-0.887119
-0.695480
-0.518871
-0.543992
-0.632997
-0.384105
-0.420115
-0.293188
0.754582
0.797503
0.884247
0.823433
0.601292
-0.230224
-0.031142
0.209243
-0.048388
-0.131085
-0.277515
-0.713133
-1.092948
-1.085023
-0.776475
-0.589258
-0.378723
-0.109245
0.268472
0.178970
0.126133
0.290066
0.352667
0.369815
0.367589
0.415870
0.519677
0.486585
0.266657
0.983412
0.590875
0.333181
-0.158161
-0.466494
-1.330301
-1.157059
-1.098060
-0.849854
-0.509962
-0.428433
-0.556466
-0.538788
-0.600383
0.208744
0.275332
0.547648
0.859942
1.142648
1.098005
1.045751
1.080556
0.855926
0.558687
0.247659
0.105857
-0.077740
-0.379284
-0.480634
-0.973692
-0.869529
-0.268446
-0.034256
0.170548
0.588002
0.441015
-0.093331
-0.079964
0.489219
0.024613
0.144858
0.113951
0.007033
-0.508255
-0.518752
-0.501822
-0.112743
-0.194604
0.299596
0.338803
0.350247
-0.179889
-0.220248
-0.197058
-0.228677
-0.254501
-0.158999
0.513065
0.445015
0.375402
0.910181
0.982392
0.987564
0.340208
0.243123
-0.311684
-0.310371
-0.910239
-0.800663
-0.575637
-0.431097
-0.481485
-0.370354
-0.363100
0.192255
0.089898
0.152784
0.356545
0.437086
-0.023282
-0.027159
0.032284
0.613417
0.607306
0.653343
0.669983
1.458007
0.445041
0.183837
-0.036376
-0.330044
-1.169221
-1.145416
-0.961844
-0.950859
-0.703085
0.173258
0.214351
0.252066
0.164497
0.053939
-0.038008
0.316171
0.539071
0.662551
1.021415
0.332233
0.016643
-0.184091
-0.452701
-0.576326
-0.717230
-0.632572
-0.483988
-0.266056
-0.216034
-0.296136
-0.061873
-0.000133
0.152900
0.279361
0.301490
0.073209
-0.318340
-0.568094
-0.856103
-0.847004
-0.762203
-0.664781
-0.396208
-0.261370
-0.190394
0.737930
0.807089
0.712804
0.508681
0.343459
-0.098521
-0.217606
-0.273174
-0.203911
0.118097
-0.293080
-0.045771
0.698559
0.904853
0.917553
0.766095
0.616969
-0.015670
-0.274213
0.068308
-0.026090
-0.067219
-0.187492
-0.241282
-0.852832
-0.828509
-0.709260
-0.749708
-0.719875
-0.114702
-0.199816
0.101566
0.011759
0.598521
0.548831
0.710502
0.403457
0.606967
0.149509
-0.333586
-0.363465
0.119151
0.003852
0.564473
0.673598
0.875553
0.524916
0.571315
0.037089
-0.093972
-0.295800
-0.584941
-0.673454
-0.773561
-0.797158
-0.814734
-0.850234
-0.799653
-0.753808
-0.801340
-0.560393
-0.308323
0.032857
0.053871
0.184635
0.130563
0.023404
-0.048247
0.079813
0.862506
1.525497
1.648390
2.144474
1.909629
1.096179
0.046970
-0.376629
-1.163846
-1.236864
-1.110780
-1.146418
-0.865144
-0.767393
-0.723377
-0.199119
-0.102435
-0.038100
-0.145199
-0.160194
-0.661081
-0.503558
-0.470048
-0.376647
-0.222593
-0.286943
-0.306167
-0.292994
-0.425233
0.303171
0.173356
0.176432
0.167077
0.368600
0.263375
0.273216
1.155929
1.953111
1.939145
1.335652
1.280950
0.521314
-0.586096
-0.741628
-0.045982
0.097764
0.198182
0.287840
0.511805
-0.100607
-0.271043
-0.398115
-0.449268
-0.582121
-0.946285
-1.009331
-0.962209
-0.803896
-0.773081
-0.680907
-0.349378
0.445704
0.439815
0.439358
0.330166
0.295065
-0.517908
-0.415817
-0.194431
0.052129
0.228956
0.008820
-0.075606
-0.318820
-0.543985
-0.712576
-0.808138
0.095941
0.013315
0.143119
0.084058
0.233677
-0.342462
-0.381960
-0.314541
-0.409715
-0.426948
0.469249
0.749170
1.951216
2.010516
2.073968
1.036655
0.886315
-0.100930
-0.246587
-0.305022
-0.548134
-0.991699
-1.116964
-1.034054
-0.070470
0.118580
0.633633
0.716959
0.903949
0.125499
-0.055685
-0.117696
-0.236609
-0.400825
-0.426958
-0.492231
-0.464597
-0.476867
-0.435574
0.166083
0.238097
0.273853
0.181176
0.196600
0.044602
-0.049366
-0.163735
-0.252574
-0.317744
-0.949503
-0.911685
-0.902245
-0.876869
-0.396826
-0.413552
0.056792
0.453553
0.527859
0.601667
0.734977
0.953974
0.626184
0.718554
0.235632
0.170792
-0.439509
-0.469694
-0.111759
0.252121
0.380262
0.901350
0.941422
0.735221
0.342768
0.256205
-0.175297
-0.287389
-0.439879
-0.493108
-0.461471
-0.506163
-0.572007
-0.217065
-0.159648
0.300635
0.159700
0.162460
0.128269
-0.055078
-0.572908
-0.504643
-0.371626
-0.716543
-0.493029
-0.355407
-0.210538
-0.141607
-0.205443
-0.312776
-0.045897
-0.127899
0.191403
0.342778
0.736733
0.731552
0.735065
0.451967
0.376042
0.029925
-0.441544
-0.577026
-0.400618
-0.487884
-0.245121
-0.154188
0.321292
0.385498
0.486163
0.289341
0.246479
-0.125830
-0.504421
-0.562209
-0.579622
-0.521488
-0.119622
0.008989
0.379784
0.689415
0.758228
0.679688
0.573016
0.463313
0.048010
-0.098267
-0.455893
-0.558233
-0.700538
-0.535182
-0.071796
0.352987
0.522299
0.799313
0.800054
0.502384
0.137593
0.077536
-0.243912
-0.387556
-0.476959
-0.612246
-0.645578
-0.713927
-0.775398
-0.365672
-0.304445
0.069590
0.014295
0.018635
0.128707
0.280503
0.556173
0.701008
0.945526
0.534447
0.564549
0.109227
0.061477
0.362207
0.225308
0.050772
-0.080886
-0.128796
-0.513200
-0.566278
-0.424587
-0.377502
-0.352814
-0.394230
-0.348070
-0.351660
-0.482282
-0.524625
-0.085549
-0.029676
-0.043196
0.010212
0.433563
0.357974
0.305735
0.196229
0.151570
-0.185634
-0.600805
-0.614549
-0.570479
-0.618903
-0.705982
-0.652359
-0.592476
-0.565422
-0.244026
0.119817
0.356218
0.660053
0.864301
0.869165
0.781499
0.680983
0.526214
0.435833
0.439128
0.435093
0.241356
0.373474
0.197749
0.226769
-0.046130
-0.043958
-0.149484
-0.241893
-0.576632
-0.675947
-0.710790
-0.963361
-0.989549
-0.954128
-0.665096
-0.349996
-0.104940
0.213343
0.452055
0.463669
0.386297
0.327972
0.322950
0.269888
0.346791
0.502936
0.663689
0.540906
0.564791
0.494559
0.189106
0.082240
0.296678
0.366391
0.194586
0.187753
0.009567
-0.346499
-0.800058
-0.923467
-1.016194
-1.099542
-0.802455
-0.682141
-0.305336
-0.257880
0.108474
0.183420
0.222285
0.226618
0.308326
0.296221
0.058875
0.120347
0.079468
-0.002074
-0.040208
-0.114587
0.067357
0.065880
0.032584
0.032584
0.012833
0.018002
0.002072
0.270094
0.234861
0.147913
0.170942
-0.096378
-0.049219
0.010292
-0.072756
-0.072756
0.065717
0.039824
-0.479340
-0.546392
-0.475255
-0.437794
-0.475853
-0.012527
0.441238
0.281201
0.340898
0.588781
0.463799
0.639026
0.518328
0.342916
0.125706
0.097733
0.038222
-0.017154
0.065736
-0.073821
-0.270778
-0.311906
-0.357582
-0.285006
-0.398084
-0.300664
-0.314393
-0.101104
0.143280
0.136804
0.352457
0.320370
0.306544
0.211724
0.558611
0.714929
0.693363
0.698888
0.742902
0.371309
0.346702
0.055145
0.118561
0.005760
-0.052320
-0.082279
0.037207
0.019438
-0.060413
0.227302
0.148496
0.222198
0.061040
-1.157700
-0.984619
-0.821472
-0.956680
-0.716604
0.726429
0.672499
0.103191
-0.090397
-0.156320
-0.293120
-0.175751
0.146929
1.071157
1.597164
0.675145
2.077551
2.595217
2.523692
