7.115270
7.115270
7.115270
6.686081
5.160762
3.642018
2.085785
0.410167
-0.717470
-0.179752
0.124062
-0.113854
-0.576675
-1.158291
-2.309130
-3.183326
-3.312794
-3.246735
-2.922544
-2.542635
-1.922092
-1.430487
-0.913928
-0.618632
-0.473730
-0.560968
-0.684778
-0.671924
-0.575275
-0.411260
-0.342397
-0.246386
0.138086
0.379519
0.346208
0.519892
0.597079
0.797455
0.398269
0.259923
0.555171
0.386574
0.251792
0.519655
0.770606
0.438873
0.513062
0.164779
-0.004229
0.238996
0.050545
-0.043594
0.093548
-0.177390
-0.484635
-0.403480
-0.235472
-0.332835
0.207971
0.471787
0.521589
0.535951
-0.012780
-0.824946
-1.310746
-2.041933
-2.275330
-2.043309
-1.644740
-1.476167
-1.009972
-0.550078
-0.150016
0.262834
0.182794
0.312965
0.037295
0.051092
0.077779
0.311456
0.560892
0.633216
0.305611
0.157015
-0.074960
-0.201966
-0.286876
-0.147499
-0.173381
-0.244451
-0.415740
-0.556140
-0.064804
0.301894
0.474260
0.707828
0.866605
0.608898
0.050307
-0.040720
0.407847
0.637571
0.880869
0.872630
1.006026
0.425401
-0.100296
-0.661018
-1.032205
-1.124784
-1.147964
-0.900114
-0.640113
-0.510178
-0.394596
-0.196413
0.020406
0.031657
0.569493
0.931311
0.949653
1.106173
0.987317
0.746326
0.970201
0.961276
1.112209
1.110130
1.177005
0.651758
0.512107
0.462723
0.378144
0.533995
0.504656
0.746933
0.697123
0.569425
0.646139
0.601040
0.302438
-0.141407
-0.430597
-0.610434
-1.214403
-1.483374
-1.856871
-1.968614
-1.789853
-1.393797
-0.976553
-1.197897
-0.591905
-0.820496
-0.622409
-0.423479
0.144724
-0.019381
-0.024643
-0.058010
-0.276110
0.051308
0.649013
0.509295
0.866140
1.074863
0.819430
0.455262
0.410351
0.017085
-0.157457
-0.095967
0.654337
0.950976
1.171937
0.741699
0.603196
-0.240085
-0.897385
-1.027143
-1.091423
-0.842399
-0.847291
-0.331226
0.033748
0.532033
0.451571
0.541925
0.779050
0.585900
0.557947
0.762236
0.630003
0.775843
0.715558
0.743338
0.894854
1.012802
1.119637
1.162128
1.184594
0.885359
0.397117
-0.252971
-0.532476
-0.576764
-0.830887
-0.563095
-0.332358
-0.784572
-1.227301
-1.765840
-1.803675
-1.960821
-1.760104
-1.348278
-0.886908
-0.515018
-0.378794
-0.081368
-0.001161
0.020282
-0.031019
-0.007648
0.300878
0.510736
0.849012
0.779546
0.794346
0.556320
0.210088
0.110579
0.063333
-0.063086
0.162445
0.127216
0.314492
0.683883
0.559210
0.420001
0.285318
0.008165
-0.635503
-0.639377
-0.765937
-0.515214
-0.158226
0.310676
0.776545
1.078691
0.883229
0.755016
0.410898
0.194247
-0.145308
-0.117108
-0.146161
-0.099563
0.099661
0.237161
0.215611
-0.053306
-0.057862
-0.416762
-0.973667
-0.945879
-0.903404
-0.865373
-0.444985
0.101046
0.515315
0.805274
1.234178
1.259721
1.315748
1.082226
0.724969
0.363219
-0.179310
-0.536637
-0.470138
-0.733589
-0.540970
-0.412743
-0.163255
-0.269672
-0.232018
-0.293719
-0.016607
0.099267
0.146614
0.633501
0.431606
0.025413
-0.015475
-0.404438
-0.422272
-0.231844
0.051356
-0.172846
-0.004679
-0.196306
-0.566409
-0.899455
-0.991017
-1.279667
-1.343640
-1.362756
-0.927699
-0.569685
-0.268459
0.037695
0.350696
0.501456
0.650125
1.082270
1.039383
1.139638
0.957681
0.525064
0.185899
0.079170
-0.095461
-0.058250
-0.014897
0.166179
0.176566
0.395757
0.408693
0.562182
0.357874
0.313449
0.221844
0.112899
-0.101311
0.029438
0.318708
0.214983
-0.183817
-0.380520
-0.545250
-0.938829
-0.987666
-0.829794
-0.464597
-0.345028
-0.373414
-0.451275
-0.450483
-0.353869
-0.355616
-0.168011
0.259311
0.673766
1.051355
1.165512
1.445136
1.478315
1.392337
0.997383
0.726315
0.457030
-0.037727
-0.446015
-0.564213
-0.617219
-0.673468
-0.727271
-0.581808
-0.635649
-0.740681
-0.879041
-0.878383
-0.892831
-0.881433
-0.664030
-0.386212
-0.005872
0.324510
0.570425
0.786077
0.853640
0.722351
0.962094
0.663288
0.683102
0.390765
0.297895
-0.240239
-0.222915
-0.240905
-0.154742
-0.063390
0.044759
0.060297
0.044510
0.058842
0.117245
-0.182332
-0.377713
-0.921894
-1.314475
-1.625605
-1.496184
-1.174524
-0.695484
-0.240102
0.119607
0.285974
0.618045
0.666750
0.705169
1.003259
1.136767
1.290194
1.227123
1.303325
1.047159
0.865627
0.546642
0.278472
0.005248
-0.434633
-0.749668
-0.880831
-0.491066
-0.065098
0.218508
0.561107
0.533925
0.221527
-0.054358
-0.158429
-0.463841
-0.689310
-0.717319
-0.616283
-0.506736
-0.148601
-0.082683
0.171789
0.079123
-0.092089
0.079459
0.324617
0.303620
0.056984
-0.021818
-0.126591
-0.178569
0.052202
0.342581
0.788843
0.885783
0.703583
0.554095
0.498739
0.505553
0.224516
0.233812
-0.001153
-0.370585
-0.802709
-1.001227
-0.807266
-0.572267
-0.541336
-0.435568
-0.541345
-0.670594
-0.855677
-0.667984
-0.317659
0.003391
0.163582
0.583576
0.924189
0.982568
1.134924
1.278922
0.861321
0.758849
0.448663
0.268768
0.176822
0.196589
0.106664
-0.231911
-0.581074
-1.100545
-1.471582
-1.701908
-1.553531
-1.110373
-0.876378
-0.681725
-0.456531
-0.262897
-0.340927
-0.429755
-0.289706
-0.453380
-0.552013
-0.604983
-0.254526
-0.069329
0.029397
0.175228
0.648135
0.713422
1.034993
1.240444
1.618564
1.664815
1.591679
1.025555
0.673618
0.318353
-0.177587
-0.412253
-0.543007
-0.541653
-0.515550
-0.504256
-0.146149
0.313951
0.494305
0.549681
0.608011
0.498276
0.094913
-0.112712
-0.408508
-0.556986
-0.686391
-0.632079
-0.451653
-0.278764
-0.427556
-0.417136
-0.435959
-0.202575
-0.297434
0.041517
0.228833
0.504727
0.283482
0.488656
0.624266
0.608278
0.402809
0.551052
0.387756
0.515057
0.407935
0.688001
0.638671
0.220933
-0.102484
-0.329180
-0.531105
-0.684910
-0.689527
-0.951576
-0.989582
-0.703851
-0.677042
-0.228885
0.327120
0.458673
0.154778
-0.006760
0.232622
0.185181
0.096095
0.099638
0.395366
0.239068
0.069616
0.254447
0.602443
0.523865
0.721278
0.361259
0.380030
0.109662
-0.211007
-0.281305
-0.065786
-0.271613
-0.512549
-0.339372
-0.425858
-0.404711
-0.238778
-0.310866
0.010493
0.067544
0.038987
0.217053
0.342033
0.482273
0.006682
-0.199716
-0.343685
-0.323882
-0.673889
-0.495062
-0.026188
0.053529
0.227533
0.520973
0.584398
0.505368
0.042941
-0.467776
-0.734831
-0.890339
-1.008781
-0.979037
-0.390039
-0.241014
-0.072500
0.055848
0.492090
0.512445
0.155625
0.029890
0.097973
-0.069243
0.026146
0.139698
0.372342
0.281133
0.227875
0.091712
0.112620
0.091895
-0.033759
-0.136042
-0.368372
-0.578772
-0.518274
-0.619333
-0.181591
0.193676
0.512109
0.583112
0.313791
0.057750
-0.130905
-0.046151
0.130508
0.459616
0.582865
0.434816
0.469206
0.262005
0.449245
0.543259
0.607921
0.442709
0.112333
-0.121437
-0.435073
-0.756344
-0.787824
-0.838793
-0.545926
-0.294471
-0.181616
-0.007438
0.140486
0.165249
-0.214317
-0.225598
-0.443533
-0.611344
-0.785554
-0.567367
-0.180884
0.027380
0.240526
0.430639
0.398754
0.362605
0.143505
0.126351
0.042570
-0.060333
-0.188824
-0.138990
-0.200220
-0.417361
-0.340204
-0.074982
-0.010351
0.350595
0.629781
0.794474
0.875708
0.827130
0.820953
0.514276
0.271259
-0.264673
-0.478639
-0.798565
-0.634622
-0.315093
-0.350092
-0.376922
-0.160266
-0.331818
-0.391282
-0.472477
0.050603
0.152573
0.390619
0.282014
0.533846
0.293174
0.042636
-0.063581
0.155825
-0.232032
-0.165277
-0.230863
-0.029614
-0.105569
0.146927
-0.029966
-0.163890
-0.379871
-0.532592
-0.343367
-0.311843
-0.173906
0.030559
-0.634980
-0.498381
-0.394758
-0.024686
0.281001
0.994660
0.887538
0.915011
0.786724
0.699378
0.508841
0.490228
0.154270
0.289122
0.150284
0.276699
0.350342
0.585595
0.571069
0.093088
-0.091910
-0.106978
-0.461101
-0.903898
-0.924846
-0.851223
-1.002410
-0.514524
-0.125266
0.179141
0.429864
0.380894
0.128176
0.094210
-0.009407
0.144361
0.051135
0.174777
0.000754
0.155599
0.010601
-0.084333
0.068609
-0.055720
-0.280486
-0.239948
-0.007143
0.026930
0.021712
0.256610
0.172454
0.120622
-0.080077
-0.218412
-0.363203
-0.742453
-0.943999
-0.897019
-0.900399
-0.728242
-0.550488
0.016387
0.217266
0.455610
0.702160
0.624242
0.385832
0.032399
-0.082089
-0.370585
-0.265279
0.040815
0.197216
0.619595
0.783253
0.916385
0.964242
1.002547
0.924353
0.654542
0.575372
0.486288
0.368620
0.170859
0.013898
0.259887
0.192469
0.086867
0.007100
-0.242580
-0.532767
-1.279992
-1.503430
-1.563465
-1.447255
-1.387205
-0.887144
-0.431085
-0.165549
0.231220
0.515791
0.524182
0.740514
0.598052
0.531987
0.559038
0.464732
0.359624
0.188628
0.076591
-0.321576
-0.285897
-0.513780
-0.439981
-0.075626
-0.273098
-0.403079
-0.248117
-0.144007
-0.257392
-0.067841
0.273434
0.325609
0.167722
0.047725
0.191493
0.326314
0.270039
0.483599
0.676506
0.563191
0.557609
0.294485
0.299103
0.112655
-0.074749
-0.291386
-0.415072
-0.657135
-0.851388
-0.753169
-0.644842
-0.339810
-0.311067
-0.206618
0.119745
0.119748
-0.062040
0.283644
0.415455
0.362981
0.077050
0.064942
-0.234879
-0.535111
-0.619930
-0.409300
-0.354636
-0.376028
-0.514896
-0.476018
-0.744988
-0.548426
-0.403155
-0.044718
0.157638
0.518460
0.853249
1.037746
1.255901
1.188475
1.174864
0.950236
0.793420
0.577339
0.176424
-0.196120
-0.069572
-0.222308
-0.182683
-0.206819
-0.006680
-0.392090
-0.416153
-0.431622
-0.386939
-0.503647
-0.565632
-0.549259
-0.525703
-0.423086
-0.103896
0.021582
0.438145
0.642060
0.793782
0.589414
0.340267
-0.032502
-0.604341
-0.911660
-0.875171
-0.729382
-0.522760
-0.251600
0.010461
0.012072
-0.006557
0.132009
0.244139
0.410050
0.699773
1.033875
0.835228
0.486582
0.252339
-0.195218
-0.422281
-0.559874
-0.633988
-0.427053
-0.230655
0.061203
0.294835
0.741277
0.863039
0.730099
0.250683
-0.106206
-0.100210
-0.273023
-0.367352
-0.018709
0.185946
0.453920
0.208315
0.250080
0.131985
0.103038
-0.196282
-0.210346
0.080453
0.270767
0.132683
0.151337
0.189768
0.079511
-0.692049
-1.255956
-1.540783
-1.787240
-1.760335
-1.295444
-0.539616
-0.299565
0.004822
0.169252
0.364701
0.623697
0.626657
0.702795
1.098996
0.889999
0.881422
0.926883
1.106745
0.688507
0.821543
0.527537
0.237345
0.008255
-0.383832
-0.629754
-0.478396
-0.656756
-0.340160
-0.410304
-0.194184
-0.358758
-0.207321
-0.433012
-0.340039
-0.207585
-0.315160
-0.256487
-0.114969
-0.051714
-0.059442
-0.093934
0.187323
0.038450
-0.147829
0.167148
0.393124
0.619883
0.593356
0.971668
0.524441
-0.001999
-0.322455
-0.629195
-0.600618
-0.529195
-0.035937
0.208484
0.478892
0.621392
0.533718
0.392915
0.193358
-0.055446
-0.221616
-0.433389
-0.142657
-0.047374
0.064012
0.097535
0.236379
0.285802
0.255377
0.520917
0.711046
0.820834
0.814604
0.440645
0.183434
-0.216204
-0.703838
-0.937132
-0.792390
-0.544279
-0.629349
-0.296991
-0.172766
-0.407348
-0.301352
-0.093348
0.284253
0.365740
0.457572
0.191284
0.140210
-0.120666
-0.312257
-0.100921
0.271865
0.305056
0.408078
0.047042
-0.088172
-0.574245
-0.712707
-0.697995
-0.693655
-0.686535
-0.655379
-0.692135
-0.961712
-0.827389
-0.499423
-0.213474
0.185396
0.638447
0.854256
0.879877
0.758488
0.659396
0.332733
0.186947
-0.052606
-0.136848
-0.009460
0.003360
0.116047
0.145734
-0.038175
-0.074956
-0.080853
0.099562
0.256987
0.636179
0.859011
1.001492
1.290434
1.039203
0.760953
0.188502
-0.190587
-0.574649
-0.518800
-0.097645
0.051092
0.365293
0.724712
0.935822
0.683553
0.550040
0.463745
0.034582
-0.237106
-0.175496
-0.016741
0.174906
-0.079811
-0.266630
-0.366111
-0.715548
-1.029447
-0.949478
-0.879111
-1.029947
-0.964011
-0.619746
-0.565281
-0.382533
-0.530048
-0.547431
-0.554501
-0.397354
-0.015085
0.308294
0.902317
1.097532
1.209234
0.951348
0.778334
0.472499
0.215781
0.188057
0.181849
0.227611
0.275049
-0.047607
-0.042840
0.084093
0.178608
0.207992
-0.089536
-0.314445
-0.728397
-0.943585
-1.091966
-0.768319
-0.639148
-0.432985
0.024648
0.331097
0.254552
0.348826
0.241109
0.353999
0.275135
0.705664
0.838012
0.987882
0.692513
0.497150
0.333304
0.087101
-0.056143
-0.099077
-0.587567
-0.727494
-1.027058
-1.297473
-1.437210
-1.258253
-1.071131
-0.680537
-0.075882
0.295773
0.468959
0.605683
0.673309
0.738906
0.356076
0.364422
0.327949
-0.062333
-0.009473
0.108596
0.267346
0.127311
0.412118
0.210703
0.031429
0.011770
-0.111806
-0.287521
-0.271584
-0.259838
-0.087894
0.066375
0.358809
0.435465
0.573948
0.563183
0.505194
0.303233
-0.061559
-0.117514
-0.132620
-0.142422
-0.099016
-0.290226
-0.127334
-0.248538
-0.265114
-0.339003
-0.159421
0.057896
-0.399098
-0.774718
-0.913669
-1.221729
-1.498235
-1.137984
-0.425058
-0.022711
0.498982
0.983412
0.970376
1.179982
1.164406
1.194041
1.149531
1.087002
0.678002
0.594959
0.498496
0.046293
-0.068578
-0.036993
-0.183755
-0.034819
-0.245003
-0.281896
-0.273874
-0.647394
-0.890682
-1.019182
-0.826092
-1.003078
-1.194330
-1.109092
-0.647660
-0.312924
-0.380016
0.150308
0.458735
0.457835
0.625460
0.690914
1.144636
1.271454
1.043152
0.670475
0.668326
0.436197
-0.003045
0.102969
0.238419
0.322021
0.209697
0.047476
0.203353
0.158223
-0.161516
-0.259754
-0.418194
-0.841336
-1.230764
-1.163460
-1.090200
-1.083547
-0.899055
-0.593811
0.019505
0.396055
0.514469
0.692410
0.444031
0.232714
0.096786
0.515885
0.341430
0.309874
0.051520
-0.137747
-0.222862
-0.024095
0.151106
0.390809
0.136369
0.225609
0.025341
-0.040648
-0.109597
0.119063
0.017639
0.027561
0.319473
0.300001
-0.148033
0.078939
0.216133
0.311385
0.275684
0.670148
0.382588
0.078597
-0.100765
-0.251386
-0.031332
0.090216
0.027488
0.042854
-0.328287
-0.639564
-0.799810
-0.543802
-0.106630
0.192519
0.438346
0.387926
0.573379
0.132699
0.147867
0.124705
-0.089710
-0.231863
-0.285979
-0.092834
0.039762
0.004242
-0.236290
-0.673451
-0.618509
-0.738634
-0.481135
0.093915
0.580063
0.746171
0.764003
0.859231
0.632699
0.411741
0.404416
0.381563
0.434125
0.484083
0.465056
0.314320
-0.019938
-0.134542
-0.536748
-0.645557
-0.900620
-0.895759
-0.889269
-0.743413
-0.512087
-0.369168
-0.360948
-0.610528
-0.728698
-0.494431
-0.457077
-0.266729
0.319215
0.747925
0.833914
0.862488
0.933070
0.607926
0.452190
0.513222
0.772415
0.892546
0.693760
0.416508
0.197263
-0.109943
-0.100714
0.072593
0.188369
-0.047252
-0.249257
-0.431511
-0.693831
-0.389893
-0.269443
-0.055046
0.158813
0.133716
-0.046030
-0.298334
-0.307162
-0.489044
-0.360088
-0.472852
-0.308426
-0.078956
-0.198893
-0.240727
-0.066874
-0.306607
-0.375563
-0.531745
-0.254695
-0.250551
0.023522
0.167893
0.472253
0.653124
0.521612
0.463462
0.156778
-0.126998
-0.262259
-0.361933
-0.017420
0.203694
0.345894
0.345894
0.401591
0.454975
0.404764
0.659560
0.850773
0.913231
0.546194
0.071919
-0.026562
-0.291641
-0.731993
-0.622323
-0.721386
-0.519878
-0.687719
-0.330774
-0.048743
0.272287
-0.226573
-0.328456
-0.260245
-0.603307
-0.590294
-0.289788
-0.110077
0.152494
0.180331
0.253129
0.545716
0.659843
0.498491
0.185526
0.251779
-0.055891
-0.271674
-0.477492
-0.443973
-0.196904
-0.463698
-0.523460
-0.220582
-0.156578
-0.357531
-0.298846
0.089221
0.094527
0.041866
-0.171978
-0.232879
-0.207530
-0.299650
-0.004407
0.173363
0.300545
0.065529
-0.342718
-0.361870
-0.401556
-0.491707
-0.358083
-0.188932
-0.057377
-0.042952
0.140182
-0.020112
-0.151591
0.091811
0.372967
0.682048
1.032239
1.268411
1.182233
0.858808
1.130439
0.808285
0.867308
0.645343
0.581015
-0.022829
-0.260827
-0.324447
-0.540611
-0.621056
-0.512074
-0.332967
-0.042517
-0.200540
-0.293320
-0.285186
-0.407041
-0.497002
-0.224686
-0.167883
-0.386778
-0.182934
-0.199284
-0.333442
0.027364
0.164178
0.159087
0.277390
0.425938
0.383457
0.345096
0.574316
0.600680
0.419311
0.142748
-0.273602
-0.651008
-1.157023
-1.226036
-0.984959
-0.743218
-0.646446
-0.630061
-0.218856
-0.056370
0.232829
0.503144
0.911393
0.828812
0.648686
0.642945
0.647451
0.395866
0.540939
0.516389
0.495879
0.393919
0.492291
0.419222
0.182865
-0.078547
-0.242814
-0.312806
-0.566992
-0.604312
-0.560770
-0.789420
-0.588188
-0.318783
-0.146703
0.069691
0.351805
0.207903
-0.153553
-0.303633
-0.341265
-0.442229
-0.550175
-0.642086
-0.291079
-0.213162
-0.211496
0.159203
0.458162
0.331361
-0.068601
-0.260505
-0.441366
-0.325954
-0.128421
0.406052
0.977097
1.177298
1.006744
1.003983
0.591416
0.337391
-0.119628
-0.252126
-0.219603
-0.075664
-0.127586
-0.128684
0.067499
-0.149385
-0.262127
-0.289688
-0.277431
-0.004619
-0.081134
0.025756
0.159766
0.225468
0.030360
-0.515010
-0.265887
-0.105974
-0.083976
-0.102602
0.338426
0.175686
-0.193047
-0.125725
0.155089
-0.020837
0.301204
0.448464
0.866954
0.910675
1.073857
0.917410
0.892521
0.403544
-0.066911
0.014381
-0.210117
-0.429884
-0.582976
-0.836235
-0.817918
-0.857127
-0.774980
-0.427645
-0.202241
0.100742
0.081210
0.081613
-0.241923
-0.414085
-0.619006
-0.698541
-0.723738
-0.648311
-0.530786
-0.399670
-0.106171
0.247903
0.437057
0.619027
0.710859
0.605794
0.664499
0.616125
0.749944
0.649772
0.532074
0.268673
0.127892
0.107054
-0.180353
-0.285388
-0.205813
-0.290072
-0.446442
-0.415166
-0.404647
-0.583268
-0.690537
-0.631598
-0.581505
-0.385348
-0.326687
0.035913
0.356143
0.353394
0.514724
0.716664
1.047808
1.047301
0.970674
0.953983
0.893803
0.594201
0.215545
0.347677
0.377927
0.039958
0.075133
-0.190921
-0.336245
-0.693138
-0.757514
-0.752301
-0.557925
-0.313404
-0.427630
-0.385459
-0.577013
-0.498028
-0.293555
-0.091166
0.354287
0.669646
0.372393
0.011968
-0.261316
-0.378820
-0.726316
-0.566394
-0.408605
-0.271830
-0.049025
0.080938
0.251424
0.182793
0.174531
0.068222
0.027529
0.336570
0.175738
0.246013
0.325228
0.353434
0.216997
0.414782
0.741938
0.634419
0.635006
0.711762
0.670264
0.459230
0.170259
0.008848
-0.271799
-0.507112
-0.536402
-0.817187
-0.765714
-0.878356
-0.758893
-0.821346
-0.618502
-0.331809
-0.177371
-0.104083
0.315561
0.358138
0.276179
0.098109
0.537881
0.696747
0.657392
0.485238
0.470828
0.175897
-0.419989
-0.298823
0.110155
0.261708
0.279718
0.327693
0.548896
0.377680
0.265944
0.326330
0.532542
0.358970
0.284528
0.398055
-0.019076
-0.384336
-0.426310
-1.083653
-1.235889
-1.152820
-1.455430
-1.428269
-1.084436
-0.799006
-0.719714
-0.206766
-0.010370
0.113404
0.100321
0.262516
0.725592
1.012254
1.451432
1.690697
1.604754
1.337958
0.682940
0.049861
-0.430199
-0.620896
-0.734101
-0.700759
-0.395391
-0.285673
-0.110846
0.159375
0.356674
0.562224
0.448802
0.312889
0.181048
0.272405
0.210986
0.091568
0.035327
-0.300244
-0.567792
-0.694945
-0.573895
-0.106565
-0.042220
0.090434
0.106019
0.091781
-0.115678
-0.258454
0.080567
0.304767
0.321104
0.301121
0.432663
0.142720
-0.235318
-0.195945
-0.127519
-0.191176
0.057344
-0.263369
-0.002870
0.030394
0.031054
-0.236948
-0.096980
-0.255833
-0.313529
-0.033251
0.035285
0.207906
0.499265
0.301451
0.465733
0.734220
0.657423
0.212148
-0.032111
-0.239262
-0.582185
-0.395806
-0.292148
-0.082317
-0.363880
-0.770469
-0.616632
-0.439424
-0.534832
-0.289072
0.038512
0.187538
-0.007185
0.170817
0.442246
0.573077
0.449899
0.677264
0.604401
0.262812
0.128371
0.261765
-0.159111
0.040645
-0.121689
-0.184560
-0.429546
-0.397771
-0.401042
-0.566263
-0.216472
0.057948
0.281313
0.322633
0.519746
0.444894
0.176219
0.192312
0.126134
-0.005956
-0.199512
-0.553115
-0.580450
-0.649558
-0.441080
-0.341113
-0.315423
-0.186885
-0.343483
-0.453623
-0.432196
-0.179598
-0.051247
0.210419
0.612745
0.761010
0.967117
1.007410
0.592178
0.177666
-0.143879
-0.394514
-0.526197
-0.262893
0.261475
0.063875
0.185392
0.071911
-0.011479
-0.334430
0.157111
0.391071
0.293774
0.398653
0.515930
0.221988
-0.089066
-0.266015
-0.162625
-0.204121
-0.272299
-0.130433
-0.095835
-0.096182
-0.518157
-0.654366
-0.481069
-0.320141
-0.167472
0.219408
0.903488
0.954976
0.903204
0.626437
0.448521
0.123929
-0.189575
-0.069155
0.431065
0.436389
0.516550
0.076008
0.063564
-0.423251
-0.726017
-0.998201
-0.902987
-1.065076
-1.392392
-1.297373
-1.056293
-1.199507
-1.122264
-0.743917
-0.105700
0.168282
0.843836
1.167866
1.231831
0.932519
0.608586
0.416340
0.377052
0.220311
0.409194
0.393287
0.439347
0.295801
0.132568
-0.192797
-0.480195
-0.632777
-0.746794
-0.443037
-0.449551
-0.550112
-0.190383
0.014760
0.237877
0.639614
0.790930
0.668794
0.410542
0.163185
-0.271162
-0.241270
-0.346950
-0.402673
-0.337491
-0.203049
-0.064095
-0.190472
-0.264629
-0.226871
-0.182327
0.071025
0.139194
0.404658
0.518910
0.492670
0.551128
0.740964
0.815192
0.686410
0.451769
-0.002475
-0.594455
-0.670220
-1.081934
-1.108252
-0.798284
-0.737525
-0.909381
-0.734901
-0.121295
0.138119
0.282646
0.259148
0.262305
0.248611
-0.165649
-0.078436
0.299917
0.501122
0.294810
0.237945
0.212386
-0.220991
-0.440632
-0.063525
0.014830
0.284719
0.457821
0.587801
0.229968
0.121626
0.170712
0.006951
0.076661
0.029734
-0.024115
-0.272945
-0.384604
-0.444012
-0.623313
-0.530961
-0.611617
-0.476146
-0.344081
-0.195271
0.194547
0.603732
0.588159
0.530803
0.443251
0.314371
0.012305
0.091575
0.037201
-0.075142
0.029044
0.338042
0.716965
0.943609
1.005022
0.910996
0.771403
0.672468
0.349505
0.421192
0.100013
-0.424782
-0.645619
-0.743404
-0.912198
-0.934899
-0.773028
-0.896596
-0.840921
-0.662981
-0.690503
-0.616616
-0.220197
-0.014339
0.106192
0.148820
0.285237
0.005388
-0.260920
-0.344548
-0.366967
-0.152691
-0.028303
0.212606
0.563040
0.869139
0.757002
0.746662
0.734591
0.423906
0.117165
0.076237
-0.025952
-0.042541
-0.274891
-0.277897
-0.147457
-0.536422
-0.531795
-0.740379
-0.473006
-0.589707
-0.529882
-0.485434
-0.159081
-0.112021
-0.454536
-0.438802
-0.508865
-0.195149
-0.038979
0.369872
0.964480
1.186614
0.747686
0.504265
0.464611
0.635190
0.423145
0.584180
0.506955
0.206954
-0.134572
-0.305318
-0.145811
0.046772
0.269751
0.298556
0.333185
0.322237
0.073164
-0.006752
-0.082561
0.005125
0.142911
0.055494
0.016060
-0.147448
-0.317453
-0.705807
-0.894493
-0.656128
-0.841005
-0.922605
-0.710875
-0.577200
-0.758344
-0.647135
-0.173917
-0.063666
0.197681
0.482995
0.628410
0.566609
0.503210
0.605257
0.512896
0.637518
0.732875
0.507315
0.524963
0.567647
0.497071
0.366192
0.320941
0.156945
-0.163110
-0.300981
-0.322836
-0.483433
-0.526852
-0.614650
-0.483084
-0.555402
-0.470592
-0.487688
-0.377116
-0.302144
-0.208456
0.118404
0.494130
0.628323
0.734042
0.788383
0.980973
0.959495
0.865936
0.881663
0.654714
0.311127
-0.312804
-0.573590
-0.889496
-0.993389
-1.139391
-1.021333
-0.655481
-0.502387
-0.494517
-0.078040
0.111610
0.350065
0.360149
0.503631
0.294847
0.232857
-0.114978
-0.400442
-0.396461
-0.503500
-0.571052
-0.395211
-0.552001
-0.506260
-0.537969
-0.532632
-0.359348
-0.092093
0.306288
0.524762
0.880598
0.799987
1.064117
0.703587
0.437856
0.284142
-0.217236
-0.695913
-0.592937
-0.761899
-0.617796
-0.461798
0.010623
-0.036169
0.247961
0.224747
0.474950
0.384850
0.250865
0.247764
0.275991
0.170140
0.410159
0.154590
0.333325
0.266022
0.305483
0.361154
0.634139
0.511702
0.387633
0.395636
0.219222
0.302171
0.482435
0.314741
0.320627
0.249103
-0.076459
-0.477088
-0.499915
-0.552644
-0.862314
-0.939573
-0.935791
-1.045612
-1.323628
-1.327121
-0.740076
-0.293658
-0.233295
0.254468
0.543091
0.473145
0.233619
0.532301
0.298158
0.233816
0.110692
0.028462
0.094102
0.237210
0.270688
0.408449
0.287492
0.254773
0.020620
-0.181010
-0.290982
-0.316610
-0.455094
-0.403377
0.001223
0.144129
0.189859
0.421534
0.510319
0.566150
0.133048
0.169278
0.156608
0.053885
-0.209826
-0.120177
0.127767
0.067555
0.083306
0.232974
0.222253
-0.027397
-0.424840
-0.662510
-0.741298
-0.877607
-0.534679
-0.227441
0.224561
0.343541
0.141020
0.008676
-0.089266
0.046744
-0.039753
0.530344
0.624156
0.783629
0.613386
0.474441
0.520226
0.507894
-0.092649
-0.265440
-0.498460
-0.259299
-0.428436
0.077311
0.124012
0.056982
-0.395132
-0.502155
-0.357443
-0.200926
0.065072
0.049872
-0.027216
-0.137753
-0.428376
-0.517152
-0.266421
-0.299794
-0.377630
-0.260626
0.088401
0.192895
0.463578
0.780231
0.977191
1.046589
0.772381
0.805930
0.930426
0.831408
0.898422
0.651134
0.441459
-0.059029
-0.288381
-0.745308
-0.934579
-0.865552
-0.976758
-1.005233
-0.756243
-0.477300
-0.174227
0.170664
0.468407
0.492542
0.680200
0.321811
0.092294
-0.018265
-0.456207
-0.783977
-0.663767
-0.714711
-0.640493
-0.442764
0.081516
0.304401
0.416466
0.530675
0.472177
0.093916
-0.387696
-0.585570
-0.813831
-0.586345
-0.218996
-0.236659
-0.006476
0.017354
-0.111949
-0.197576
-0.001140
-0.000242
0.052700
0.106851
0.156511
0.372929
0.851184
1.081300
1.376597
1.471021
1.236344
0.754425
0.041799
-0.389060
-1.113411
-1.464976
-1.438762
-1.182315
-1.061574
-0.729915
-0.256962
-0.190757
0.139392
0.584363
0.768828
1.016158
0.905083
0.727191
0.422336
0.453302
0.407862
0.323367
0.201417
-0.105786
-0.526086
-0.629865
-0.791315
-0.590132
-0.688806
-0.647976
-0.532100
-0.235279
0.062757
0.289565
0.547847
0.317131
0.119989
-0.223889
-0.414341
-0.539890
-0.412975
-0.131430
0.173778
0.558329
0.818534
0.497744
0.419915
0.207368
-0.021704
-0.145838
-0.021904
0.190605
0.142062
0.316255
0.444319
0.524369
0.444004
0.277700
0.262556
0.163237
-0.077987
-0.155532
-0.141030
-0.442644
-0.733541
-0.752831
-0.638867
-0.441862
-0.073261
0.365094
0.727331
0.655578
0.447487
0.507881
0.252932
0.188874
-0.106279
-0.145709
-0.501444
-0.620829
-0.721307
-0.660876
-0.573156
-0.464714
-0.458367
-0.218798
0.101013
0.357974
0.233642
0.245706
0.092348
-0.205708
-0.274614
-0.077504
0.349847
0.565802
0.862198
0.898679
0.971863
0.819318
0.454263
0.088191
-0.009317
-0.445928
-0.480756
-0.528737
-0.479405
-0.673833
-0.612785
-0.695623
-0.726419
-0.639802
-0.390755
-0.038154
0.202927
0.337207
0.480751
0.248554
0.350877
0.298152
0.126184
-0.023529
-0.082087
-0.242181
-0.562825
-0.471135
-0.605894
-0.559341
-0.376785
-0.255473
0.219211
0.774894
0.903603
0.830722
0.571331
0.409526
0.132454
0.268036
0.261937
0.506762
0.302024
-0.026478
-0.296612
-0.527672
-0.801127
-0.645674
-0.398166
0.103803
0.296487
0.596258
0.549979
0.675215
0.477034
0.263685
0.403142
0.441487
0.269873
0.210888
0.108947
-0.016855
-0.458563
-0.693700
-0.747175
-0.722266
-0.796044
-0.488332
-0.209198
-0.192226
-0.107195
0.284979
0.078864
0.159527
-0.138610
-0.176596
-0.318669
-0.140214
0.043163
0.404098
0.807824
0.869281
0.775281
0.370981
-0.004084
-0.306517
-0.715553
-0.727247
-0.347303
-0.243570
-0.092724
-0.051258
0.086927
-0.155070
-0.158167
-0.183181
-0.060984
0.039125
0.142421
0.390919
0.469735
0.590737
0.663532
0.699301
0.858270
0.955853
0.695726
0.734522
0.329791
-0.002292
-0.548029
-0.646505
-0.699761
-0.562773
-0.330351
-0.127644
0.179718
0.077477
0.061180
-0.083420
-0.239640
-0.279000
-0.668559
-0.891402
-0.683635
-0.507471
-0.636326
-0.736732
-0.349025
-0.521467
-0.713614
-0.472413
-0.452631
-0.381298
-0.498425
-0.339665
-0.164037
0.142037
0.622046
0.960998
1.238301
1.046336
1.235606
0.711654
0.402836
0.415216
0.268680
0.162453
0.274932
0.111916
-0.128849
-0.507318
-0.456801
-0.590777
-0.447343
-0.269796
0.001855
-0.046001
-0.344887
-0.481345
-0.320929
0.000179
0.509991
0.930101
1.477703
1.558543
1.373310
1.021426
0.708704
0.455245
-0.048355
-0.180777
-0.444368
-0.628264
-0.795574
-0.813294
-0.783582
-0.708293
-0.649573
-0.445191
-0.326891
-0.053063
-0.024914
0.273431
0.213067
0.131023
-0.084877
-0.292476
-0.160683
-0.047873
0.218103
0.480090
0.669536
0.355726
-0.005108
-0.280020
-0.455754
-0.391578
0.043778
0.283932
0.464037
0.476158
0.266603
0.025185
-0.247388
-0.074769
-0.206598
-0.074791
-0.099307
-0.137955
-0.369286
-0.398931
-0.126672
0.047425
0.216584
0.284654
0.223515
0.195308
0.024696
0.079471
0.346212
0.472175
0.461582
0.249029
-0.001674
-0.650665
-1.093473
-1.397272
-1.347866
-1.000191
-0.501702
0.169531
0.488112
0.439007
0.432555
0.263768
0.386044
0.522396
0.786096
0.956462
0.990851
0.800686
0.531582
0.511682
0.244967
0.004491
-0.051193
-0.096319
-0.061922
0.055241
0.008950
-0.080615
-0.573760
-0.923382
-1.301811
-1.371100
-1.330464
-1.190630
-0.793322
-0.870186
-0.464023
-0.426720
-0.277039
-0.093944
0.249144
0.618470
0.690514
1.110040
0.775358
0.757920
0.407589
-0.037976
-0.316687
-0.242204
-0.236415
-0.064058
0.332172
0.747690
0.796942
0.948596
1.065789
0.868763
0.516014
0.007036
-0.242111
-0.754967
-1.055541
-1.059504
-1.071433
-1.130198
-1.425377
-1.446905
-1.486734
-1.203510
-0.868665
-0.508869
0.185975
0.499351
0.886164
0.878974
0.872654
0.675972
0.459228
0.252322
0.272095
0.356225
0.529451
0.313161
0.352526
0.274827
0.007411
-0.363352
-0.412024
-0.499304
-0.896958
-0.963428
-0.990582
-0.938334
-0.708810
-0.247577
0.273689
0.662093
0.836121
0.770028
0.630351
0.543267
0.243410
0.118696
-0.094563
-0.298119
-0.341883
-0.390723
-0.173932
-0.015763
0.337461
0.410128
0.384968
0.322673
0.207638
-0.024534
-0.239080
-0.320987
-0.545180
-0.787501
-0.547457
-0.293242
-0.213961
0.073708
0.288553
0.275572
0.052291
0.180445
0.341358
0.514134
0.691985
0.599095
0.485826
0.119295
-0.345608
-0.471559
-0.409907
-0.266521
-0.367748
-0.266875
-0.413819
-0.569139
-0.410993
-0.215944
0.275788
0.502816
0.643432
0.461205
0.322814
0.141276
-0.195254
-0.153022
-0.040188
0.062192
0.181257
0.085582
0.359663
0.459264
0.380846
0.518837
0.763127
0.611368
0.158769
0.058901
-0.236261
-0.482660
-0.423532
-0.424832
-0.260125
-0.302900
-0.357124
-0.290197
-0.205312
-0.026512
-0.198723
-0.126951
-0.292955
-0.202352
-0.287154
-0.325818
-0.259223
-0.384420
-0.836623
-0.844142
-1.063459
-0.878654
-0.894984
-0.430397
-0.129441
0.385660
0.515875
0.713307
0.911044
0.737923
0.685474
0.866137
0.855622
1.042070
0.908766
0.862485
0.761154
0.794440
0.721720
0.591742
0.610081
0.315776
-0.317368
-0.824805
-0.924284
-0.889386
-1.230738
-1.060827
-0.892527
-0.927286
-0.770103
-0.512395
-0.227376
-0.196874
-0.033379
-0.071814
-0.160303
0.049660
0.182140
0.385454
0.556539
0.432216
0.649954
0.451714
0.554358
0.496626
0.683063
0.537914
0.538254
0.366832
0.149718
0.302853
0.217675
0.314911
0.194538
-0.037609
-0.182415
-0.358468
-0.720897
-0.597536
-0.646238
-0.574323
-0.659266
-0.384323
-0.318194
-0.235149
-0.281200
-0.502006
-0.252961
-0.278359
-0.158180
0.160409
0.252775
0.371407
0.022864
-0.226911
-0.287740
0.151231
0.100767
0.534782
0.882373
0.796148
0.459233
0.424886
0.155265
0.161648
-0.086433
-0.072265
-0.194442
-0.302531
-0.385685
-0.262828
0.043106
0.171530
0.413768
0.535509
0.606127
0.516135
-0.060084
-0.555800
-0.924558
-1.198805
-1.002097
-0.536587
-0.045673
0.267758
0.305473
-0.001642
-0.097089
-0.000071
-0.170461
-0.114878
0.120527
0.345878
0.486121
0.575247
0.840656
0.775149
0.630160
0.491041
0.392417
0.202523
-0.147565
-0.387343
-0.602791
-0.678242
-0.832834
-0.769862
-0.475378
-0.255719
-0.154508
0.177331
0.323755
0.487118
0.159475
0.113485
-0.048684
-0.347686
-0.704178
-0.669314
-0.328122
-0.166665
0.008723
0.296665
0.355148
0.410373
0.285364
0.396639
0.387264
0.448757
0.276211
0.303860
0.392395
0.297492
0.074877
0.037563
-0.227248
-0.215773
-0.349552
-0.192375
-0.079610
-0.091992
-0.069833
-0.427889
-0.357402
-0.528637
-0.439385
-0.393724
-0.089467
0.139769
-0.021415
-0.120868
-0.085407
0.049161
0.248787
0.611031
1.189009
1.330679
1.309809
0.920759
0.564268
0.417700
-0.038404
-0.188044
-0.278000
-0.556965
-0.801023
-0.885349
-0.789793
-0.761920
-0.539931
-0.352621
-0.304274
-0.345754
-0.390097
-0.316857
-0.433412
-0.247053
0.017655
-0.103277
0.386903
0.729656
0.595143
0.446675
0.470907
0.162829
-0.162969
-0.036311
0.308377
0.559443
0.553960
0.253218
0.101286
-0.413717
-0.978732
-0.869370
-0.942847
-0.608930
-0.558702
-0.163252
0.070674
0.392375
0.444009
0.338473
0.313571
-0.087781
-0.479367
-0.516947
-0.180704
0.257439
0.304609
0.751772
1.027038
0.915006
0.564244
0.423400
0.450689
0.005313
-0.116044
0.022031
-0.091598
-0.118748
-0.529397
-0.762459
-0.767633
-0.742824
-0.311523
-0.223980
0.057732
-0.046503
0.009796
-0.449895
-0.129417
0.435879
0.618325
0.913877
0.656521
0.165383
-0.438053
-0.838027
-0.758923
-0.294988
0.108265
0.445989
0.702051
0.545965
0.287126
0.287745
0.328539
0.267141
0.380318
0.467000
0.692172
0.562125
0.397811
0.297612
-0.062676
-0.339840
-0.784613
-0.913820
-1.018730
-0.870672
-0.835026
-0.694292
-0.520556
-0.596473
-0.729151
-0.506681
-0.501502
-0.105688
0.221122
0.755507
0.861945
0.967401
0.734164
0.437144
0.360231
0.216490
0.027950
0.119514
0.157109
0.121491
0.127779
0.415384
0.443541
0.455450
0.537201
0.126557
-0.022745
-0.197393
-0.354302
-0.680318
-0.533288
-0.361232
-0.720894
-0.938984
-0.835566
-0.898278
-0.677983
-0.182880
0.546693
0.937756
1.046148
0.786253
0.690440
0.490110
0.101160
0.116726
0.322206
0.403243
0.511714
0.521192
0.442984
0.069450
-0.184902
-0.710010
-1.308950
-1.107090
-1.370345
-1.527493
-1.306695
-0.829318
-0.703234
-0.317331
0.350910
0.762419
0.894198
0.913753
0.879143
0.690854
0.436277
0.533232
0.374215
0.423285
0.300783
0.082290
0.143886
0.307948
0.176031
0.087673
0.144345
0.138504
-0.050517
0.017161
0.198358
-0.028897
-0.313922
-0.741030
-0.957069
-1.362737
-1.345412
-1.091638
-0.492266
0.099997
0.367626
0.638849
0.758672
0.676882
0.721709
0.826365
0.949863
0.810770
0.471891
-0.165314
-0.527250
-0.629714
-0.763438
-0.573213
-0.082728
0.220848
0.341678
0.332623
0.214377
-0.229033
-0.543285
-0.788921
-1.023882
-1.002227
-0.920904
-0.790103
-0.600959
-0.313523
0.090891
0.378827
0.773737
0.960035
0.980686
0.880576
0.905407
0.731125
0.372230
0.230556
-0.010040
-0.489386
-0.557868
-0.500371
-0.053702
0.440041
0.822953
1.075247
1.054216
0.823478
0.118182
-0.295285
-0.819031
-1.004697
-1.185445
-1.094926
-0.737111
-0.406123
-0.630702
-0.576886
-0.636178
-0.446828
-0.364940
0.204848
0.403544
0.689778
0.755848
0.554797
0.382756
0.056765
-0.078215
-0.302465
-0.135558
0.052460
-0.089312
-0.230863
-0.277463
-0.487429
-0.341009
0.261174
0.682524
0.832931
0.939224
0.875679
0.505799
0.394194
0.091292
0.000789
-0.124930
-0.371659
-0.464509
-0.690321
-0.442669
-0.355852
0.035408
0.190967
0.582649
0.572920
0.278083
0.015922
-0.085468
-0.188557
-0.135405
-0.280379
-0.022594
0.042144
0.051538
-0.149947
-0.220643
-0.471675
-0.871472
-1.043746
-1.009306
-0.720222
-0.355042
-0.051530
0.544763
0.820013
0.859982
0.953406
0.946426
0.624382
0.145853
0.051104
0.006247
-0.153946
-0.203061
-0.303578
0.191653
0.298357
0.384990
0.440900
0.588228
0.382404
-0.004047
-0.008157
-0.013645
-0.107151
-0.390470
-0.500373
-0.261840
-0.070564
0.232155
0.403546
0.514967
0.411635
0.001417
-0.291328
-0.259906
-0.456623
-0.423268
-0.538641
-0.474426
-0.701430
-0.590239
-0.621070
-0.498950
-0.198372
-0.052240
0.080239
0.500962
0.809538
1.046352
1.156434
1.378433
1.143603
0.858623
0.471437
0.214692
-0.126644
-0.733941
-0.973370
-0.893994
-0.893994
-0.699908
-0.547616
-0.089577
-0.080832
-0.212774
-0.433154
-0.363470
-0.496216
-0.750185
-0.608474
-0.467330
-0.602864
-0.234239
-0.058144
0.374161
0.691614
0.956862
0.645330
0.418846
0.159405
-0.106699
0.019317
0.243873
0.522917
0.563202
0.639003
0.636843
0.459184
0.141304
0.075281
-0.082552
-0.064387
-0.322918
-0.331761
-0.513704
-0.895422
-1.247339
-1.499858
-1.240799
-1.029406
-0.623658
-0.256521
0.297780
0.735989
0.889036
1.091512
1.313756
1.507425
1.335861
1.199192
0.996096
0.668862
0.269360
-0.150975
-0.396143
-0.477217
-0.817600
-1.089027
-0.857857
-0.565874
-0.200066
0.188023
0.709751
0.771111
0.632502
0.307104
0.252576
0.301528
0.057592
-0.030016
0.223539
-0.130314
-0.288126
-0.449763
-0.416757
-0.705928
-0.698599
-0.605030
-0.371165
-0.301843
-0.612592
-0.646449
-0.908136
-1.040618
-0.778644
-0.300118
0.404054
0.891994
0.929079
0.600585
0.389789
0.331924
0.052867
0.206331
0.595518
0.839483
0.679454
0.498728
0.578085
0.391341
0.114081
0.228175
0.381465
0.518973
0.451677
0.647651
0.374072
0.173695
-0.225780
-0.579861
-0.898982
-1.157001
-1.469937
-1.318532
-1.130540
-0.789429
-0.691390
-0.431343
-0.608079
-0.681115
-0.614819
-0.359874
-0.015677
0.290137
0.436603
0.463504
0.429987
0.583686
0.624879
0.836597
0.926863
1.005180
0.849382
0.539950
0.262506
-0.083840
-0.430910
-0.712743
-0.608406
-0.492932
-0.352263
-0.075382
0.493858
0.747060
1.092558
0.840404
0.664157
0.135701
-0.395604
-0.652296
-0.474166
-0.252521
-0.128897
0.170614
-0.047613
-0.026678
0.019049
0.139379
0.195316
0.379346
0.017366
0.027622
-0.174842
-0.468219
-0.736916
-0.594612
-0.828095
-1.010629
-0.938438
-0.820341
-0.369390
-0.035957
0.319204
0.970021
1.155212
1.220858
0.726608
0.386684
-0.136483
-0.476081
-0.813437
-0.744706
-0.426384
-0.337014
-0.038705
0.117250
0.344502
0.463573
0.305327
0.106049
-0.126007
-0.519090
-0.782972
-0.793056
-0.473092
-0.151613
0.382236
0.571364
0.756273
0.787199
0.548713
0.276955
0.525315
0.501436
0.379794
-0.052050
-0.327260
-1.047138
-1.515367
-1.692560
-1.154362
-0.585140
-0.330973
0.033922
0.594447
0.499622
0.821397
0.847421
1.305464
1.248718
1.404498
0.705605
0.444567
0.010780
-0.530591
-0.825973
-0.676571
-0.366865
-0.359451
-0.585706
-0.426062
-0.393517
-0.382000
0.069202
0.598603
1.229345
1.352511
1.450512
1.286370
0.977377
0.275875
-0.039125
-0.004787
-0.122162
-0.088521
0.394054
0.223725
0.117760
-0.314178
-0.432119
-0.760036
-0.546490
-0.526779
-0.164478
0.045911
-0.008423
0.019387
0.193973
0.139143
-0.005876
-0.370148
-0.671175
-1.105160
-1.557589
-1.439805
-1.269841
-0.675805
-0.274263
0.400908
0.610925
0.808041
1.031780
0.981560
0.839614
0.972572
1.035204
0.785355
0.792058
0.644852
0.233625
-0.133180
-0.539806
-1.019591
-1.044931
-1.042653
-0.818897
-0.249655
0.206288
0.443330
0.438070
0.703741
0.662954
0.436825
0.349449
0.569191
0.489840
0.084930
0.058115
0.100867
-0.253100
-0.464016
-0.393229
0.013144
0.202398
0.450222
0.805837
0.555908
0.012942
-0.328063
-0.410268
-0.734796
-0.744322
-0.628340
-0.846810
-0.681423
-0.496295
-0.429616
-0.096946
0.157823
0.501011
0.530012
0.994893
0.835279
0.681932
0.159604
-0.264943
-0.733267
-1.061535
-1.408334
-1.232221
-0.792616
-0.435419
-0.159360
0.330053
0.331028
0.119437
0.192282
0.328781
0.413013
0.409727
0.548450
0.418155
0.280081
0.277650
-0.028329
-0.452433
-0.372516
-0.327806
-0.196430
0.010226
0.577644
0.729835
0.856548
0.826378
0.223240
-0.131781
-0.561843
-0.846779
-0.683542
-0.318445
0.024296
-0.017019
0.280781
0.122877
0.317975
0.189305
0.324342
0.143611
-0.195157
-0.257233
-0.414184
-0.514407
-0.304414
-0.405549
-0.243154
-0.131931
0.020337
0.142145
0.429045
0.543274
0.555158
0.619089
0.461008
0.223084
-0.220924
-0.483840
-0.439161
-0.479652
-0.267397
0.463922
0.521589
0.524376
0.205712
0.006187
-0.627748
-0.718170
-0.839566
-0.662390
-0.164191
0.372133
0.841960
1.017800
0.830290
0.628332
0.052027
-0.364619
-0.454073
-0.216068
-0.277014
-0.143515
0.104060
0.129024
0.137086
-0.016903
-0.235023
-0.323831
-0.638433
-0.837336
-0.484585
-0.215043
-0.105169
0.004275
0.320748
0.260560
0.455279
0.423192
0.414399
0.069068
-0.263438
-0.585611
-0.468027
-0.269208
0.122499
0.089272
0.280035
0.149538
-0.279022
-0.483179
-0.229537
-0.082404
-0.277387
-0.077188
0.023062
0.006946
-0.080100
-0.038660
0.350827
0.545070
0.434531
0.558177
0.499619
0.261618
-0.269910
-0.439602
-0.810088
-0.785152
-0.736720
-0.354464
0.284148
0.843909
1.176037
1.524396
1.357588
0.780938
0.042556
-0.512346
-0.935827
-0.945218
-0.535826
-0.138549
0.139820
0.078588
0.042997
-0.047284
-0.193901
0.018615
-0.118657
-0.254040
-0.222924
-0.012637
0.061487
0.280071
0.432697
0.208582
0.022761
-0.202486
-0.404462
-0.214962
-0.292372
-0.389074
-0.192255
0.099173
0.394485
0.458010
0.648711
0.478392
0.155201
-0.190534
0.022340
0.162302
0.390092
0.878656
1.097050
0.688411
0.383108
-0.196707
-0.712455
-1.237324
-1.336372
-1.339416
-1.056186
-0.845123
-0.742900
-0.508829
-0.258038
-0.110695
0.226508
0.533697
0.768516
0.746614
0.652681
0.446876
0.335113
0.205878
-0.051120
-0.240244
-0.243222
-0.303642
-0.371393
-0.332850
0.100566
0.329949
0.317931
0.840605
0.729187
0.616342
0.281540
0.281735
-0.111506
0.148600
0.291843
0.514838
0.720781
0.877624
0.965033
0.914478
0.775418
0.621486
0.129853
-0.255415
-0.491545
-0.958808
-1.133604
-0.893922
-0.586700
-0.565269
-0.184453
0.173877
0.099822
-0.034012
-0.510305
-0.901974
-1.000957
-0.923880
-0.479575
-0.113597
0.303595
0.196999
0.073979
-0.040354
0.513861
0.615008
0.313230
0.219657
0.251407
0.010580
0.462103
0.409508
0.638184
0.344545
0.088176
-0.401166
-0.104600
0.232124
0.222066
0.185285
0.132420
0.089496
-0.339059
-0.437227
-0.226806
-0.069300
-0.118616
0.276765
0.508233
0.442324
0.056245
-0.041414
-0.566356
-0.853614
-1.015501
-0.867027
-0.547977
-0.141157
-0.193322
0.006044
0.004175
0.243111
0.251381
0.613805
0.400529
0.436056
0.160001
-0.248164
-0.494809
-0.517661
-0.446544
-0.264638
0.112094
0.605150
0.590493
0.341034
0.154511
-0.224568
-0.476456
-0.454354
-0.317395
-0.446994
-0.555909
-0.652951
-0.616968
-0.237952
-0.011320
0.482644
1.039579
1.523400
1.680516
1.853894
1.659853
1.050858
0.356024
-0.295766
-0.735082
-0.839772
-0.934969
-0.732691
-0.476941
-0.478711
-0.221009
-0.080103
0.089798
0.155551
0.380162
0.256271
0.108285
-0.084109
-0.403416
-0.714991
-0.823392
-0.863793
-0.533458
-0.208541
0.027475
0.204099
0.213659
-0.202695
-0.646837
-0.670569
-0.677853
-0.460509
-0.150731
0.167656
0.303607
0.489161
0.892627
1.279315
1.097327
1.127289
0.685863
0.022844
-0.598039
-0.589699
-0.737749
-0.594834
-0.395385
-0.164972
0.298477
0.572952
0.891061
0.983166
0.557730
0.349388
-0.080733
-0.431024
-0.241028
0.011525
-0.070373
-0.061061
0.112766
-0.047888
0.027613
0.144352
0.260231
0.464230
0.179762
0.027939
-0.072167
-0.392493
-0.596250
-0.635218
-0.609470
-0.778304
-0.494155
-0.451332
-0.364820
-0.280196
-0.304341
-0.409166
-0.392583
-0.330616
-0.077758
-0.040526
0.366504
0.514787
0.698777
0.688442
0.564600
0.200844
-0.331866
-0.712070
-0.916036
-0.552574
-0.020462
0.324853
0.834343
1.085367
0.760830
0.321965
0.108696
0.035046
-0.380573
-0.338837
-0.329336
-0.411865
-0.591263
-0.499078
-0.255433
-0.167994
0.156931
0.661307
0.991712
1.192685
1.109208
0.982733
0.808250
0.692889
0.415590
0.290082
0.284930
-0.034882
-0.351844
-0.157987
-0.259006
-0.239540
-0.335266
-0.205790
-0.344691
-0.298721
-0.012570
-0.123817
-0.161377
-0.294469
-0.265252
-0.502137
-0.439176
-0.125862
-0.087158
0.029724
0.417916
0.391112
0.300344
0.089060
-0.134133
-0.790556
-0.602726
-0.671808
-0.597972
-0.169319
0.002777
-0.105310
-0.061691
0.020591
0.263450
0.290244
0.503488
0.529896
0.560215
-0.096517
-0.401623
-0.630210
-0.931953
-1.090498
-0.809555
-0.385220
0.027699
0.212405
0.749778
1.020010
0.888350
0.920163
0.877396
0.586028
0.120465
-0.052453
-0.068488
0.128910
0.297732
0.394148
0.748882
0.567172
0.305975
0.111387
-0.092098
-0.187953
-0.656717
-0.848713
-0.903372
-0.766087
-0.807449
-0.652951
-0.360591
-0.285976
-0.180363
0.187140
0.412112
0.592914
0.520594
0.492216
0.255880
0.100636
0.096592
0.060077
0.050121
-0.170062
-0.235503
-0.215927
0.051866
0.375328
0.543639
0.740813
0.806511
0.382608
0.151511
-0.199451
-0.514327
-1.076028
-1.338850
-1.631767
-1.854408
-1.657046
-1.446973
-1.042272
-0.526256
0.063675
0.359782
0.502690
1.020768
1.194948
1.250970
1.207008
1.224804
0.959875
0.560030
0.381058
0.298391
0.231456
0.276779
0.246185
0.419633
0.526195
0.355416
0.035954
-0.146129
-0.208276
-0.773101
-1.018953
-0.974313
-0.727934
-0.795806
-0.479221
0.033705
0.267443
-0.016373
-0.036548
-0.188411
0.064882
-0.212057
-0.144796
-0.165848
0.029318
-0.028340
0.162313
0.317734
0.425294
0.265307
0.291784
0.344872
0.743416
0.454728
0.335006
0.068015
-0.266035
-0.652355
-0.449598
-0.207436
-0.306268
-0.235319
-0.304682
-0.720443
-0.530990
-0.629165
-0.606429
-0.195657
0.068212
-0.079472
-0.097902
0.233094
0.078423
0.042168
0.256127
0.468059
0.371888
0.092862
0.152661
0.105166
-0.075685
0.158011
0.186099
0.749009
1.063576
1.235781
1.048830
1.104172
0.751690
0.169260
-0.005708
-0.052958
-0.214299
-0.274768
-0.291220
-0.154272
-0.229019
-0.309571
-0.516942
-0.692051
-0.612741
-0.915281
-0.977409
-1.074345
-1.069272
-1.116540
-0.767564
-0.257241
0.327069
0.594569
0.866212
0.656827
0.736417
0.327867
0.281447
0.349700
0.463561
0.285896
0.297557
0.405098
0.063545
-0.167819
-0.436743
-0.803403
-0.930344
-1.027937
-0.803507
-0.528487
-0.048656
0.309233
0.378630
0.648364
0.824775
0.794837
0.633475
0.620651
0.874845
0.670763
0.724328
0.732236
0.648679
0.334887
0.040621
-0.196117
-0.477106
-0.668527
-0.941591
-1.022183
-0.987699
-1.010117
-0.875929
-0.765522
-0.514861
-0.151822
0.187754
0.514420
0.741807
0.781516
0.875811
0.910170
0.901122
0.733120
0.829222
0.580171
0.317766
0.096285
-0.263427
-0.454190
-0.603219
-0.774875
-0.791875
-0.711855
-0.767274
-0.956425
-1.022735
-1.165830
-1.058283
-0.821195
-0.391389
0.105099
0.488974
0.734186
0.973843
0.982437
1.127875
1.144817
1.106744
0.949590
0.865277
0.663156
0.345752
0.313388
0.226295
0.095419
0.114915
0.205843
0.040727
-0.249856
-0.420428
-0.546312
-0.585402
-0.290710
-0.161180
-0.091660
-0.213603
-0.370394
-0.525274
-0.553054
-0.046550
0.120065
0.343112
0.525907
0.647138
0.619222
0.355867
0.066497
-0.443791
-0.951132
-1.401912
-1.381189
-1.093815
-0.816600
-0.312248
-0.048554
0.061586
0.276721
0.193892
0.414048
0.602699
0.629244
0.506157
0.528672
0.295116
-0.176711
-0.248912
-0.291375
-0.369143
-0.053287
0.194219
0.625597
0.914269
1.253500
1.179220
0.987402
0.662843
-0.088490
-0.665755
-1.215216
-1.470935
-1.447828
-1.005802
-0.528608
-0.085978
0.229746
0.302507
0.019671
-0.116887
-0.449838
-0.602523
-0.527474
-0.132555
0.182498
0.374387
0.608549
0.504498
0.250227
0.135684
0.234576
0.559424
0.618539
0.812801
0.907073
0.672770
0.308085
-0.088802
-0.285297
-0.647941
-0.795669
-0.944188
-0.896986
-0.640635
-0.584986
-0.356738
-0.036096
0.181514
0.158339
0.010182
0.373991
0.502867
0.466650
0.387173
0.442184
-0.042383
-0.584275
-0.832967
-0.848696
-0.845293
-0.482512
-0.323442
0.103002
0.252022
0.382682
0.446176
0.483566
0.631891
0.554826
0.674308
0.700109
0.910387
0.818357
0.613897
0.565950
0.339727
-0.050736
-0.121443
-0.143282
-0.268349
-0.484919
-0.476444
-0.564570
-0.599332
-0.740362
-0.657726
-0.389726
-0.356379
-0.367343
-0.105370
0.047958
0.236400
-0.100912
-0.219599
-0.242443
-0.211470
-0.404971
-0.144394
0.398180
0.589390
0.425590
0.246238
0.038276
-0.132457
-0.441650
-0.489924
-0.268200
-0.188590
-0.058590
0.014751
0.371257
0.538603
0.600141
0.432588
0.532748
0.553124
0.158762
0.142739
0.126361
-0.195372
-0.355861
-0.354729
-0.114760
-0.019070
-0.000893
-0.302879
-0.457668
-0.807898
-1.062872
-0.993463
-0.629307
-0.320177
0.014531
0.061860
0.477953
0.578971
0.595336
0.798321
1.018950
0.972419
0.822077
0.917105
0.798327
0.693740
0.673191
0.524496
0.311348
0.031394
-0.351493
-0.682431
-1.037213
-1.167187
-1.318864
-1.221712
-1.044917
-0.758387
-0.426070
-0.256962
0.193547
0.276606
0.300094
0.411317
0.549434
0.509296
0.386468
0.503514
0.164299
-0.043963
-0.202042
-0.422187
-0.606045
-0.583723
-0.734187
-0.490566
-0.164187
0.362625
0.478670
0.817706
0.846383
0.538310
0.145166
-0.098951
0.078184
0.032820
0.100031
0.148008
-0.022085
-0.063465
-0.191390
0.046317
0.224745
0.514617
0.590377
0.473384
0.417972
0.319749
0.464814
0.400618
0.426648
0.680967
0.255875
-0.023136
-0.309072
-0.312432
-0.528398
-0.349355
-0.012917
0.123280
-0.364646
-0.645430
-0.769912
-0.868738
-0.970481
-0.506815
-0.073915
0.238406
0.122180
-0.015978
-0.162428
-0.568322
-0.857799
-0.492835
-0.212593
0.037424
0.063398
0.158005
0.210642
0.174683
0.279462
0.389511
0.777242
0.761393
0.601831
0.525927
0.400469
0.158612
-0.265678
-0.294122
-0.451612
-0.532421
-0.648249
-0.791896
-0.790079
-0.893546
-0.977536
-0.591120
-0.234988
0.350477
0.512328
0.803765
1.005561
0.701673
0.266991
0.280791
0.456888
0.146962
0.442630
0.498869
0.304252
0.075771
-0.170482
-0.279754
-0.265537
-0.058449
0.292078
0.475053
0.712333
0.904717
0.637271
0.307284
-0.126453
-0.388090
-0.758549
-0.605208
-0.389448
-0.218415
-0.089390
-0.273795
-0.196872
-0.316094
-0.568020
-0.367596
-0.127771
-0.260010
-0.449246
-0.171942
-0.410866
-0.394156
-0.106752
-0.064893
0.239969
0.409089
0.224998
0.230567
0.393240
0.539391
0.214792
0.298830
0.243018
-0.007690
-0.442579
-0.450796
-0.181740
-0.109320
-0.161543
0.105704
0.218702
0.157717
-0.061077
0.123046
0.121325
0.168020
0.020125
0.139956
0.313821
0.355528
0.339987
0.536333
0.133149
0.000917
-0.524612
-0.890593
-1.066502
-0.850549
-0.616352
-0.394834
0.108886
0.298457
0.223278
0.086134
-0.079950
0.019697
-0.254366
-0.159140
0.049021
0.365601
0.519433
0.532054
0.655764
0.386787
-0.051014
-0.257220
-0.162675
-0.020108
-0.282855
-0.162375
-0.222599
-0.316073
-0.300317
-0.047485
0.287860
0.231911
-0.029607
-0.117510
-0.039950
0.406183
0.315270
0.700669
0.615140
0.310951
-0.016242
-0.036601
0.058392
0.154770
0.145978
0.360084
0.164010
0.130318
-0.378674
-0.603158
-0.659157
-0.465735
-0.620256
-0.398442
0.214473
0.040728
-0.030717
0.377254
0.545265
0.648256
0.273602
0.104278
-0.280160
-0.215390
-0.559715
-0.325939
0.021568
0.147528
-0.022200
-0.116020
-0.421139
-0.345997
-0.551204
-0.540679
-0.010811
0.271329
0.551384
0.617294
0.986168
0.890946
0.918004
0.602962
0.729453
0.829517
0.248025
-0.076449
-0.095588
-0.662984
-1.000477
-1.037655
-0.768562
-0.893815
-0.403100
-0.036814
0.175676
0.294508
0.231160
0.088157
-0.157586
0.085316
0.339143
0.306206
0.697506
0.721114
0.539338
0.118678
-0.032599
-0.202388
-0.428662
-0.395223
-0.255026
-0.277257
-0.258525
-0.393654
-0.146310
0.023346
0.258961
0.379250
0.300164
0.042978
-0.480626
-0.698390
-1.034442
-1.013785
-0.986149
-0.864370
-0.467565
-0.200081
0.110979
0.662893
0.765323
0.726897
0.495568
0.294948
-0.204915
-0.233372
-0.303137
-0.272082
0.018266
0.119689
0.314987
0.807332
1.031470
1.084813
0.848040
0.639325
0.253823
0.075206
0.013903
-0.059856
-0.103595
-0.364183
-0.533109
-0.915558
-0.968003
-0.671013
-0.552499
-0.372968
-0.007644
0.057368
-0.104296
-0.200939
0.017362
0.129352
0.418372
0.543580
0.716048
0.565887
0.195614
-0.066747
0.001621
-0.164932
-0.009185
0.149643
0.442806
0.406550
0.333621
0.088971
-0.041509
-0.244889
-0.523973
-0.499857
-0.639237
-0.596694
-0.511666
-0.452434
-0.327828
-0.155025
-0.331691
-0.235490
-0.073685
0.278579
0.215075
0.375864
0.270885
0.061462
-0.040377
0.199762
0.653135
1.083754
1.347019
1.439896
1.158933
0.784890
0.007471
-0.462443
-0.976762
-1.148540
-0.962579
-0.834513
-0.531486
-0.360998
-0.217815
-0.360378
-0.387750
-0.338772
-0.552016
-0.697802
-0.683444
-0.621282
-0.604128
-0.241950
0.119252
0.218116
0.473306
0.645058
0.510388
0.579147
0.398853
0.271696
0.239006
0.234137
0.084375
0.051203
0.399127
0.620037
0.720243
0.724620
0.608689
0.277510
-0.333771
-0.586522
-0.469579
-0.248596
-0.037205
0.092174
0.548472
0.724369
0.554057
0.446048
0.381249
-0.008416
-0.460021
-0.487788
-0.502957
-0.329364
-0.155474
-0.232718
0.029666
0.081817
-0.146115
-0.418070
-0.628950
-0.681499
-0.657435
-0.314867
0.094713
0.408698
0.461784
0.019532
-0.277044
-0.599449
-0.717088
-0.651873
-0.392504
0.108766
0.216608
0.416948
0.274256
0.253833
0.149221
0.050285
0.041596
-0.080716
0.061233
0.143947
0.454391
1.018631
0.979442
0.739305
0.513789
0.272147
-0.089550
-0.243700
-0.334129
-0.632676
-1.099267
-1.405593
-1.149385
-0.665922
-0.389030
0.281771
0.761047
0.885905
0.727859
0.540478
0.397124
0.109046
0.061627
0.025996
-0.046475
-0.114275
-0.146743
-0.189580
-0.010191
0.215710
0.465333
0.270484
0.368090
0.276455
-0.170096
-0.611415
-0.968427
-1.257707
-1.520557
-1.183602
-1.043619
-0.646310
-0.256907
-0.517770
-0.419810
-0.290501
-0.220441
-0.114408
0.403405
0.911972
0.936320
0.982860
0.734692
0.295631
-0.438808
-0.519797
-0.145475
0.125681
0.573067
1.230431
1.396244
1.501593
1.180792
0.989350
0.746292
0.529103
0.155985
0.045873
-0.070534
-0.416729
-0.655479
-0.794773
-0.826665
-0.568048
-0.788222
-0.841294
-0.842025
-1.103618
-1.350045
-1.088093
-0.680670
-0.610647
-0.095295
0.250209
0.442748
0.711484
0.508879
0.188379
0.243254
0.127433
0.106949
0.414053
0.823702
0.873389
0.859660
0.776268
0.575608
0.301360
-0.297106
-0.605462
-0.719205
-0.864759
-0.720690
-0.443309
0.168964
0.369646
0.663938
0.577062
0.394117
0.036365
-0.333262
-0.501342
-0.468296
-0.295423
-0.013310
0.150990
0.390992
0.496279
0.534229
0.394961
0.193865
-0.024382
-0.397453
-0.675650
-0.891124
-1.013510
-0.814208
-0.452286
0.119613
0.587513
1.003499
1.135969
1.094803
0.960424
0.505475
0.197949
-0.016581
-0.277672
-0.601633
-0.681190
-0.664125
-0.814890
-0.703298
-0.437672
-0.258530
-0.100371
-0.114061
-0.232874
-0.025665
0.094269
0.489641
0.765399
1.012786
0.744035
0.741932
0.550596
0.474197
0.425916
0.231296
-0.036783
-0.224193
-0.481601
-0.372556
-0.721379
-0.589238
-0.699550
-0.791603
-1.022443
-0.532740
-0.425885
-0.587098
-0.546228
-0.265381
-0.320038
-0.263598
-0.317604
-0.066198
-0.217503
-0.334298
-0.624133
-0.403388
-0.257792
-0.398769
-0.316215
-0.000013
0.141241
0.358297
0.701556
1.206852
1.492490
1.564222
1.724606
1.690994
1.427926
1.037756
0.934750
0.378197
-0.030900
-0.339405
-0.710257
-0.731421
-0.673174
-0.466746
-0.122403
0.238924
0.459919
0.442254
0.469282
0.259745
0.017228
-0.313237
-0.617201
-0.694618
-0.706847
-0.708125
-0.442705
-0.477072
-0.244308
-0.346633
-0.236942
-0.270642
-0.041027
-0.283603
-0.378623
-0.315858
-0.562033
-0.399517
-0.013756
0.540090
0.798511
0.925712
0.871488
0.738440
0.407259
0.345772
0.399632
0.581312
0.589061
0.591614
0.225986
-0.363961
-0.841674
-1.265311
-1.533395
-1.475564
-1.322759
-1.006132
-0.862412
-0.373845
-0.045317
0.242607
0.275498
0.517223
0.554995
0.585351
0.864352
0.890949
0.772429
0.685827
0.346374
0.228491
0.218126
-0.096835
-0.142616
-0.121790
-0.077678
-0.233634
0.016987
-0.014428
-0.019377
-0.002522
0.107269
0.239850
0.263015
0.118342
0.096401
-0.215832
-0.248886
-0.743398
-0.826928
-0.691771
-0.564750
-0.553587
-0.098119
0.351410
0.163818
0.341181
0.629087
0.561279
0.799945
0.554672
0.371745
0.048507
-0.028644
-0.243991
-0.219548
-0.167382
-0.324642
-0.492389
-0.461077
-0.522377
-0.425834
-0.521025
-0.488446
-0.547616
-0.398342
-0.042808
0.071952
0.482182
0.578136
0.569745
0.356698
0.601350
0.693183
0.541991
0.599416
0.634352
0.335415
0.219452
0.053948
0.076032
-0.041768
-0.159204
-0.175197
-0.096682
0.016876
0.099740
0.482705
0.451155
0.454878
0.082185
-0.373774
-0.394876
-0.398655
-0.577682
-0.404089
0.156699
0.228367
-0.305076
-0.648566
-0.509554
-0.740520
-0.591088
-0.232836
1.158832
1.924140
1.202123
2.301638
2.950404
2.576092
