0.123201
0.266076
-0.293331
-0.046462
-1.229369
-2.204104
-3.037617
-3.225999
-2.785121
-2.187688
-1.624873
-1.072126
-0.476107
-0.304671
-0.009824
0.331471
0.648437
0.963376
0.990095
1.060829
1.136459
1.302625
1.308091
1.339034
1.179301
1.108117
0.782098
0.508463
0.397427
0.302689
0.089437
0.199330
0.247807
0.201910
0.417049
0.565828
0.546422
0.680785
0.877227
0.747250
0.712303
0.659437
0.542925
0.268144
0.329200
0.516412
0.695966
0.801301
0.961600
0.692360
0.251643
-0.402773
-0.751919
-0.983972
-0.952823
-1.072380
-0.908909
-1.073138
-1.193620
-1.397641
-1.341653
-1.122909
-0.810073
-0.555518
-0.051985
0.245430
0.392554
0.607304
0.727547
0.777998
0.902845
1.055083
1.100931
0.927863
0.579200
0.215480
0.091481
0.105937
0.268133
0.441576
0.335605
0.063467
-0.348412
-0.399933
-0.435835
-0.211452
-0.069591
-0.067337
-0.159674
-0.427233
-0.574999
-0.667991
-0.290383
0.068830
0.076130
0.156696
0.190348
-0.192809
-0.578912
-0.359082
-0.052667
0.128837
0.351844
0.256177
0.053438
-0.136586
-0.125154
0.117760
0.469313
0.501304
0.704556
0.624196
0.465090
0.242630
0.557553
0.178332
0.036975
-0.371543
-0.093854
0.187112
0.712222
0.719056
0.833070
0.104336
-0.328586
-0.633659
-0.603635
-0.385174
-0.053575
0.057047
-0.250513
-0.116150
0.192992
0.393541
0.184824
0.175131
0.000818
-0.507831
-0.749244
-0.706220
-0.603652
-0.896597
-0.985201
-0.911196
-1.023492
-1.058900
-0.936021
-0.723004
-0.644739
-0.583456
-0.346929
0.019708
0.041339
0.126977
0.279442
0.400019
0.462141
0.746861
0.975415
1.152589
1.200941
1.209104
1.037908
0.991291
0.893951
0.869172
0.548412
0.471070
0.271767
-0.343161
-0.422600
-0.513978
-0.768216
-1.150376
-0.715563
-0.821478
-0.650582
-0.423427
-0.199194
-0.476100
-0.881009
-0.940243
-1.064146
-1.085244
-1.087915
-0.819276
-0.858552
-0.872146
-0.739316
-0.392584
-0.256802
-0.028833
0.331873
0.171426
0.232900
0.170046
0.736569
0.820773
1.125800
1.196441
1.606448
1.217039
1.042901
1.022013
0.912712
0.686808
0.517751
0.497662
0.571282
0.203284
-0.099747
-0.191185
-0.276788
-0.543728
-0.214080
-0.023045
0.056951
0.208209
0.394376
0.491187
0.642456
0.490142
0.236067
0.337856
0.026036
-0.274591
-0.375238
-0.540830
-1.198521
-1.096782
-1.123997
-0.921405
-0.407305
0.177653
0.392406
0.751846
1.063718
1.200650
0.998951
0.745119
0.522778
-0.085151
-0.746301
-0.874835
-0.735118
-0.739775
-0.497685
-0.234638
-0.260881
-0.408453
-0.621390
-0.759266
-0.845255
-0.781659
-0.474232
-0.012216
0.319445
0.431629
0.580818
0.562091
0.512762
0.625241
0.797237
1.002698
1.109297
1.262214
1.350121
1.087005
0.476444
-0.031149
-0.629304
-1.123896
-1.108156
-0.758123
-0.467431
-0.394391
-0.254379
-0.264406
-0.165063
-0.570875
-0.285974
-0.427564
-0.477681
-0.644012
-0.369021
-0.339747
-0.313528
-0.211315
0.107696
0.227818
0.163182
0.043180
-0.241901
-0.691049
-0.996528
-1.382243
-1.698108
-1.389422
-1.137840
-0.823931
-0.560105
-0.047274
-0.151962
-0.518519
-0.301650
-0.249614
-0.260322
-0.154712
0.146536
-0.023780
0.005521
0.451058
0.708025
0.986510
1.201875
1.552764
1.522614
1.484592
1.431440
1.155405
0.738027
0.229808
-0.290855
-0.634522
-0.776156
-1.072036
-1.060161
-0.939058
-0.899444
-0.903181
-0.705351
-0.578654
-0.327006
-0.080740
0.138948
0.466206
0.648370
0.691494
0.810250
0.802763
0.717921
0.951843
1.045004
0.772852
0.395641
0.072630
-0.647308
-0.712539
-0.625641
-0.651540
-0.605342
-0.355787
-0.518600
-0.592242
-0.354136
-0.030369
-0.031718
0.098051
0.187419
0.382179
0.382790
0.488463
0.349553
0.281724
-0.208480
-0.486971
-0.604027
-0.834126
-1.153153
-1.154946
-1.247973
-1.409098
-1.225449
-1.053623
-0.413433
0.131234
0.853704
1.335171
1.756209
1.826801
1.560273
1.168990
0.694000
0.418046
0.151206
0.128192
0.042296
0.023497
-0.133665
-0.405308
-0.700560
-0.959734
-1.102087
-1.179155
-1.228614
-0.893426
-0.673826
-0.533431
0.054004
0.375661
0.450533
0.576144
0.628455
0.434450
0.361901
0.378018
0.385948
0.554378
0.428188
0.413915
0.398773
0.005118
-0.103917
-0.155246
-0.098725
-0.086516
0.279812
0.493062
0.837854
1.126361
1.217519
1.322546
1.267658
1.026602
0.767517
0.383872
0.054329
-0.372466
-0.746582
-1.051546
-1.153400
-1.158660
-1.115883
-1.090343
-1.048064
-0.922319
-0.850515
-0.755351
-0.620968
-0.493823
-0.395755
-0.137011
0.098982
0.422888
0.636321
0.820423
0.891065
0.969515
0.987872
0.988464
0.989539
0.911562
0.953568
0.896711
0.718916
0.399182
-0.034234
-0.313565
-0.440333
-0.602249
-0.568464
-0.461822
-0.617553
-0.834779
-0.733013
-0.626043
-0.458795
-0.174548
-0.007262
-0.086499
-0.154677
-0.277065
-0.372785
-0.337309
-0.279177
-0.336758
-0.427614
-0.622170
-0.784051
-0.753974
-0.652957
-0.670931
-0.584317
-0.608045
-0.239278
-0.082234
0.212390
0.450592
0.677432
0.547192
0.571365
0.708446
0.826518
1.081262
1.323809
1.452847
1.791671
1.662888
1.370907
0.624037
0.114403
-0.593230
-0.828920
-0.774875
-0.361033
-0.262670
-0.300657
-0.436633
-0.867750
-1.136277
-1.255362
-1.035867
-0.763083
-0.173832
0.108120
0.271526
0.343282
0.520943
0.256878
0.041495
0.054578
-0.195026
-0.514355
-0.626063
-0.582496
-0.644256
-0.648752
-0.244013
0.034882
0.267109
0.579082
0.653693
0.254124
0.142399
0.131358
0.213917
0.451822
0.935025
1.064562
1.097082
1.054853
0.950680
0.445679
0.166531
0.087943
-0.186846
-0.395667
-0.350798
-0.416166
-0.723138
-0.905650
-0.904921
-0.875934
-0.858755
-0.412628
-0.213318
-0.038324
0.097521
0.264453
0.309041
0.610518
0.750291
0.805811
0.797149
0.506658
0.057685
-0.456357
-0.987920
-1.311882
-1.333408
-1.146983
-0.716080
-0.186539
0.280009
0.361149
0.458821
0.531619
0.624198
0.801207
1.035567
1.066570
1.042845
1.019916
0.830501
0.281966
-0.051199
-0.530867
-1.172490
-1.778339
-1.902748
-1.720820
-1.259916
-0.723072
-0.240321
0.222384
0.282348
0.337856
0.478952
0.836613
0.873490
0.816566
0.791577
0.781052
0.511707
0.526866
0.695388
0.600644
0.352745
0.084767
-0.028110
-0.286432
-0.408561
-0.347016
-0.600522
-1.000047
-1.347471
-1.622658
-1.791008
-1.544422
-1.193042
-0.672900
-0.153612
0.251919
0.786795
1.218760
1.463696
1.646901
1.463163
1.041929
0.705019
0.391283
0.045846
-0.094100
-0.048809
-0.214435
-0.334436
-0.396544
-0.561430
-0.736642
-0.790089
-0.689730
-0.897608
-0.876394
-0.851793
-0.891689
-1.190794
-1.103838
-0.956194
-0.797007
-0.714775
-0.377654
-0.238963
-0.120970
-0.019552
0.166508
0.254794
0.482017
0.682566
0.945103
1.250496
1.438394
1.413558
1.258445
1.037797
0.881386
0.767211
0.762107
0.727155
0.659346
0.505570
0.176543
-0.164105
-0.448686
-0.748738
-0.894459
-0.836363
-0.827521
-0.804738
-0.766170
-0.774586
-0.771764
-0.748996
-0.681874
-0.542658
-0.496763
-0.403096
-0.058908
0.366852
0.606049
0.909340
1.157036
1.216684
1.080220
1.009976
0.883432
0.745887
0.531724
0.244626
-0.193655
-0.490326
-0.898791
-1.059916
-1.077279
-0.992722
-0.839547
-0.358899
-0.068203
0.036345
0.249699
0.325983
0.189065
0.135004
0.442341
0.565846
0.519745
0.550875
0.638489
0.565780
0.560935
0.468797
0.259049
-0.146306
-0.495165
-0.556712
-0.488081
-0.424088
-0.221470
-0.124433
-0.384232
-0.476341
-0.499427
-0.466974
-0.387824
-0.179841
0.136343
0.453771
0.595551
0.828993
1.032905
1.070428
1.130286
1.194535
0.837352
0.440277
0.005080
-0.422488
-0.836624
-0.912020
-0.821887
-0.734450
-0.712680
-0.745462
-0.698825
-0.694654
-0.605003
-0.476510
-0.278974
-0.272115
-0.258212
-0.063380
0.108211
0.403317
0.802039
1.150794
1.267053
1.295917
1.140507
0.882926
0.622059
0.318787
0.087361
-0.283101
-0.443870
-0.695407
-0.906797
-0.932287
-0.624954
-0.364821
-0.010027
0.361920
0.544950
0.569643
0.410656
0.232079
-0.004709
-0.268381
-0.700615
-0.795685
-0.800550
-0.967128
-1.069718
-0.970670
-1.058903
-1.093006
-0.878997
-0.798875
-0.626328
-0.451370
-0.337888
-0.221353
0.124863
0.750504
1.156996
1.558523
1.832242
1.786654
1.393598
1.039171
0.644745
0.216728
-0.052956
-0.214003
-0.450601
-0.352190
-0.666817
-0.827127
-1.037770
-1.162599
-1.460280
-1.311720
-1.116985
-0.944373
-0.722923
-0.614948
-0.384300
-0.239143
-0.086773
0.150573
0.361622
0.678118
1.045365
1.263878
1.441183
1.646183
1.591767
1.314341
1.052916
0.904649
0.497064
0.444465
0.428782
0.457610
0.356871
0.142234
-0.438487
-0.804729
-1.262103
-1.613655
-1.612249
-1.570133
-1.441808
-1.076596
-0.766169
-0.431347
-0.109973
0.037730
0.169416
0.219112
0.249502
0.328766
0.332522
0.382524
0.583099
0.712739
0.779840
0.986000
1.065594
1.000625
1.043766
1.060752
0.982434
0.962969
0.638973
0.036652
-0.511698
-0.946529
-1.437296
-1.495103
-1.223555
-1.020849
-0.937548
-0.739527
-0.558932
-0.447420
-0.207366
0.118463
0.189311
0.347080
0.511858
0.546506
0.380468
0.390266
0.390266
0.186561
0.070554
0.206908
0.185883
-0.082178
-0.148950
0.042064
0.070627
-0.594008
-0.842309
-1.349818
-1.850920
-2.236667
-1.946143
-1.632673
-1.044611
-0.743379
-0.500684
-0.111193
0.008407
0.001469
0.187390
0.106968
0.272498
0.465951
0.781177
1.067603
1.432717
1.595848
1.528040
1.432696
1.243987
1.155784
0.857677
0.787800
0.740905
-0.010781
-0.582990
-0.914620
-1.288293
-1.821976
-1.599886
-1.318226
-1.165380
-1.016668
-0.771506
-0.579708
-0.580466
-0.475284
-0.369376
-0.159762
-0.233966
-0.341411
-0.234059
-0.087483
0.079827
0.367702
0.629793
0.607538
0.598903
0.371829
0.279700
0.324813
0.296637
0.302780
0.541090
0.775532
0.978874
1.221901
1.277332
1.205389
0.982789
0.595239
0.153681
-0.251182
-0.615767
-0.858443
-1.017412
-1.098565
-1.113640
-1.245838
-1.346239
-1.259196
-1.102417
-0.862088
-0.433051
-0.003439
0.193654
0.304208
0.197858
-0.024270
-0.170022
-0.309806
-0.275169
-0.320029
-0.109086
0.218793
0.700962
1.094118
1.612268
1.799920
1.649346
1.535900
1.115217
0.601133
0.046598
-0.471987
-0.862652
-1.164138
-1.385814
-1.135240
-0.856881
-0.905893
-0.839125
-0.383816
-0.316758
-0.162730
0.270312
0.377836
0.223262
0.152553
0.194226
-0.026588
-0.113184
-0.074802
-0.139298
-0.180189
-0.195649
0.089618
0.172115
0.278749
0.513916
0.849185
1.119145
1.625004
1.839954
1.922159
1.392313
0.818929
0.150894
-0.351549
-0.889474
-0.944886
-0.989825
-1.217324
-1.253602
-1.364179
-1.320014
-1.177536
-0.927935
-0.642805
-0.361412
-0.281600
-0.152619
-0.046443
0.088302
0.234172
0.527895
0.829538
1.145478
1.443797
1.484336
1.398668
1.131878
0.775890
0.398723
0.095676
-0.236352
-0.790972
-1.368507
-1.646297
-1.627935
-1.515313
-1.252502
-0.537664
-0.147333
0.073613
0.645475
1.305549
1.405877
1.480740
1.521357
1.294903
0.724964
0.436316
0.156973
-0.131709
-0.637542
-0.596307
-0.415189
-0.204814
-0.219914
0.110780
0.215349
0.129873
-0.165283
-0.163313
-0.376686
-0.335188
0.096775
0.344684
0.681363
0.964565
1.015484
0.460202
0.404156
-0.051770
-0.016964
-0.303477
-0.329799
-0.473279
-0.276094
-0.599873
-0.304692
-0.349067
-0.296366
-0.409589
-0.485248
-0.878428
-1.144210
-1.401994
-1.305858
-1.088612
-0.894228
-0.944127
-1.001733
-1.314385
-1.191457
-1.115044
-0.715414
-0.292427
0.327469
0.495407
0.713660
0.978066
1.075482
1.062559
0.940058
0.707286
0.656143
0.628016
0.478782
0.366905
0.398907
0.338845
0.239677
0.276411
0.442614
0.248163
-0.098696
-0.427830
-0.802824
-1.187615
-1.184961
-0.973857
-0.704385
-0.442838
-0.248391
0.119967
0.305106
0.472055
0.651454
0.866113
0.907275
1.041811
1.130363
1.178348
0.925128
0.660574
0.143215
-0.390033
-0.957421
-1.342389
-1.532305
-1.486031
-1.104301
-0.788274
-0.484271
-0.280247
-0.194523
-0.341875
-0.597865
-0.532892
-0.384472
-0.039483
0.123019
0.623025
0.877387
0.912456
0.779443
0.651609
0.432401
0.400678
0.300576
0.349962
0.636583
0.600880
0.185066
-0.162243
-0.454987
-0.795123
-0.895186
-0.663182
-0.342828
-0.247326
-0.183871
0.247900
0.514413
0.573974
0.680715
0.555460
0.085167
-0.366804
-0.522281
-0.376935
-0.088993
0.363287
0.771052
0.821391
0.661715
0.458684
0.314670
0.089366
0.239993
0.118590
-0.128371
-0.566710
-0.797659
-0.954674
-0.944267
-0.726035
-0.541742
-0.433074
-0.413276
-0.484791
-0.549125
-0.767770
-0.954074
-1.202390
-0.901445
-0.077180
0.684407
1.216901
1.578641
1.573165
1.186461
0.918292
0.751112
0.775384
0.718582
0.670339
0.679625
0.698747
0.610519
0.245412
-0.268111
-0.590999
-0.793855
-0.855225
-0.508945
-0.213575
-0.022973
0.168578
0.015152
-0.140108
-0.258003
-0.110713
-0.164667
-0.280392
-0.250492
-0.288318
-0.699001
-0.831223
-0.773244
-0.691282
-0.447083
0.037219
0.429467
0.818826
0.799813
0.704038
0.649449
0.296021
-0.017872
-0.202518
-0.268945
-0.401226
-0.371813
-0.233987
0.073358
0.383147
0.596657
0.793325
0.982963
1.051056
0.942122
0.454845
0.055303
-0.245391
-0.720905
-1.081089
-1.008832
-0.659627
-0.498048
-0.293204
-0.049083
0.004915
-0.257984
-0.440336
-0.508285
-0.591522
-0.464560
-0.066662
0.253402
0.648598
0.916548
0.910804
0.754186
0.713429
0.597085
0.447159
0.414496
0.256514
0.066965
-0.180750
-0.530916
-0.825382
-1.079657
-1.345896
-1.550571
-1.460771
-1.232098
-0.760449
-0.343154
0.149871
0.531353
0.874695
0.994195
1.325398
1.444476
1.288411
0.902336
0.492054
-0.078535
-0.489105
-0.584660
-0.509467
-0.366086
-0.164922
-0.005819
0.132518
0.278948
0.539704
0.751222
0.733405
0.433322
0.088079
-0.396491
-1.023554
-1.327589
-1.292378
-1.335756
-1.195516
-0.973915
-0.786419
-0.647175
-0.405744
-0.195922
-0.109135
0.049645
0.278781
0.520761
0.710657
1.017932
1.104206
1.151907
1.096876
1.011776
0.872104
0.752185
0.686846
0.729697
0.618925
0.410089
0.388904
0.083704
-0.334490
-0.458959
-0.435737
-0.502054
-0.450533
-0.499755
-0.730515
-0.945136
-0.845904
-0.969435
-0.732261
-0.717478
-0.255378
0.052615
0.413087
0.385209
0.538184
0.544393
0.018641
-0.297652
-0.124047
-0.257321
-0.312134
-0.191179
0.033482
-0.152015
-0.066988
-0.294580
-0.290537
-0.446736
-0.521581
-0.590529
-0.529938
-0.557241
-0.460819
-0.263083
0.309500
0.618869
0.941322
1.279253
1.421031
1.019966
0.970276
0.897222
0.476579
0.130155
0.102499
-0.253821
-0.654768
-0.841204
-0.856288
-0.916196
-1.018825
-0.970689
-0.820434
-0.861869
-0.967044
-0.843955
-0.725999
-0.573914
-0.226008
0.058108
0.449629
0.573230
0.593013
0.567074
0.648538
0.433556
0.592840
0.668049
0.811352
1.020091
1.141451
1.123327
1.154526
1.023803
0.602444
0.336876
-0.042398
-0.391804
-0.708518
-0.771514
-0.798449
-0.821271
-0.752944
-0.636520
-0.517712
-0.289630
0.093085
0.486868
0.875105
1.155785
1.247594
1.151594
0.961072
0.740529
0.487557
0.210629
-0.317118
-0.874535
-1.408985
-1.762614
-1.880319
-1.626522
-1.340082
-1.043150
-0.611750
-0.424835
-0.106473
0.172406
0.508591
0.568996
0.497068
0.585037
0.765499
0.778066
0.784024
1.003549
0.882694
0.737452
0.604917
0.536721
0.256670
0.168499
0.010874
-0.237759
-0.591774
-0.861276
-0.920213
-1.164655
-1.248041
-0.844506
-0.425358
-0.445305
-0.454730
-0.177207
-0.315412
-0.253178
-0.211783
0.244325
0.372628
0.423218
0.531448
0.908270
1.202997
1.539238
1.573557
1.518004
1.224440
0.924177
0.222142
-0.138489
-0.397568
-0.636601
-0.908623
-1.159130
-0.903518
-0.844099
-0.999136
-0.928109
-0.639906
-0.634025
-0.579177
-0.303746
-0.172169
-0.111970
-0.001891
-0.020083
0.002959
-0.272079
-0.257582
-0.545639
-0.697569
-0.421690
0.031307
0.392360
0.842493
1.218515
0.930103
0.636212
0.257944
-0.175813
-0.620364
-0.759186
-0.892787
-0.694943
-0.421872
-0.048832
0.329302
0.655985
0.695157
0.735532
0.742470
0.712076
0.654702
0.667093
0.546105
0.330997
0.335961
0.387001
0.374733
0.618816
0.674155
0.375203
0.028567
-0.169129
-0.409657
-0.401247
-0.339533
-0.089551
0.194919
0.438596
0.699154
0.487579
0.215875
-0.140325
-0.329123
-0.584982
-0.703496
-0.672479
-0.811957
-0.942946
-1.198735
-1.037073
-1.137853
-0.870966
-0.894422
-0.712155
-0.975669
-0.850577
-0.785474
-0.746849
-0.822889
-0.229188
-0.033184
-0.084223
-0.000711
0.170333
0.143384
0.170949
0.325828
0.336648
0.330151
0.378808
0.157090
-0.241176
-0.493009
-0.917605
-1.155670
-1.312831
-0.996465
-0.827372
-0.271097
0.002632
0.557485
0.762247
0.964085
0.681820
0.727913
0.635453
0.748935
0.599839
1.150550
1.132814
1.147524
0.945195
0.905893
0.615427
0.375010
0.051841
-0.364663
-0.568402
-0.882614
-1.004229
-0.859415
-0.582581
-0.389470
-0.222589
-0.024480
0.007223
0.018364
0.200741
0.317754
0.418022
0.135997
-0.284703
-0.784923
-1.130238
-1.138187
-0.668460
-0.212936
0.272248
0.484629
0.406099
0.479989
0.860127
1.055727
1.614929
2.257703
1.964938
1.467419
1.049156
0.546941
-0.120815
-0.423943
-0.552227
-0.716544
-1.043837
-1.377429
-1.135719
-1.046451
-0.889934
-0.446622
-0.003635
0.008607
0.126925
0.229966
0.258825
0.189598
0.329779
0.633867
0.913828
1.060626
1.123620
1.113165
0.754392
0.101191
-0.620973
-1.040924
-1.341518
-1.559785
-1.336142
-1.143287
-1.261575
-1.104398
-0.819375
-0.463565
0.129978
0.675566
1.038392
1.200486
1.303353
1.035918
1.055961
0.945825
0.799725
0.498029
0.333915
0.158955
-0.092888
-0.397978
-0.648473
-0.808894
-0.885532
-0.797612
-0.473035
0.009018
0.107781
0.168854
0.111479
-0.024962
-0.155130
0.094763
0.323002
0.561086
1.033854
1.353963
1.543970
1.563699
1.461021
1.287979
0.632369
0.086830
-0.416248
-0.781110
-1.172057
-0.997958
-0.842100
-0.610972
-0.440634
-0.257088
-0.131939
0.044344
0.118044
0.165066
0.019394
-0.366295
-0.793926
-1.041732
-1.213561
-1.512742
-1.677447
-1.600321
-1.465252
-1.011114
-0.406711
0.359461
0.982726
1.367349
1.570534
1.475495
1.316304
1.009052
0.808834
0.262109
0.111191
0.171136
0.186834
0.304041
0.421427
0.481882
0.498264
0.575278
0.418603
0.324815
0.266720
0.117769
0.098630
-0.255093
-0.465890
-0.129342
-0.155364
-0.442614
-0.254318
-0.057963
-0.320163
-0.428483
-0.306628
-0.408481
-0.525926
-0.369191
-0.183727
-0.082921
0.296813
0.554974
0.331409
0.281540
0.105405
-0.333864
-0.680523
-0.829783
-1.126229
-1.077828
-0.716306
-0.099664
0.439644
0.880897
1.243715
1.357563
1.275364
1.078582
1.054168
0.983991
0.934798
0.679714
0.492537
0.290434
0.059873
-0.296168
-0.495823
-0.658509
-0.755480
-0.848791
-0.713835
-0.437438
-0.099528
0.217673
0.534859
0.769036
0.993836
1.086350
0.969402
0.682674
0.188315
-0.462927
-1.040953
-1.491857
-1.774013
-1.655002
-1.440705
-1.234382
-0.995955
-0.706878
-0.388436
-0.092529
0.234643
0.412379
0.465027
0.491610
0.383836
0.251251
0.074151
-0.031369
-0.297585
-0.621944
-0.938043
-0.909669
-0.716155
-0.582120
-0.351965
-0.177120
-0.348660
-0.479096
-0.060807
0.471634
0.935793
1.482287
1.915611
1.786713
1.618119
1.264174
1.041790
0.742873
0.534195
0.423383
0.528577
0.369784
0.206598
0.115712
-0.117312
-0.223860
0.143599
0.359451
0.601600
0.659271
0.620572
0.290931
0.066416
-0.005045
-0.047731
-0.426640
-0.664708
-1.206886
-1.583431
-1.834496
-1.783001
-1.852439
-1.473504
-1.505260
-1.377753
-1.056278
-0.726666
-0.457867
-0.105218
0.138681
0.565472
0.839760
0.874705
1.086468
1.073021
0.786967
0.505641
0.626204
0.422001
0.333282
0.510918
0.508056
0.432129
0.227667
0.189729
-0.307369
-0.573564
-0.932026
-0.834859
-0.914554
-0.814010
-0.835204
-0.613381
-0.458481
0.031018
0.388740
0.717078
1.006056
0.646809
0.642940
0.498464
0.646470
0.577920
0.650672
0.072345
-0.305599
-0.478618
-0.709197
-0.790025
-0.457804
-0.193650
0.136852
0.401766
0.867827
1.004600
0.985871
1.006945
0.673855
0.500898
0.270748
0.427565
0.104570
0.144375
-0.026706
-0.149624
-0.715858
-0.814333
-1.146887
-1.660717
-1.839815
-1.508881
-1.381268
-1.071157
-0.331659
0.095295
0.330419
0.334665
0.450575
0.325025
0.144330
-0.228463
-0.621929
-0.914382
-0.955379
-1.148568
-0.989246
-0.816334
-0.699366
-0.665036
-0.273427
-0.134905
0.179412
0.541097
0.890898
1.204380
1.231912
0.998720
0.874630
0.488531
0.257398
0.279746
0.597750
0.725453
0.893335
0.879905
0.913221
0.887718
0.729892
0.593563
0.411043
0.039166
-0.378585
-0.625745
-0.822972
-1.095396
-1.259969
-1.199476
-1.207773
-1.268471
-1.185608
-0.924563
-0.711389
-0.249637
0.390311
0.722567
0.792856
0.616727
0.325307
0.054129
-0.172399
-0.096130
-0.070451
-0.134977
-0.200026
-0.389192
-0.351045
-0.344543
-0.139240
-0.075166
-0.201052
-0.335901
-0.235314
-0.200712
-0.203374
0.326889
0.403310
0.173749
-0.060261
-0.227511
-0.193122
0.055956
0.602101
1.075192
0.847998
0.257661
-0.113796
-0.473868
-0.581728
-0.004136
0.952865
1.181459
1.222590
0.822951
0.576470
-0.063709
-0.508934
-0.676969
-0.770111
-1.028273
-1.051029
-0.944553
-1.164093
-1.231982
-0.792856
-0.612690
-0.462027
0.064894
0.434038
0.537500
0.642730
0.864410
0.914389
0.782334
0.451389
0.265749
0.166148
-0.042700
0.023797
0.122951
0.292145
0.345461
0.413391
0.474865
0.536213
0.594098
0.671424
0.673481
0.409745
0.131677
-0.279716
-0.452584
-0.710334
-0.884982
-1.153254
-1.369539
-1.605915
-1.601489
-1.303145
-0.785421
-0.306554
-0.000982
0.302465
0.652113
0.859760
1.038603
1.184214
1.290770
1.227447
1.141329
0.996778
0.824073
0.661019
0.455879
0.311228
0.128053
-0.206714
-0.489534
-0.954295
-1.433983
-1.661508
-1.686571
-1.733598
-1.651809
-1.377374
-1.198733
-0.845994
-0.440377
-0.258498
-0.074877
-0.120247
-0.461145
-0.449149
-0.151346
-0.104599
0.055271
0.242783
-0.171376
-0.436233
-0.487153
-0.449814
-0.426568
-0.085429
0.112258
0.059343
-0.127357
0.213544
0.106142
0.230257
0.317789
0.631729
0.477599
0.652791
0.734694
1.041571
1.303459
1.822613
2.061674
2.394503
2.037473
1.654283
1.145730
0.660310
-0.132534
-0.230766
-0.432149
-0.652206
-0.605425
-0.451481
-0.570258
-0.543932
-0.550383
-0.589424
-0.698995
-0.686280
-0.736829
-0.660024
-0.857255
-0.942208
-1.065663
-1.057259
-1.194013
-0.891371
-0.661636
-0.223138
0.105335
0.420357
0.502683
0.648955
0.700078
0.725910
0.699725
0.934887
0.904922
0.949283
0.913941
0.983721
0.802668
0.752552
0.544636
0.416595
0.348758
-0.114164
-0.472632
-0.918530
-1.258274
-1.492133
-1.381058
-1.174500
-0.835424
-0.384252
-0.031794
0.349467
0.563230
0.779442
0.749193
0.617702
0.214114
-0.231843
-0.662864
-0.694495
-0.773086
-0.507000
-0.068763
0.411369
0.535953
0.571706
0.564225
0.525814
0.424145
0.501893
0.460414
0.340467
0.130777
-0.358798
-0.833640
-1.117529
-1.237841
-1.221446
-0.906278
-0.735256
-0.463427
-0.086041
0.406706
0.789884
1.164175
0.995627
0.658402
0.091177
-0.190673
-0.749511
-0.752546
-0.642901
-0.543944
-0.511221
-0.221785
0.068811
0.268966
0.518263
0.599434
0.581798
0.393153
0.467114
0.369212
0.370011
0.194437
0.245426
0.013845
0.187731
0.203840
0.556193
0.663684
0.708906
0.689805
0.311070
-0.100840
-0.449688
-0.607437
-1.030344
-1.000124
-0.827537
-0.559498
-0.536874
-0.350123
-0.174996
-0.137740
-0.008183
0.258994
0.422143
0.303531
0.088933
-0.114460
-0.395883
-0.705494
-0.690136
-0.587929
-0.365493
-0.050597
0.263462
0.563003
0.830432
0.920214
1.008586
0.846945
0.527582
0.289099
-0.243381
-0.555145
-0.688738
-0.517379
-0.533537
-0.273616
-0.359581
-0.317881
-0.261860
-0.117298
0.093646
0.429765
0.514281
0.502566
0.515679
0.469264
0.233192
0.106147
0.173091
0.069475
-0.030207
0.055505
0.237175
0.063585
-0.023524
-0.233486
-0.523314
-0.780450
-1.062328
-1.176066
-1.063938
-0.792884
-0.346051
0.214122
0.768549
1.075222
1.174429
1.170762
1.114735
1.060352
0.654309
0.356195
-0.044544
-0.480731
-0.892197
-0.926786
-0.625233
-0.488636
-0.330676
-0.390324
-0.218046
-0.368644
-0.353361
-0.297445
-0.200972
-0.107632
0.053654
0.170443
0.414413
0.649657
0.471968
0.351578
0.456638
0.514710
0.525447
0.828348
1.007140
0.928710
0.654850
0.281514
0.140654
-0.054019
0.098205
0.338846
0.769636
0.902266
0.793600
0.491213
0.209975
0.038881
-0.263220
-0.355892
-0.375306
-0.242209
-0.602444
-1.176851
-1.429967
-1.343652
-1.631534
-1.449959
-0.957497
-0.772947
-0.795670
-0.547351
-0.364983
0.130396
0.432373
0.868241
1.048439
0.925569
0.797389
0.808592
0.477282
0.369111
0.414165
0.358762
0.474052
0.399913
0.152361
0.087128
-0.274092
-0.563977
-0.730750
-0.727283
-0.406024
0.139175
0.262755
0.168184
0.023751
-0.459871
-1.167590
-1.494288
-1.409615
-1.012916
-0.596634
-0.161624
0.204916
0.262836
0.172204
-0.069349
-0.008468
0.047168
0.226956
0.330532
0.727119
0.755725
0.889128
1.002017
1.014667
0.814183
0.652245
0.165383
-0.404869
-0.887981
-1.285548
-1.511516
-1.526985
-1.517552
-1.338916
-1.181430
-1.049448
-0.901988
-0.567165
-0.290925
0.087221
0.486602
0.851308
1.054249
1.038587
0.933963
0.695741
0.556142
0.700779
0.640989
0.683256
0.819469
0.732780
0.414834
0.221019
0.059025
-0.236521
-0.380996
-0.666756
-0.751561
-0.952354
-1.115367
-1.089387
-0.971782
-0.640986
-0.336283
-0.001092
0.299382
0.732392
1.059045
1.140530
1.169356
0.800041
0.470315
0.041805
-0.233923
-0.342620
-0.277657
-0.470323
-0.441381
-0.256259
-0.013719
0.201694
0.616381
0.642685
0.617112
0.787082
0.837396
1.059662
1.230073
0.880469
0.427219
0.112065
-0.500505
-1.033006
-1.109895
-1.197198
-1.283044
-1.162142
-1.070309
-0.808486
-0.524220
-0.149272
0.010444
0.237892
0.425786
0.361911
0.247793
0.510956
0.794156
1.055854
1.385806
1.480008
1.266465
0.570200
-0.072862
-0.809021
-1.463072
-1.728774
-1.508411
-1.263644
-1.010427
-0.384180
-0.326002
-0.179817
-0.383236
-0.281742
-0.220344
-0.435642
-0.324497
-0.241661
-0.334994
-0.445558
-0.076453
-0.125226
0.022671
0.116045
0.113266
0.331595
0.644955
1.000129
1.295401
0.958638
0.274367
-0.497360
-1.170331
-1.446537
-1.072226
-0.634697
-0.188356
0.179478
0.290260
0.422956
0.495097
0.280242
-0.052747
-0.373326
-0.578522
-0.481976
0.043477
0.493099
0.773687
0.804137
0.412591
0.005415
-0.039153
0.080778
0.191186
0.577163
0.792816
0.775659
0.504956
0.302740
-0.004337
-0.355442
-0.702990
-0.560566
-0.272043
-0.027439
0.286719
0.607743
0.705941
0.619182
0.590105
0.696581
0.765312
0.644392
0.363933
-0.068639
-0.499099
-1.002465
-1.374993
-1.295455
-1.246271
-1.296698
-1.133611
-0.870690
-0.903848
-0.821478
-0.707203
-0.567359
-0.136212
0.232327
0.699324
0.959603
1.149455
0.835685
0.741770
0.780584
1.010197
0.882746
0.869618
0.836964
0.621434
0.241845
0.202268
0.035445
-0.131907
0.017637
0.162108
-0.006506
0.144362
0.165592
0.105439
-0.008785
0.147163
0.013677
-0.137155
-0.298035
-0.329181
-0.547757
-0.311270
-0.145613
-0.354740
-0.285956
0.033850
0.089664
0.321627
0.637044
0.828984
0.921027
0.969959
0.852196
0.583460
-0.018975
-0.396599
-0.971482
-1.371718
-1.392362
-0.999013
-0.784479
-0.539841
-0.122509
0.191230
0.419296
0.529762
0.827232
0.986459
0.886356
0.549150
0.333167
-0.064279
-0.504277
-0.714549
-0.633348
-0.474997
-0.043452
0.237319
0.488862
0.636669
0.594042
0.340746
-0.088620
-0.384040
-0.587575
-0.682647
-0.825906
-0.731071
-0.637712
-0.729486
-0.736768
-0.718611
-0.775155
-0.935085
-0.927054
-0.732342
-0.287463
0.138256
0.611898
1.083962
1.407247
1.467638
1.580391
1.583109
1.296502
0.925474
0.528561
0.338920
0.325679
0.414839
0.501451
0.470556
0.095060
-0.100902
-0.347362
-0.745797
-1.182097
-0.825042
-0.873143
-0.671183
-0.539539
-0.115045
-0.333809
-0.252603
-0.060020
0.239318
0.435654
0.803531
0.932284
0.827489
0.636959
0.582944
0.337474
0.118797
-0.412499
-0.747400
-0.741722
-0.586679
-0.632179
-0.393214
-0.513871
-1.128393
-1.848757
-2.127914
-2.075173
-1.837984
-1.163205
-0.296203
0.637909
1.000527
1.371036
1.331182
1.012154
0.279784
-0.012071
0.139286
0.141137
0.079489
0.446841
0.323337
-0.131857
-0.245202
-0.043369
-0.024557
0.255178
0.420190
0.292558
0.048883
-0.347396
-0.559994
-0.658434
-0.485669
-0.144686
0.349569
0.822732
1.361405
1.574486
1.314315
0.547784
0.047238
-0.333431
-0.475566
-0.397156
-0.382633
-0.291685
-0.278386
-0.631937
-0.791159
-0.249258
-0.549450
-0.909521
-0.623782
-0.537534
-0.569812
-0.122443
0.147071
-0.032422
0.105500
-0.149935
-0.544864
-0.513264
-0.232274
-0.142857
0.589946
1.129524
1.413781
1.418359
1.290160
0.933117
0.898776
0.582042
0.515217
0.428619
0.341208
0.226418
0.106683
0.119396
0.298485
0.390219
0.349701
0.600391
0.612821
0.778458
0.781543
0.824991
0.899035
0.515493
-0.231378
-0.498566
-0.902426
-1.038049
-0.931212
-0.653394
-0.799411
-0.403332
-0.332076
-0.185739
0.039178
0.209685
0.090085
-0.250981
-0.515749
-0.832392
-0.865476
-0.905374
-0.811503
-0.687219
-0.709153
-0.774837
-0.869142
-0.755125
-0.542572
-0.054736
0.279819
0.738214
0.929080
0.907078
0.707563
0.625596
0.446933
0.442319
0.648924
0.838478
0.836433
0.851781
0.841402
0.755652
0.499955
0.282749
-0.057874
-0.450884
-0.829882
-1.025075
-1.196169
-1.355250
-1.395702
-1.213164
-1.060699
-0.616592
-0.269218
0.202583
0.339917
0.795620
1.164913
1.068592
0.714725
0.511248
0.101646
-0.401504
-0.325609
0.003052
-0.008606
-0.029658
-0.212926
-0.286737
-0.419631
-0.294157
-0.117472
0.107678
0.189492
0.159957
0.246187
0.441551
0.653311
0.497411
0.349369
0.119570
-0.429166
-0.859906
-0.843181
-0.688287
-0.463467
-0.539793
-0.746266
-1.147662
-1.613358
-1.792943
-1.503349
-0.950176
-0.316374
0.136406
0.218043
0.474032
0.537337
0.750990
1.031768
1.319886
1.068139
0.981530
0.861080
0.890730
0.915592
1.097195
1.054216
0.870314
0.504377
0.110759
-0.344781
-0.593140
-0.960939
-1.072062
-1.233426
-1.029758
-1.101189
-0.904679
-0.986025
-0.877904
-0.794980
-0.568442
-0.348245
-0.059545
0.134622
0.436449
0.449356
0.515573
0.695773
0.754362
0.336738
0.252418
0.120583
-0.056663
-0.060107
0.296198
0.350368
0.348021
0.185777
-0.059168
-0.425625
-0.394461
-0.349552
-0.087632
0.145012
0.430061
0.503481
0.753173
0.887002
1.075211
1.057442
1.293165
1.299095
1.186372
1.164059
1.138450
0.889640
0.447891
0.157999
-0.226876
-0.288175
-0.472500
-0.396041
-0.472734
-0.569535
-0.870016
-0.934757
-1.022466
-1.072144
-1.123408
-1.136067
-1.152618
-1.217011
-0.858624
-0.470511
0.052140
0.457634
0.864232
0.892427
0.975221
0.956615
0.833255
0.716465
0.777461
0.732498
0.667235
0.590680
0.344229
0.043548
-0.154140
-0.235255
-0.359956
-0.079371
-0.056333
-0.140603
-0.323262
-0.357609
-0.392402
-0.428640
-0.489140
-0.686334
-0.725684
-0.898365
-0.899538
-0.717306
-0.354415
-0.299961
-0.084343
0.184394
0.381871
0.463356
0.786238
0.931422
0.966974
1.162151
0.803676
0.363031
-0.134095
-0.593478
-1.262207
-1.273935
-0.999761
-0.385345
0.199802
0.845504
1.200321
1.172028
0.680552
0.404979
0.019410
-0.164666
-0.195216
-0.087651
-0.168023
-0.223826
-0.218105
-0.214591
-0.317803
-0.320299
-0.203906
-0.088462
0.102194
0.377477
0.671547
0.681393
0.961198
0.998285
1.455057
1.677603
1.859294
1.542163
1.126514
0.496239
-0.044746
-0.453840
-0.620467
-0.618817
-0.677849
-0.900290
-1.082375
-1.221967
-1.440620
-1.600227
-1.514657
-1.098283
-0.823097
-0.341783
-0.052674
0.212371
0.314931
0.423527
0.487057
0.585109
0.621686
0.557543
0.640291
0.663895
0.629807
0.610160
0.561782
0.291293
0.060753
-0.203824
-0.406577
-0.591235
-0.721421
-0.860471
-0.959132
-1.118056
-1.154019
-1.064408
-0.819214
-0.416155
0.182413
0.681991
1.122675
1.337360
1.428484
1.463854
1.372487
1.240598
0.958375
0.626280
0.357387
0.032879
-0.325422
-0.429066
-0.468021
-0.771474
-0.926671
-0.977211
-0.964600
-0.968727
-0.779768
-0.555600
-0.407099
-0.597643
-0.553317
-0.629153
-0.581232
-0.421601
-0.059155
0.029729
-0.035242
-0.130268
-0.146029
-0.127297
0.230589
0.622942
0.912305
1.210736
1.493650
1.283601
1.292168
1.041335
0.610902
0.520462
0.470515
0.232749
0.268534
0.329240
-0.379372
-0.895402
-1.219186
-1.519827
-1.766553
-1.332573
-0.780869
-0.539871
-0.256596
-0.202458
-0.354705
-0.498138
-0.382169
-0.440692
-0.337540
-0.192125
-0.219432
-0.303869
-0.152046
0.162700
0.579490
0.863598
1.207692
1.081384
0.986581
0.637088
0.205719
-0.111118
-0.226623
-0.494037
-0.604888
-0.439948
-0.523906
-0.506132
-0.158519
0.156966
0.710795
1.251456
1.785546
1.880047
1.811858
1.642372
1.346535
0.932628
0.619459
0.404382
-0.087470
-0.597610
-0.915498
-1.266119
-1.567413
-1.731902
-1.631963
-1.503323
-1.397930
-1.110640
-0.871903
-0.553802
-0.261108
-0.014652
0.069879
0.039854
0.247260
0.383706
0.560856
0.807253
1.299419
1.538390
1.539936
1.621690
1.514039
1.108252
0.584900
0.309905
-0.074398
-0.366490
-0.705154
-0.814728
-0.999176
-1.031994
-1.010502
-0.755359
-0.726096
-0.744318
-0.634002
-0.609097
-0.395608
-0.126824
0.219943
0.550709
0.798794
0.879704
0.792886
0.796756
0.654111
0.390432
0.008320
-0.026700
0.017504
-0.071741
-0.151900
-0.098982
-0.218152
-0.177534
-0.553492
-0.667167
-0.792191
-0.728874
-0.663722
-0.071164
0.363462
0.732886
0.943125
0.967255
0.723785
0.710887
0.684038
0.705139
0.496172
0.245310
0.110909
-0.013566
0.046669
0.326851
0.654511
0.806307
0.890496
0.555807
0.208377
0.047798
-0.086720
-0.069155
0.130947
-0.245173
-0.804963
-1.379141
-1.915413
-2.486530
-2.379792
-1.971072
-1.427066
-0.912347
-0.281728
0.242423
0.621130
0.869407
1.037030
1.019351
0.754441
0.484897
0.070446
-0.013761
-0.248222
-0.224336
-0.051946
0.060866
-0.048778
0.088667
0.189093
0.289707
0.367009
0.316599
0.077555
-0.397656
-0.946941
-1.422639
-1.682016
-1.656120
-1.257720
-0.703102
-0.101006
0.224870
0.481448
0.710148
0.833443
1.078250
1.319813
1.457634
1.370190
1.132600
0.688091
0.294469
-0.139761
-0.507077
-0.727720
-0.802947
-0.872856
-0.627843
-0.374138
-0.112478
0.131927
0.425280
0.748396
1.155339
1.199596
1.385024
1.378908
0.997264
0.373467
0.025589
-0.457704
-0.730980
-0.803810
-0.747603
-0.630100
-0.292593
-0.092957
-0.039241
0.059479
0.269457
0.156918
0.252912
0.390464
0.498649
0.515243
0.620596
0.797323
0.845791
0.816056
0.685869
0.346589
-0.243723
-0.699973
-0.871494
-1.108777
-1.132888
-1.279077
-1.398440
-1.607703
-1.687186
-1.600445
-1.413447
-1.086103
-0.702828
-0.353292
0.084555
0.552878
0.907968
1.016414
1.041180
0.905808
0.814645
0.762933
0.756712
0.746073
0.599786
0.300450
-0.085510
-0.250683
-0.387152
-0.307112
-0.181050
0.205333
0.124428
0.347961
0.282851
0.319797
0.249214
0.411662
0.542190
0.717720
0.930757
1.135146
1.132969
0.765485
0.359357
0.264614
-0.057073
-0.288270
-0.152847
0.015645
-0.114374
-0.187979
-0.163578
-0.273082
-0.516895
-0.531823
-0.899773
-1.068456
-1.291719
-1.590824
-2.086717
-1.990709
-1.855203
-1.428310
-0.731612
0.057805
0.679943
1.326463
1.610982
1.915881
2.092550
1.742277
0.995924
0.533078
0.166018
-0.292753
-0.296400
-0.123266
-0.129607
-0.221381
-0.168113
0.030636
0.262038
0.342310
0.385885
0.079649
-0.169798
-0.475599
-0.766813
-0.965396
-0.932373
-0.806824
-0.603510
-0.200492
0.052208
0.396274
0.675518
0.881936
1.038372
1.149663
1.218010
1.227808
1.244253
1.063772
0.887028
0.723066
0.450520
0.209979
0.125338
0.031151
-0.111796
-0.311524
-0.494931
-0.655885
-0.902557
-1.258525
-1.550849
-1.686514
-1.785495
-1.695157
-1.404878
-1.058605
-0.664362
-0.224286
0.291606
0.914764
1.455747
1.889961
1.628640
1.482146
1.145375
0.630578
0.024040
0.017888
-0.147642
-0.333577
-0.395240
-0.481321
-0.708155
-0.493734
-0.272010
-0.035330
0.268068
0.279501
-0.309162
-0.821789
-1.111408
-1.389565
-1.196487
-0.732531
-0.437664
-0.221840
-0.057704
0.325977
0.561554
0.995371
1.373463
1.537549
1.129397
0.813708
0.382498
0.069007
-0.166774
-0.217727
-0.289680
-0.180859
-0.237968
-0.330863
-0.332467
-0.374515
-0.284874
-0.345197
-0.117884
0.067136
0.242705
0.261312
0.479583
0.856302
1.328389
1.342699
1.470558
1.544936
1.268968
0.899552
1.013758
0.876477
0.540101
0.111157
-0.451439
-1.095506
-1.625198
-1.749484
-1.634070
-1.363681
-0.878329
-0.435685
-0.219851
-0.017633
0.231770
0.376321
0.401728
0.493016
0.596378
0.539746
0.401801
0.208166
-0.050828
-0.592538
-0.981534
-1.204914
-1.400394
-1.379237
-1.208462
-1.017127
-1.109732
-0.971079
-0.789259
-0.469008
0.032412
0.622052
1.043803
1.378358
1.502363
1.208062
0.941683
0.706201
0.260231
-0.094171
-0.054893
0.108746
0.233098
0.332201
0.464878
0.529786
0.483050
0.584516
0.829320
0.885888
0.924737
0.927337
0.958000
0.723337
0.705738
0.261017
-0.083418
-0.541372
-1.101243
-1.533536
-1.511033
-1.277376
-1.014017
-0.796191
-0.541554
-0.464159
-0.607743
-0.742971
-0.526939
-0.380618
-0.275259
-0.286813
-0.216506
-0.077586
0.045106
0.101691
0.561208
0.862566
1.088266
0.884563
0.800263
0.494844
0.025688
-0.033776
-0.174980
-0.284532
-0.628530
-0.728618
-1.165966
-1.154018
-0.967806
-0.576210
-0.388233
-0.233789
0.128586
0.066476
-0.128159
0.056500
0.193616
0.129484
0.631570
0.705364
0.888505
0.853757
0.766526
0.554209
0.805879
0.593122
0.392468
0.358941
0.099302
-0.466969
-0.821092
-0.895891
-1.143854
-1.362528
-1.187348
-0.882159
-0.674259
-0.263072
0.060908
0.441290
0.578422
0.734276
0.583492
0.439974
0.281082
-0.088105
-0.448707
-0.696896
-0.812244
-0.970914
-0.851523
-0.530708
-0.206388
0.085200
0.378504
0.697713
0.943881
1.272001
1.491505
1.736415
1.484520
0.996666
0.398518
-0.059774
-0.461346
-0.854720
-0.989183
-1.080835
-0.847014
-0.829622
-0.392573
0.064940
0.478105
0.440660
0.096715
-0.005616
-0.197483
-0.646712
-0.741050
-0.555521
-0.362997
-0.367330
-0.109459
-0.129164
-0.261788
-0.343513
-0.440727
-0.617607
-0.656948
-0.574321
-0.891728
-0.897490
-0.667597
-0.663642
-0.799150
-0.582417
-0.630097
-0.416300
-0.185366
0.563064
0.871596
1.287576
1.527946
1.431414
0.960056
0.658960
0.381707
-0.010041
0.059301
0.181264
0.549124
0.742372
0.943222
0.971066
1.149073
1.093282
1.219991
0.432405
-0.160477
-0.784978
-1.438237
-2.048945
-1.769811
-1.356411
-1.048214
-0.826289
-0.406659
-0.221346
-0.341192
-0.295035
-0.148184
-0.121992
-0.302689
0.119545
0.255822
0.400471
0.240622
0.357400
0.085456
-0.069149
-0.033212
0.150078
0.355054
0.428393
0.488766
0.298615
-0.093699
-0.273233
-0.532665
-0.823256
-0.945032
-0.694840
-0.466153
-0.246242
0.026735
0.229715
0.388240
0.498261
0.766892
1.053594
1.348800
1.236227
0.892588
0.464929
0.069620
-0.451647
-0.721511
-0.811784
-0.909789
-1.059906
-1.101283
-1.120968
-1.171770
-1.107145
-0.991544
-0.645927
-0.190660
0.337304
0.779547
1.256752
1.393693
1.509111
1.421814
1.332748
1.081501
0.922281
0.587171
0.415705
0.322868
0.197277
0.058963
0.034202
-0.164243
-0.347948
-0.454750
-0.734999
-0.858534
-0.948424
-1.036844
-1.050416
-0.639680
-0.397404
-0.047705
0.280563
0.144915
-0.375442
-0.624525
-0.858278
-1.097887
-0.798406
-0.176938
0.082626
0.608497
0.740445
0.792527
0.743984
0.719727
0.359267
0.351740
0.097388
-0.272629
-0.642563
-0.912321
-0.991546
-0.741970
-0.500264
-0.205489
0.133652
0.414701
0.526631
0.763233
0.938386
0.995372
0.499770
0.334735
0.103651
-0.016481
0.001009
0.485985
0.534492
0.492744
0.414149
0.118339
-0.379755
-0.703113
-0.831961
-0.809737
-1.067122
-1.245940
-1.209456
-1.193702
-1.389321
-1.149519
-0.615756
-0.350768
-0.021362
0.343485
0.566032
0.538354
0.507336
0.362926
0.137237
0.072427
-0.158296
-0.169487
-0.233085
0.093772
0.256976
0.682240
0.836391
1.140386
1.225299
1.479902
1.483234
1.490661
1.342297
0.736366
-0.390688
-1.316126
-2.027924
-2.729417
-2.862668
-2.316825
-1.710887
-1.019763
-0.466804
-0.043448
0.171720
0.156934
0.025433
0.003599
-0.088650
-0.170068
-0.100478
-0.168492
-0.060725
-0.027996
-0.011727
-0.015744
0.191898
0.281664
0.246055
0.383707
0.635836
0.771444
0.794068
1.195837
1.224811
1.075621
0.662171
0.272184
-0.260363
-0.704642
-1.016237
-1.027425
-0.965108
-0.921863
-0.753728
-0.522316
-0.392679
-0.101406
0.410102
0.840164
1.264045
1.627483
1.738314
1.576357
1.170925
0.683312
0.234240
-0.071327
-0.503460
-0.649235
-0.762064
-1.090391
-1.312676
-1.322616
-1.106850
-0.975367
-0.488897
-0.109252
0.251667
0.339767
0.394865
0.481347
0.507572
0.553476
0.689899
0.681585
0.314552
-0.101999
-0.284923
-0.423563
-0.291876
0.015654
0.338171
0.420595
0.394560
0.291550
0.208025
0.134740
0.086477
-0.099854
-0.378608
-0.518979
-0.754295
-0.957929
-0.996204
-0.931994
-0.987403
-0.887904
-0.818602
-0.745698
-0.549615
-0.208510
0.240051
0.598798
0.855987
1.014383
1.138403
1.095632
1.074832
1.128281
0.958010
0.735881
0.487347
0.193661
-0.150455
-0.366602
-0.680193
-0.860410
-0.909720
-0.609979
-0.314959
-0.022042
0.436595
0.765472
0.902031
0.938156
0.882136
0.676183
0.337225
-0.106692
-0.354781
-0.409427
-0.664350
-0.893443
-0.766732
-0.768101
-0.885391
-0.863700
-0.590305
-0.683043
-0.478230
-0.096341
0.313400
0.744974
0.996497
0.975767
0.895494
0.573952
0.109747
-0.217919
-0.110829
-0.098001
0.156764
0.405857
0.620080
0.669794
0.460026
0.215842
0.116900
0.114638
-0.063290
-0.128815
-0.452264
-0.742330
-1.246680
-1.671275
-1.914895
-1.849328
-1.622745
-1.162018
-0.608860
0.034171
0.542359
0.760948
0.932795
1.034796
0.956158
0.911475
0.890926
0.871229
0.558363
0.277537
0.116774
-0.022459
-0.096590
-0.054897
0.205515
0.318428
0.268271
0.189700
0.010817
-0.446124
-0.789996
-1.065266
-1.147713
-1.015018
-0.607373
-0.217481
0.259184
0.552496
0.886190
0.933469
0.983323
0.966348
0.655812
0.181848
-0.214375
-0.564786
-0.933728
-1.000338
-0.681965
-0.416121
-0.154258
0.193031
0.491244
0.499043
0.712369
0.830594
0.929834
0.744681
0.442531
0.165237
-0.085567
-0.337925
-0.424336
-0.302618
-0.359277
-0.217675
-0.299883
-0.257217
-0.195666
0.038457
-0.091775
-0.393111
-0.686532
-1.149983
-1.616240
-1.567743
-1.277645
-0.686641
-0.098569
0.277695
0.637244
0.964945
0.841769
0.935317
1.045865
0.905524
0.772449
0.799854
0.340799
-0.041009
-0.663924
-1.132298
-1.465578
-1.299004
-1.073798
-0.649395
-0.241803
0.101428
0.258771
0.261468
0.072820
0.301194
0.343551
0.269564
0.596039
0.853138
0.877186
1.115328
1.247262
0.983639
0.997459
1.051894
0.959399
1.199395
0.997034
0.713272
0.333807
-0.021050
-0.307366
-0.340716
-0.235424
-0.017471
-0.017002
-0.142844
-0.256910
-0.216177
-0.468686
-0.505088
-0.638275
-0.828559
-1.193277
-1.234624
-1.142910
-1.135631
-0.786843
-0.486862
-0.145667
-0.000585
0.317382
0.570301
0.829310
0.455381
0.274396
0.211449
0.453133
0.680299
1.073304
1.084500
0.952599
0.573520
-0.164481
-0.775151
-1.066927
-1.280407
-1.326456
-0.939398
-0.449152
0.119396
0.249471
0.519840
0.687683
0.768295
0.718969
0.974170
0.942435
0.795387
0.632410
0.501401
0.280141
-0.010252
-0.223431
-0.405724
-0.773959
-1.119852
-1.246139
-1.306845
-1.481565
-1.478114
-1.290048
-1.134195
-0.902053
-0.504133
-0.080532
0.295780
0.737078
1.067173
1.271062
1.368348
1.280281
1.020596
0.873242
0.837173
0.724992
0.787783
0.813911
0.561764
0.281457
0.230070
-0.125048
-0.350350
-0.366295
-0.922343
-1.384440
-1.319707
-1.276884
-1.192125
-0.640140
-0.254312
-0.099739
0.093738
0.044880
0.006395
-0.031386
-0.234076
-0.262064
-0.114155
0.251623
0.990921
1.471443
1.631271
1.714056
1.712204
0.939038
0.767637
0.909480
0.703790
0.377201
0.303960
0.323462
-0.319084
-0.980337
-1.298022
-1.376655
-1.487255
-1.305369
-0.644063
-0.112706
0.196093
0.367475
0.258674
-0.119103
-0.560702
-0.696034
-0.931621
-0.751182
-0.728118
-0.568844
-0.889749
-0.995607
-1.116024
-0.777118
-0.735111
-0.273863
0.115003
0.895970
1.160575
1.412862
1.875622
1.662039
0.889511
0.697610
0.366469
-0.655394
-0.811018
-0.661121
-0.677143
-0.381478
0.118506
0.125963
0.083217
0.100782
0.014549
0.018075
-0.325258
-0.294963
-0.412227
-0.277220
-0.141724
0.592686
0.576538
0.758214
1.059715
1.037723
0.953037
0.912439
0.912439
0.849213
0.973472
1.193438
1.212275
0.879956
0.333547
-0.230687
-0.931060
-1.326044
-1.408159
-1.475105
-1.434865
-1.363337
-1.084540
-0.774558
-0.592365
-0.453639
-0.382100
-0.447719
-0.446436
-0.452611
-0.248000
0.163704
0.401016
0.504185
0.578785
0.444894
0.097699
0.132608
-0.069676
-0.218041
0.131338
0.451652
0.523134
0.740315
0.874333
0.753655
0.756089
0.848177
0.913054
0.927515
0.913658
0.702847
0.399443
-0.018697
-0.325851
-0.826538
-1.211737
-1.401300
-1.428739
-1.398674
-1.129738
-0.923600
-0.720607
-0.495393
-0.213201
0.013750
0.351885
0.625214
0.829469
0.934465
1.008687
1.109874
1.091323
1.027660
0.882370
0.743707
0.695844
0.628157
0.570838
0.590596
0.421845
0.190592
-0.427079
-0.938196
-1.380498
-1.662501
-1.950815
-1.518696
-1.154280
-0.782110
-0.379644
-0.296914
-0.218210
-0.012103
0.072566
0.022080
0.095768
-0.194889
-0.412558
-0.673879
-0.637824
-0.484574
-0.257529
-0.321120
-0.431502
-0.752773
-1.079796
-1.173168
-1.115579
-0.867940
-0.420165
-0.298649
-0.279757
-0.199708
-0.201824
-0.339622
0.002814
0.558727
0.892687
1.431880
1.852516
1.963680
1.698162
1.433047
1.169688
0.545790
0.134543
-0.216922
-0.440146
-0.746890
-0.531773
-0.320949
-0.084193
0.040456
0.215062
0.290887
0.322683
0.460502
0.665972
0.839767
0.588616
0.413253
0.012362
-0.470079
-0.973213
-0.989666
-1.137562
-1.267670
-1.148594
-0.997848
-0.843037
-0.537836
-0.062396
0.261876
0.275707
0.274577
0.259286
0.174549
0.130515
0.297494
0.431429
0.553324
0.628317
0.774719
0.729630
0.741876
0.846914
0.937744
0.934842
0.712518
0.139267
-0.389584
-1.029521
-1.429212
-1.417257
-1.094089
-1.005653
-0.634749
-0.331362
-0.024688
0.296285
0.641630
0.851164
0.582261
0.234891
-0.042685
-0.189375
-0.356254
-0.322149
-0.232203
-0.147709
-0.285093
-0.197712
-0.156209
-0.065886
-0.202849
-0.214597
-0.795586
-1.206157
-1.315321
-1.361384
-1.460930
-1.037246
-0.431654
-0.159703
0.272948
0.752421
0.960807
1.366293
1.466412
1.344932
1.131169
1.044122
0.824705
0.713421
0.762731
0.834342
0.961860
0.703431
0.544339
0.376048
0.298245
0.068187
0.113444
0.223761
0.670410
0.758514
0.595848
0.465721
0.273856
-0.359336
-0.697332
-0.739572
-1.057847
-1.238142
-1.440399
-1.556024
-1.477738
-1.156969
-0.777276
-0.309669
0.021517
0.370209
0.559202
0.631466
0.622508
0.744992
0.746438
0.712180
0.727380
0.594493
0.537291
0.403355
0.455376
0.450621
0.482364
0.354432
0.115642
-0.202236
-0.478792
-0.603629
-0.449794
-0.096276
0.092966
0.259109
0.478242
0.425580
0.323570
0.426489
0.190051
-0.201821
-0.599417
-1.013481
-1.375582
-1.343976
-1.161235
-0.847594
-0.662241
-0.567632
-0.592472
-0.677647
-0.620497
-0.356426
-0.063926
0.099822
0.655144
0.949910
1.128521
1.257204
1.413967
1.209543
1.023960
0.795422
0.547209
0.428014
0.101798
-0.322871
-0.653323
-1.029074
-1.659339
-1.925112
-1.871513
-1.762147
-1.596509
-1.021954
-0.514084
-0.233303
0.046997
0.325330
0.412142
0.399686
0.412554
0.371739
0.146007
0.110308
-0.013328
-0.005446
-0.079191
-0.112722
-0.058123
0.121025
0.136330
0.420835
1.080942
1.431321
1.640338
1.940988
1.911018
1.694808
1.486163
1.355545
1.028297
0.812475
0.629523
0.509800
0.344798
0.345692
0.212383
-0.067179
-0.178308
-0.141033
-0.495014
-0.785748
-1.000672
-1.293914
-1.639670
-1.522706
-1.357075
-1.212812
-1.010373
-0.576776
-0.334417
0.067160
0.555979
0.926175
1.052104
1.199446
1.362111
1.117772
0.865845
0.634859
0.428140
0.114486
0.042924
0.040294
-0.172056
-0.390899
-0.660789
-0.836731
-0.999814
-1.220792
-0.969319
-0.632927
-0.639029
-0.612064
-0.235161
-0.276191
-0.397491
-0.150866
0.036872
0.267207
0.471741
0.813162
1.038508
1.295712
1.160729
1.323322
1.261432
1.229362
0.984651
0.964638
0.610075
0.273744
0.075765
-0.084625
-0.338974
-0.560906
-0.801649
-1.135926
-1.353263
-1.415834
-1.316278
-1.101871
-0.834569
-0.575397
-0.129667
0.213655
0.625226
1.038472
1.367166
1.588837
1.650006
1.581571
1.193289
0.951462
0.609197
0.362273
0.219430
0.062941
-0.183848
-0.350764
-0.597461
-0.773063
-0.827208
-0.830019
-0.782341
-0.576648
-0.503562
-0.222241
-0.135998
-0.209476
-0.434976
-0.710317
-1.004616
-0.782268
-0.701152
-0.417809
-0.290277
-0.203747
-0.255792
-0.199031
-0.222265
0.027354
0.712012
1.168056
1.453956
1.756196
1.836446
1.701529
1.221799
0.981988
0.550525
0.202990
-0.434591
-0.559295
-0.719270
-0.675795
-0.785441
-0.780798
-1.038621
-0.945584
-1.210867
-1.187307
-1.198725
-1.116550
-1.401572
-1.369816
-1.143652
-0.818431
-0.418969
0.271956
0.728760
1.016028
1.089984
0.838082
0.499048
0.306690
0.358738
0.328693
0.341418
0.141321
0.099816
-0.087094
-0.237180
-0.014473
0.010717
-0.220397
-0.422617
-0.421818
-0.594223
-0.409100
0.122890
0.498825
0.768125
0.993482
1.005561
0.851346
0.468740
0.011298
-0.086262
-0.317711
-0.553426
-0.746796
-0.396318
-0.368549
-0.131115
0.056397
0.523621
0.771254
0.959231
1.185122
1.481811
1.638029
1.582168
1.258065
0.552323
-0.192115
-0.861446
-1.323825
-1.491212
-1.090515
-0.741700
-0.498365
-0.498365
-0.376324
-0.493357
-0.676564
-0.797430
-0.757329
-0.723353
-0.458269
-0.057882
0.157013
0.314884
0.413513
0.383121
0.305211
0.409268
0.543252
0.907707
1.119955
1.245783
1.338597
0.885914
0.147173
-0.590686
-1.419024
-1.958500
-1.951590
-1.739055
-1.489411
-0.999502
-0.758990
-0.494667
-0.424892
-0.115464
0.283456
0.608745
0.736119
0.836847
0.693209
0.513105
0.388613
0.294282
0.111113
0.174603
0.115510
0.153216
0.121989
0.251511
0.189680
0.306608
0.069020
0.033530
0.009044
0.313914
0.403907
0.706675
0.863145
1.006016
0.990326
1.096587
1.279452
1.403816
1.442861
1.336389
0.923524
0.042215
-0.544810
-0.961408
-1.436684
-1.769161
-1.622068
-1.557829
-1.569190
-1.430869
-1.263362
-0.955522
-0.809863
-0.547766
-0.346533
-0.222115
-0.231480
-0.170400
-0.080615
-0.083430
-0.027122
0.040994
0.154198
0.307403
0.501744
0.724315
0.791867
0.802668
0.965367
0.703042
0.334945
0.234220
0.111389
-0.449686
-0.639907
-0.650471
-1.093784
-0.924470
-0.814798
-0.785532
-0.734046
-0.276436
-0.243760
0.079698
0.671579
1.060653
1.099841
0.911489
0.793808
0.674884
0.538797
0.626320
0.790799
0.720739
0.691016
0.782907
0.755631
0.701199
0.409761
-0.186010
-0.540807
-0.776901
-0.957684
-1.114644
-0.860562
-0.814916
-0.753063
-0.654542
-0.393937
-0.276101
0.009337
0.236696
0.293020
0.133455
0.069137
-0.182476
-0.623675
-0.964449
-0.944830
-1.210115
-1.358787
-0.949639
-0.647467
-0.327527
-0.192347
-0.053172
-0.406174
-0.549110
-0.278723
0.365018
0.805921
1.321974
1.660178
1.401587
1.077103
0.812522
0.595648
0.513339
0.490796
0.570552
0.986190
1.067576
0.821202
0.557080
0.174133
-0.262283
-0.553582
-0.434544
-0.424113
-0.375482
-0.386450
-0.386944
-0.639049
-0.800691
-1.030533
-1.088775
-1.214129
-1.160437
-0.993372
-0.525237
-0.528880
-0.262619
-0.038738
0.145527
0.143726
0.302807
0.202681
0.095713
-0.013684
-0.011879
0.110533
0.881482
1.646658
2.357953
2.713759
2.560899
1.942405
1.321428
0.691719
0.335912
0.356977
0.290361
0.064179
0.029068
-0.668481
-1.096186
-1.471135
-1.700866
-1.984457
-1.593422
-1.462717
-1.103565
-0.649736
-0.175172
0.081409
0.284357
0.541317
0.558448
0.389614
0.271386
0.123401
-0.333598
-0.528784
-0.730781
-0.866303
-0.783886
-0.738027
-0.724690
-0.484603
-0.369157
-0.449221
-0.031403
0.531555
0.793128
1.120690
1.446242
1.451915
1.105113
0.954124
1.024501
1.017672
0.733290
0.650735
0.470353
-0.076788
-0.481766
-0.511151
-0.758774
-1.020511
-1.006880
-0.949723
-0.778653
-0.661692
-0.414060
-0.334929
-0.312561
-0.401219
-0.088097
0.200446
0.419173
0.747121
0.940045
0.617007
0.097422
-0.169331
-0.355769
-0.670904
-0.568269
-0.252211
-0.216153
-0.357145
-0.423900
-0.562018
-0.708011
-0.799592
-0.820920
-0.660905
-0.623589
-0.731961
-0.717096
-0.718653
-0.516816
-0.192455
0.469653
1.109887
1.794696
1.955435
2.074420
1.940925
1.623143
1.166429
0.793535
0.401082
0.105165
0.120843
-0.031503
-0.080378
0.004293
-0.066178
-0.180621
-0.241504
0.031312
0.187652
0.136154
-0.149009
-0.367750
-0.598891
-1.061847
-1.264244
-1.330186
-1.201946
-1.279638
-1.238800
-0.931608
-0.479049
-0.128824
0.248018
0.920789
1.355197
1.182264
0.998500
0.620320
0.042995
-0.482388
-0.613025
-0.538339
-0.432410
-0.353247
-0.234715
-0.095649
0.038102
-0.034907
-0.133789
-0.112079
-0.077460
-0.312682
0.047195
0.442904
0.511992
0.429104
0.603805
0.601690
0.686579
0.851864
1.202397
1.390007
1.254423
1.218478
0.738971
-0.062587
-0.765930
-1.122242
-1.432216
-1.345755
-0.923293
-0.556484
-0.433245
-0.549674
-0.501499
-0.449973
-0.493179
-0.463474
-0.372077
-0.269046
0.141245
0.625370
1.044045
1.282632
1.418580
1.180117
0.650406
0.189769
-0.015829
-0.072963
-0.152398
-0.090253
0.000578
-0.433081
-0.913418
-1.293411
-1.583694
-1.779237
-1.497715
-1.061783
-0.573463
0.010694
0.458379
0.898929
1.272851
1.495487
1.658443
1.507728
1.300472
0.933991
0.600676
0.275882
0.060721
-0.113545
-0.348747
-0.736255
-1.044273
-1.158091
-1.318955
-1.393095
-1.187614
-1.038112
-0.861875
-0.358373
-0.027352
0.147442
0.334826
0.591763
0.599525
0.602916
0.668924
0.786230
0.735106
0.631693
0.672626
0.960335
0.779541
0.241181
-0.152829
-0.778229
-1.280657
-1.511583
-1.103442
-0.890235
-0.493043
-0.188264
0.159285
0.148359
0.261782
0.474786
0.408603
0.303251
0.456901
0.676824
0.919803
0.889225
1.045263
0.867792
0.445692
0.109863
0.136321
0.129049
0.420013
0.891199
0.934212
0.284630
-0.172564
-0.658249
-1.242462
-1.204578
-0.745169
-0.360682
-0.336051
-0.228287
-0.517732
-0.698783
-0.884718
-0.641233
-0.382173
-0.382213
-0.172044
0.296842
0.543656
0.588527
0.720846
0.851326
0.472805
0.065029
-0.106132
-0.134014
0.039911
0.077944
0.052597
0.260227
0.117136
-0.262619
-0.415720
-0.387848
-0.642163
-0.517486
-0.641851
-0.679128
-0.745745
-0.767186
-0.659453
-0.047384
0.349190
0.871977
1.270783
1.587999
1.484811
1.413809
1.282987
0.918720
0.551238
0.207805
-0.097236
-0.506692
-0.879679
-1.139776
-1.410651
-1.454598
-1.366019
-1.136895
-0.920709
-0.643701
-0.630965
-0.632318
-0.518140
-0.178163
0.254979
0.518281
0.853175
1.193026
1.146356
0.666125
0.619684
-0.283461
-0.623474
-0.641007
-0.483002
-0.341255
0.353178
0.534918
0.294442
0.367738
0.280492
0.201579
-0.000513
-0.044037
-0.065518
0.019415
0.080860
0.653778
0.962631
0.907477
0.839742
1.098482
0.916538
0.739349
0.688731
0.306924
-0.091522
-0.615051
-0.820679
-0.738816
-0.843180
-0.597484
-0.230327
0.121643
0.281360
0.501837
0.325297
0.288605
0.288080
0.238480
0.429885
0.686687
0.752607
0.843488
0.682637
0.510470
0.378068
0.075567
-0.376602
-0.475681
-0.507105
-0.707639
-0.703247
-0.538874
-0.541305
-0.217269
0.168718
0.494439
0.871731
0.873796
0.537314
0.143996
-0.082698
-0.640863
-0.858008
-0.855208
-0.785304
-0.725384
-0.526347
-0.246889
-0.139927
-0.155529
-0.309045
-0.474844
-0.716663
-0.915677
-1.109583
-1.137260
-1.171483
-1.026589
-1.004014
-0.801404
-0.705722
-0.570384
-0.367557
-0.242741
-0.003608
0.231370
0.446573
0.690061
1.073279
1.263511
1.426030
1.550940
1.613005
1.522783
1.267911
0.862791
0.322620
-0.208536
-0.668942
-0.800074
-0.579205
-0.044049
0.345149
0.751006
0.930885
0.997426
0.898422
0.750735
0.724025
0.170169
-0.184573
-0.863414
-1.195598
-1.791616
