5.840022
5.840022
4.963538
3.929791
2.453164
1.151171
-0.257595
-1.181306
-1.749331
-2.044140
-2.332671
-2.628025
-2.524381
-2.492972
-2.449750
-2.348063
-2.138436
-1.735853
-1.403117
-0.917899
-0.719297
-0.526510
-0.267376
-0.062201
-0.126142
0.090073
0.322632
0.222754
0.186335
0.346248
0.292774
0.241041
0.289531
0.342581
0.394287
0.519051
0.265789
0.242400
-0.180393
-0.154836
-0.208990
-0.104017
-0.262815
0.142118
-0.060344
-0.413019
-0.279519
-0.538114
-0.953854
-0.884185
-0.805572
-0.863886
-0.592459
-0.306281
-0.254779
-0.208010
-0.173594
-0.321325
-0.135988
-0.456573
-0.596163
-0.396745
-0.444270
-0.317500
0.117332
0.759770
0.904667
1.468471
1.250444
1.338334
0.635478
0.272783
0.019117
-0.361325
-0.637796
-0.504811
-0.545804
-0.624788
-0.413319
-0.486317
-0.400409
-0.254834
-0.113737
0.147468
0.428001
0.712849
0.748526
0.674120
0.741746
0.697770
0.483808
0.731435
0.997878
0.674375
0.181694
0.215853
-0.171173
-0.973958
-0.940575
-0.725344
-0.817533
-0.886893
-0.501288
-0.466126
-0.261864
0.050012
0.169617
0.434726
0.513035
0.606069
0.651851
0.755336
0.925688
1.004379
1.049617
0.987487
0.792949
0.421730
0.325435
0.140878
-0.010616
-0.119269
-0.225327
-0.748324
-1.133769
-1.367204
-1.358537
-1.255055
-0.859793
-0.264099
0.028230
0.373489
0.699372
0.958242
1.190562
1.156172
0.908761
0.647183
0.451750
0.152794
0.295483
0.491014
0.336391
0.361809
0.261304
0.021560
-0.041993
0.043886
0.208304
-0.078822
-0.319260
-0.338648
-0.108269
-0.382304
-0.167714
-0.058034
-0.265063
-0.454765
-0.409848
-0.607409
-0.354687
-0.168634
-0.021558
0.385878
0.794225
0.840782
0.903155
0.925367
0.795222
0.422047
0.097398
-0.283510
-0.641103
-0.889658
-0.638567
-0.598642
-0.530406
-0.289915
-0.292823
-0.366690
-0.234816
-0.153266
0.083037
0.095093
0.534982
0.669052
0.946398
1.137441
1.111175
0.937051
0.978807
0.786567
0.285882
0.523516
0.213922
0.053457
-0.023805
0.047168
-0.222141
-0.594326
-0.778104
-0.664948
-0.446156
-0.534984
-0.134319
0.193888
0.262983
0.081391
-0.018970
0.124288
0.064651
-0.110785
-0.359637
-0.160957
-0.077663
-0.261319
-0.253660
0.064470
-0.217010
-0.263861
-0.204917
-0.372977
-0.773604
-0.620180
-0.886953
-0.928592
-0.798709
-0.661995
-0.665583
-0.097583
-0.200506
0.029429
-0.090537
0.454154
0.366471
0.459858
0.196003
0.465357
0.179035
-0.287737
-0.302250
-0.201487
-0.389977
-0.176947
-0.106376
0.190339
0.687293
0.623083
0.432011
0.340044
0.186846
-0.357043
-0.271157
-0.297638
-0.537418
-1.019687
-0.787706
-0.468547
-0.426749
-0.352990
0.135968
-0.258150
-0.450318
-0.393552
0.096402
0.038135
0.473958
0.520713
0.540629
0.564171
0.748377
0.751030
0.870456
0.898274
0.827847
0.630027
0.471925
0.438038
0.099425
-0.045360
-0.683029
-0.963671
-1.362140
-1.206834
-1.312756
-0.595042
-0.197004
0.049237
0.013160
0.193593
0.238261
0.241398
0.449314
0.517187
0.575283
0.670806
0.552583
0.614145
0.766017
0.989722
1.122022
1.296154
1.209488
0.838193
0.204379
-0.264704
-0.530664
-0.952059
-0.971024
-0.642577
-0.647149
-0.854583
-0.911488
-0.860154
-1.035512
-0.877160
-0.583399
-0.254957
-0.127092
0.143261
0.405012
0.425027
0.739972
0.775087
0.609271
0.395908
0.450768
0.472352
0.570933
0.831778
0.998613
0.891321
0.545687
0.226728
-0.202176
-0.712430
-0.917592
-0.966384
-1.215261
-1.311566
-1.183920
-0.965495
-0.908126
-0.662318
-0.232828
-0.148766
-0.022337
0.169397
0.479380
0.621534
0.915190
0.903387
0.857418
0.803552
0.630442
0.434050
0.465540
0.190340
0.178558
0.168528
0.192532
0.215542
0.326437
0.501023
0.293373
-0.061773
-0.479808
-0.643208
-1.095796
-1.169040
-0.686943
-0.610653
-0.513341
-0.503814
-0.331955
-0.389618
-0.255236
-0.206471
-0.145434
-0.131597
-0.392074
-0.215775
-0.097180
0.312721
0.601017
0.679798
0.921330
0.742044
0.299368
0.190809
0.264057
-0.129900
-0.160893
-0.065115
-0.222350
-0.293658
-0.385996
0.086155
0.392668
0.279573
0.503748
0.335797
-0.334754
-0.430624
-0.219137
-0.137552
0.345115
0.673508
0.602792
0.587999
0.284773
0.051762
-0.098576
-0.388811
-0.746006
-0.825220
-0.953378
-1.085700
-0.730420
-0.507443
-0.464727
-0.077539
0.231548
-0.003170
0.186353
0.656191
0.937890
1.505263
1.764875
1.726045
1.488335
0.960814
0.410109
-0.022163
-0.235884
-0.297627
-0.226827
-0.362908
-0.217178
-0.065235
-0.244160
-0.338848
-0.677063
-0.760127
-0.979467
-1.169176
-1.421115
-1.148158
-0.961086
-0.754130
-0.445434
0.293767
0.589261
1.118020
1.095004
1.268769
0.899976
0.912933
0.352410
0.348946
0.385081
0.437046
0.443218
0.662069
0.562574
0.424789
0.151161
0.019155
-0.023692
-0.297670
-0.539990
-0.883879
-1.256694
-1.498254
-1.272352
-1.058292
-0.679141
-0.462394
-0.404750
-0.457667
-0.703154
-0.362589
0.086078
0.448553
0.693138
1.261153
1.520222
1.427210
1.129976
1.037454
0.535146
0.039206
-0.103273
-0.331366
-0.307729
-0.569747
-0.625484
-0.838953
-0.750693
-1.086652
-0.842844
-0.810400
-0.463956
-0.169039
0.166674
0.355182
0.516340
0.403083
0.319271
0.171666
-0.006634
-0.048233
-0.086491
-0.307080
-0.020943
0.357426
0.574995
0.887738
1.174796
1.287894
1.162878
0.783304
0.340348
0.131377
-0.263217
-0.282381
-0.174748
-0.452286
-0.726431
-1.043485
-1.644648
-1.813928
-1.787632
-1.529753
-1.112531
-0.673199
-0.474501
-0.077317
0.049587
0.357911
0.686105
0.816123
0.855579
0.953912
0.865375
0.715658
0.895578
0.697071
0.550707
0.326365
0.261510
-0.109175
-0.024782
0.068866
0.160598
0.089290
-0.078493
-0.335014
-0.722796
-0.956570
-1.089624
-1.117866
-0.714123
-0.497801
-0.529976
-0.458681
-0.467490
-0.600413
-0.489361
-0.128171
0.095241
0.472330
0.623445
0.717297
0.798787
0.779228
0.757361
0.799963
0.766605
0.616353
0.411853
0.126538
-0.226314
-0.328027
-0.249422
-0.307962
-0.429067
-0.425137
-0.550322
-0.714471
-0.726578
-0.432361
-0.445043
-0.402130
-0.479343
-0.395695
-0.671090
-0.615498
-0.489905
-0.062428
0.354338
0.691683
0.870304
1.270989
1.117993
0.902553
1.092295
1.122090
0.986712
0.946941
0.775763
0.592415
0.482809
0.298800
0.001490
0.030230
-0.211966
-0.322336
-0.597955
-0.480775
-0.452605
-0.703159
-0.735404
-0.803434
-1.112777
-1.049759
-0.768720
-0.503425
-0.223055
0.181534
0.089230
0.265264
0.295906
0.241602
0.452751
0.555086
0.596650
0.829462
0.890502
0.844733
0.796434
1.087328
1.148355
1.269777
1.358632
1.162422
0.822042
0.208742
-0.207902
-0.522032
-0.520532
-0.538744
-0.670591
-0.779348
-0.970665
-1.140596
-1.338307
-1.087932
-0.641828
-0.550611
-0.368996
-0.278880
-0.146034
-0.097849
-0.021130
0.274410
0.529901
0.530012
0.664562
0.848962
0.907582
0.776266
0.691818
0.290592
-0.012218
-0.233641
-0.423760
-0.218345
-0.000617
0.060839
0.033388
0.009815
-0.254935
-0.537232
-0.717690
-0.870032
-0.863468
-0.661726
-0.509593
-0.104304
0.197400
0.266286
0.276650
0.353330
0.279414
0.390846
0.736730
0.919856
1.027712
0.923858
0.581045
0.296843
-0.059025
-0.276132
0.013116
0.148586
0.232012
0.090997
0.004044
-0.391908
-0.666604
-0.730140
-0.684265
-0.633563
-0.533456
-0.482843
-0.492064
-0.600464
-0.571546
-0.697780
-0.689823
-0.603782
-0.390902
-0.175633
-0.285913
-0.052949
-0.012128
0.056372
0.274021
0.716947
0.950852
0.984604
1.162586
1.137030
1.070435
0.986174
0.897762
0.741504
0.453147
0.253847
-0.004534
-0.171643
-0.237567
-0.361882
-0.408901
-0.369816
-0.517447
-0.729044
-0.825446
-0.809690
-0.833428
-0.942357
-0.974184
-1.210852
-1.387596
-1.450396
-1.120706
-0.604427
0.178876
1.073444
1.366066
1.705961
1.806322
1.577945
0.894465
0.570025
0.198408
-0.192367
-0.381229
-0.315035
-0.105632
0.025221
0.123559
0.220498
0.340673
0.075267
-0.068311
-0.452694
-0.682745
-0.956411
-0.812285
-0.748073
-0.758857
-0.601949
-0.540716
-0.410614
-0.273397
-0.331300
-0.021151
0.550660
0.720908
0.839434
1.427977
1.351513
0.958822
0.875577
0.713776
0.573310
0.545513
0.284947
0.198349
0.008002
-0.114488
-0.541949
-0.613752
-0.971359
-1.078001
-1.120840
-1.024758
-0.780988
-0.594940
-0.545704
-0.630768
-0.397250
-0.119836
0.055997
0.354950
0.563070
0.699763
0.795820
0.788452
0.764276
0.902764
0.844255
0.861737
0.799757
0.602610
0.357045
0.247669
0.061234
-0.035223
-0.438606
-0.587043
-0.653029
-0.772269
-0.590767
0.345419
0.483065
0.699735
0.482056
0.203918
-0.485245
-0.719057
-1.071231
-0.768924
-0.479468
-0.019302
0.430716
0.637806
0.198167
0.084087
-0.102331
-0.209765
-0.440276
-0.007871
-0.023795
-0.044302
0.134199
0.502715
0.463128
0.410331
0.340798
0.180552
0.183422
-0.167540
-0.193840
-0.200154
-0.529237
-1.022281
-1.296774
-1.700290
-1.848083
-1.648527
-1.400780
-0.546709
0.037096
0.675423
0.995601
1.295670
1.030163
0.945661
0.665774
0.698668
0.409873
0.462314
0.611769
0.695296
0.713407
0.936626
0.964517
0.872173
0.746728
0.088763
-0.162275
-0.394226
-0.465417
-0.634592
-0.384487
-0.717393
-0.891458
-1.152638
-1.255998
-1.258897
-0.951557
-0.538944
-0.200761
0.105194
0.267362
0.639490
0.701884
0.785413
0.570325
0.464143
0.399588
0.243585
0.155780
0.181984
0.516633
0.535886
0.459057
0.449289
0.337171
0.108002
-0.377416
-0.619864
-0.660755
-0.791497
-0.966651
-0.811703
-0.703114
-0.837274
-0.624427
-0.352413
-0.294077
0.091983
0.141760
0.189447
0.215941
0.306948
0.281732
0.544682
0.837903
0.915719
0.684644
0.617599
0.280386
-0.051311
-0.383109
-0.276390
-0.231145
-0.272275
-0.117468
-0.197395
-0.108291
-0.285496
-0.299383
-0.343102
-0.349725
-0.482024
-0.752807
-0.793501
-0.670762
-0.608111
-0.379135
-0.320637
0.059756
0.097180
0.230824
0.362334
0.657401
0.665817
0.557272
0.611149
0.586813
0.622192
0.676495
0.577218
0.664243
0.571710
0.380030
0.278179
0.256918
0.118898
-0.217473
-0.339969
-0.635720
-0.706073
-0.746628
-1.150428
-0.963629
-0.711034
-0.968857
-0.898296
-0.392631
-0.109110
-0.198793
0.195115
0.369128
0.575522
0.586241
0.511935
0.660894
0.666606
0.633644
0.596215
0.723583
0.789483
0.443441
0.176839
0.151085
0.005505
-0.375896
-0.418981
-0.122405
-0.528339
-0.441508
-0.266421
-0.483726
-0.754464
-0.779872
-0.982871
-0.940746
-0.559550
-0.114228
0.156196
0.628775
0.765858
0.875424
0.743284
0.646410
0.733574
0.399066
0.170218
0.009180
-0.092241
-0.205860
-0.191767
0.080956
0.246505
0.365839
0.233993
0.371231
0.318908
0.163749
0.041517
-0.147853
-0.426127
-0.817659
-1.292024
-1.244569
-1.169829
-1.123125
-0.771185
-0.263069
0.044679
0.228988
0.608502
0.695798
0.856104
1.163992
1.042811
0.936732
0.896801
0.654889
0.323953
0.004414
0.020758
-0.061963
0.041467
0.005507
0.220401
-0.050849
-0.341765
-0.289192
-0.390510
-0.361549
-0.042804
0.110871
0.030208
-0.255299
-0.434926
-0.536779
-0.721507
-0.626595
-0.599085
-0.474063
-0.586953
-0.532011
-0.411360
-0.256610
0.091859
0.268574
0.616779
0.667414
0.778997
0.747480
0.472663
0.515356
0.405373
0.355571
0.127464
0.144079
0.201186
-0.075253
-0.150845
-0.031125
-0.015439
-0.149241
-0.095920
0.094200
0.129008
0.069420
0.002147
-0.091359
-0.479571
-0.725296
-0.651750
-0.515318
-0.576612
-0.226443
-0.122273
0.003190
-0.058568
0.286152
0.402286
0.450968
0.612746
0.619306
0.557832
0.103533
-0.087122
-0.101412
-0.129011
0.001061
0.521310
0.658463
0.603096
0.528169
0.352877
-0.167267
-0.450841
-0.662467
-0.928942
-1.088254
-1.259520
-0.959044
-0.784918
-0.662387
-0.394602
0.078670
0.208528
0.238768
0.452278
0.455011
0.499277
0.532441
0.417556
0.644137
0.796466
0.632882
0.603401
0.607769
0.485455
0.097585
0.112267
0.196149
-0.045083
-0.322771
-0.563107
-0.678995
-1.090778
-1.163222
-1.101009
-0.957533
-0.771183
-0.639862
-0.351421
-0.183645
-0.070002
0.102855
0.210610
0.575759
0.726280
0.853821
0.867021
0.835276
0.673013
0.328881
0.174575
0.155772
0.053753
0.140812
0.138684
0.415165
0.402018
0.258077
0.036798
0.007437
-0.175826
-0.515928
-0.448072
-0.409800
-0.520437
-0.631762
-0.618293
-0.381050
-0.314406
-0.285023
0.005682
0.056533
0.279692
0.104347
0.201274
0.300351
0.382044
0.256213
0.314346
0.620048
0.565688
0.567025
0.597647
0.498167
0.494510
0.257792
0.192262
0.086403
-0.053560
-0.224670
-0.640828
-0.641383
-0.866410
-0.956224
-0.942823
-0.694726
-0.476032
-0.665504
-0.529255
-0.381038
-0.225696
-0.154362
0.243277
0.683232
0.717459
0.989513
1.001589
0.765789
0.612723
0.370751
0.096809
-0.027602
0.068679
0.116133
0.132038
0.224600
0.164402
0.253618
0.187754
0.043160
-0.000250
-0.330481
-0.671574
-0.902161
-1.100843
-1.134139
-1.158055
-0.693398
-0.316678
-0.012153
0.312752
0.600081
0.777066
0.542826
0.615081
0.641070
0.781769
0.809004
0.696659
0.912122
0.826574
0.635011
0.290129
0.254139
0.092449
-0.243630
-0.218297
-0.059742
-0.161947
-0.426517
-0.388718
-0.334529
-0.478185
-0.498845
-0.243875
-0.331449
-0.282563
-0.714906
-0.957683
-0.874397
-0.700123
-0.447420
0.004703
0.819136
1.007039
0.830042
0.889274
0.867712
0.619832
0.268816
0.431302
0.394131
0.352028
0.429403
0.103518
0.181117
-0.088506
-0.558089
-0.650167
-0.638827
-0.657134
-1.058748
-0.952907
-1.034161
-0.799333
-0.870026
-0.610744
-0.032769
0.197748
0.206852
0.430524
0.473551
0.518372
0.349402
0.515904
0.572200
0.677044
0.666280
0.681804
0.737850
0.632605
0.358416
0.239173
0.139595
0.117934
-0.251528
-0.205951
-0.526202
-0.784919
-0.949020
-1.061790
-0.761443
-0.466228
-0.369564
-0.243880
-0.119183
-0.116841
-0.367057
-0.251462
-0.126903
0.045559
0.207762
0.403692
0.742186
0.757593
0.640436
0.505806
0.527594
0.535612
0.282547
0.416571
0.265899
0.115075
0.155356
0.022766
-0.104665
-0.184358
-0.197244
-0.535379
-0.453702
-0.487191
-0.573012
-0.679151
-0.691457
-1.011462
-0.919492
-0.783204
-0.489714
-0.217068
0.346022
0.503174
0.636345
1.023255
0.577262
0.175722
0.285442
0.166270
-0.464204
-0.204787
-0.046529
0.107382
-0.080563
0.143424
-0.064990
0.010468
-0.405437
-0.271807
-0.391460
-0.456867
-0.714697
-0.750303
-0.773929
-0.319530
-0.274372
0.307852
0.675722
0.967570
0.659821
0.947710
0.618534
0.376715
0.368833
0.223275
0.302257
0.558267
0.551445
0.289411
0.160667
-0.180128
-0.657219
-0.638353
-0.577669
-0.646539
-0.641934
-0.531594
-0.731002
-0.878603
-0.602929
-0.474772
-0.256844
0.019735
0.561656
0.945745
1.328097
1.608006
1.435394
0.932200
0.450818
-0.020727
-0.116164
-0.123222
-0.025986
-0.021950
0.136400
-0.026179
-0.083297
-0.194224
-0.311900
-0.243147
-0.730030
-0.927002
-0.890890
-1.010514
-1.167950
-1.040516
-0.756813
-0.549425
-0.305689
-0.345227
-0.278760
-0.164398
-0.108814
0.152149
0.736283
1.006257
1.148278
1.233077
1.186860
0.887386
0.865042
0.669060
0.303623
0.384437
0.071045
-0.216683
-0.161322
-0.123790
-0.361716
-0.336347
-0.061732
0.045761
0.264741
0.340545
0.505772
0.519882
0.354258
0.184035
0.421751
1.095309
0.760209
0.566831
0.364950
-0.105419
-1.160307
-1.038613
-1.113667
-0.917293
-1.058306
-1.021140
-0.892395
-0.527704
-0.209391
0.219375
0.602091
0.749616
0.758689
0.421656
0.219956
0.149356
0.009933
-0.113836
-0.175522
-0.245096
-0.016118
0.124195
0.302762
0.720299
0.758248
0.546924
0.429082
0.205742
-0.184788
-0.167323
-0.245695
-0.391049
-0.495447
-0.710880
-0.964060
-1.303091
-1.546517
-1.721082
-1.560651
-1.156340
-0.780757
-0.385437
0.109333
0.401186
0.601010
0.646841
0.974991
1.085181
0.924718
0.904017
1.172954
1.081352
0.970503
1.110530
0.850653
0.334785
-0.083940
-0.372534
-0.541679
-0.568665
-0.449047
-0.281167
-0.072845
-0.083403
-0.157432
-0.394811
-0.537960
-0.833512
-1.071126
-0.733563
-0.555374
-0.540500
-0.023465
0.188228
-0.175152
0.144341
0.203260
-0.211127
0.030536
0.166772
0.051685
0.215116
0.424816
0.388465
0.412115
0.413580
0.790314
0.751695
1.031711
0.990319
0.825937
0.654833
0.480041
0.480077
0.379795
-0.098348
-0.635575
-0.764931
-1.480561
-1.476184
-1.120956
-1.126453
-1.102220
-0.937087
-0.900177
-0.315769
-0.204749
-0.009773
0.031598
0.068344
-0.309910
-0.145923
0.422870
1.003323
1.018032
0.886057
0.816411
0.231197
-0.262387
-0.315235
0.274329
-0.043878
-0.246231
-0.562440
-0.539270
-0.524253
-0.519699
0.119219
0.341403
0.622691
0.016845
0.307344
-0.165045
-0.010595
-0.043642
0.070278
0.137439
0.249976
0.156776
-0.053360
-0.060257
0.205366
0.172340
0.249512
0.235763
0.012235
-0.471382
-0.841213
-0.640880
-0.376583
-0.263957
0.227203
0.417784
0.574255
0.343533
0.579136
0.550272
0.740356
0.680158
0.618061
0.626022
0.397922
0.265260
0.018466
-0.216893
-0.313929
-0.631401
-0.806959
-0.815930
-0.679312
-0.524441
-0.471351
0.054767
0.213608
0.446558
0.506470
0.670260
0.709784
0.531495
0.503389
0.456590
0.318078
0.243901
0.018229
0.132685
0.153696
0.214939
0.100199
0.190784
-0.148076
-0.378050
-0.314373
-0.173431
-0.290459
-0.337149
-0.480919
-0.417080
-0.425294
-0.332042
-0.242386
-0.150283
-0.288871
-0.650234
-0.650710
-0.705390
-0.510594
-0.235145
-0.064800
0.065860
0.356130
0.517245
0.612647
0.478736
0.497941
0.453728
0.321537
0.439459
0.441138
0.452829
0.340154
0.587241
0.554491
0.710120
0.529902
0.196665
-0.175830
-0.751254
-0.958761
-0.976437
-0.477965
-0.624828
-0.388704
-0.368792
-0.351317
-0.514243
-0.537739
-0.618845
-0.469183
-0.185478
0.128400
0.310698
0.575527
0.763697
0.787817
0.820586
1.121833
0.867003
0.409868
0.259021
-0.211429
-0.560000
-0.539397
-0.597412
-0.817846
-0.812444
-0.879661
-1.076079
-1.056048
-1.038125
-0.812401
-0.723603
-0.528663
-0.170549
-0.027236
-0.086113
0.090459
0.305450
0.529788
0.729743
0.913494
1.056860
0.924119
0.892075
0.791488
0.615551
0.397440
0.274655
-0.108730
-0.311351
-0.442301
-0.825783
-0.927460
-0.733141
-1.028543
-1.018662
-0.990721
-0.831552
-0.934124
-0.457597
-0.138489
0.223297
0.440560
0.738697
1.063161
1.051559
1.041632
0.934329
0.813768
0.379521
-0.000731
-0.103520
-0.168172
-0.416047
-0.506955
-0.292140
-0.239790
0.185440
0.230631
0.342088
0.419127
0.464751
0.245390
0.581563
0.448446
0.113318
-0.002848
-0.535492
-1.238190
-1.210284
-1.072983
-0.963733
-0.405378
-0.148301
-0.260711
-0.012781
-0.135724
-0.358027
-0.151017
0.252034
0.230994
0.546835
1.234292
1.363427
1.314384
1.023218
0.762783
0.059793
-0.034304
-0.185212
-0.153216
-0.401485
-0.667141
-1.030992
-1.237546
-1.109685
-0.924366
-0.689851
-0.334378
-0.114361
-0.264173
0.061584
0.047004
0.211434
0.413787
0.665024
0.545661
0.771882
0.913482
0.950279
0.878141
0.878476
0.584637
0.343761
0.348583
0.281897
0.152214
0.513985
0.394225
-0.170091
-0.280255
-0.628103
-1.133741
-1.372641
-1.042726
-1.014839
-0.702306
-0.439353
-0.276129
-0.229217
-0.011763
0.161724
0.158757
0.522351
0.816403
0.906056
0.650400
0.642692
0.094611
-0.213305
-0.315587
-0.710428
-0.748660
-0.254249
-0.043550
0.249263
0.839756
1.077133
1.150633
0.796614
0.601821
0.313964
-0.005982
-0.221184
-0.132919
-0.417041
-0.245560
-0.077965
-0.130064
-0.477346
-0.743158
-0.893595
-1.354858
-1.318167
-0.795432
-0.371122
-0.136534
0.345207
0.205341
0.159154
0.147491
0.324148
0.463492
0.452399
0.513606
0.829493
1.019164
1.036296
0.868035
0.763877
0.334931
-0.102055
-0.410905
-0.325855
-0.343003
-0.501891
-0.660725
-0.642697
-0.813890
-0.805828
-0.673835
-0.500895
-0.390607
0.085447
0.193714
0.169441
0.270209
0.342155
0.319918
0.338363
0.661961
0.561399
0.224526
0.285276
0.275323
0.359818
0.547245
0.714762
0.643395
0.712668
0.489366
0.017750
-0.175524
-0.233350
-0.635277
-0.768760
-0.484717
-0.223398
-0.339819
-0.221962
-0.151924
-0.245171
-0.505689
-0.739110
-0.955849
-0.966505
-0.901157
-0.426888
-0.083531
0.143317
0.260195
0.199203
0.271485
0.378941
0.883319
1.061995
1.553888
1.490337
1.542399
1.300882
0.829424
0.370442
0.174638
-0.032327
-0.261496
0.034913
0.113236
-0.180157
-0.435768
-0.635995
-0.906408
-1.110480
-0.930592
-0.650755
-0.349161
-0.436752
-0.258401
-0.162950
-0.575067
-0.641141
-0.419277
0.169326
0.684820
1.276434
1.270293
1.258388
0.657338
0.407903
0.613774
0.732673
1.139565
1.110503
0.740572
0.377393
0.128688
-0.173143
-0.268070
-0.281626
-0.495043
-0.242280
-0.561973
-0.639940
-0.581641
-0.747795
-1.078568
-0.980994
-1.192996
-1.410728
-1.230574
-1.063072
-0.951674
-0.573252
-0.126673
0.161687
0.271850
0.313230
0.479033
0.459774
0.359479
0.510703
0.749716
1.106911
1.297204
1.358248
1.159080
0.996709
0.649885
0.155518
-0.171089
-0.324074
-0.686847
-0.706707
-0.678517
-0.566557
-0.571553
-0.475495
-0.804645
-0.962137
-1.136868
-1.076343
-0.951897
-0.733680
-0.321445
-0.306744
-0.233368
0.097066
0.540714
0.460191
0.885807
0.948105
0.716018
0.410951
0.547558
0.389627
0.504711
0.556677
0.394465
0.488056
0.859435
0.648296
0.689294
0.661286
0.588837
0.237887
0.332778
0.324059
0.122142
-0.207873
-0.495770
-0.668159
-0.892809
-0.818531
-0.804268
-0.875253
-1.091591
-1.296647
-1.368638
-1.404283
-1.243860
-0.937100
-0.728697
-0.293953
0.015497
0.258039
0.166469
0.919237
0.779167
1.132003
1.656131
1.843300
1.245041
1.330321
0.943715
0.430388
0.463703
0.487089
0.450805
0.143036
-0.029038
-0.381725
-0.772631
-1.011145
-1.265786
-1.420451
-1.284203
-1.101403
-1.085288
-0.934454
-1.022626
-1.168058
-1.029666
-0.473692
0.174577
0.702567
0.978333
0.934994
0.428109
0.067189
-0.142113
-0.200284
-0.157343
0.361252
0.394106
0.856452
1.371106
1.381322
1.027997
0.932941
0.373072
-0.085936
-0.099333
-0.357902
-0.687166
-0.324513
-0.720262
-1.014930
-1.205252
-1.043093
-0.992775
-0.560205
-0.320756
-0.219008
-0.286553
-0.858411
-0.940675
-0.963433
-0.716617
-0.087641
0.481690
0.475755
0.585277
0.644519
0.636472
0.272749
0.264392
0.306119
0.220774
0.136763
0.192023
0.518112
0.753465
0.813590
0.505395
0.458229
0.046914
-0.354928
-0.490266
-0.346600
-0.519352
-0.521443
-0.489545
-0.266453
-0.273103
-0.305388
-0.125302
-0.208764
-0.272854
-0.606519
-0.606978
-0.565558
-0.574371
-0.456415
-0.042364
0.401784
0.502224
0.787800
0.815056
0.784785
0.729562
0.666943
0.664478
0.627402
0.351018
0.361033
0.087897
0.035950
-0.017742
-0.097099
-0.121633
-0.185856
-0.222584
-0.440842
-0.357849
-0.405782
-0.350401
-0.322215
-0.417591
-0.206812
-0.217757
-0.196409
-0.153774
0.165223
0.224223
0.076876
0.357339
0.453651
0.503461
0.517982
0.487360
0.286439
0.034438
-0.251551
-0.178196
-0.231800
-0.023236
-0.108063
-0.094612
-0.308786
-0.229303
-0.247142
-0.260655
0.063060
0.274491
0.149182
0.087793
0.088266
-0.190306
-0.734348
-0.858399
-1.018856
-0.820717
-0.584649
-0.154938
0.327746
0.569232
0.579618
0.708398
0.863684
0.920478
0.344861
-0.034448
-0.161273
-0.380949
-0.511964
-0.101141
0.355023
0.354681
0.472523
0.511749
0.500985
0.453604
0.451660
0.252861
0.084869
0.077885
0.156618
-0.015612
-0.002509
-0.055252
-0.240385
-0.392805
-0.515320
-0.421253
-0.337218
-0.134432
0.036179
0.347671
0.475467
-0.145244
0.122978
0.196308
0.093097
0.143330
0.737656
0.682527
0.487744
0.470380
0.354016
0.456928
0.350358
-0.177249
-0.013287
0.101327
-0.401166
-0.355230
0.141756
0.021683
-0.238286
-0.114770
-0.542723
-0.887205
-0.804386
-0.777038
-0.398098
-0.034146
0.316714
0.300650
0.369329
0.430505
0.128519
-0.110668
-0.027570
0.004294
0.147109
0.221194
0.624882
0.578926
0.303664
0.179156
0.394380
0.332577
-0.127659
-0.270974
-0.229032
-0.666515
-1.047038
-0.695914
-0.239641
-0.661642
-0.855673
-0.455962
-0.632480
-0.677416
-0.485053
0.027745
-0.001310
0.130469
0.163336
0.199338
0.302944
0.305986
0.276769
0.421692
0.562954
0.561661
0.490510
0.513097
0.403255
0.343409
0.234542
0.145790
0.302871
0.326926
0.349750
0.704550
0.735246
0.727170
0.537690
0.438087
0.350693
-0.364163
-0.396951
-0.949783
-0.917197
-0.990051
-1.025088
-1.227783
-1.281246
-0.985399
-1.069660
-0.270498
-0.004929
0.246810
0.316162
-0.178616
0.071453
0.175318
0.622778
0.463057
0.878737
0.605352
0.406592
-0.128508
-0.059288
0.047027
0.323461
0.289387
0.873996
0.740163
0.677905
0.530721
-0.135720
-0.142000
-0.328673
-0.419158
-0.469244
-0.795775
-0.860764
-1.762864
-1.994412
-2.070823
-1.141582
-0.875660
0.040216
0.722211
0.767094
0.824750
0.654061
0.675322
0.573098
0.537962
1.015178
1.369036
1.378972
1.150226
1.101781
1.057381
0.627747
0.648574
0.935069
0.959223
0.845161
0.539310
0.401932
-0.065282
-0.306946
-1.420195
-1.374775
-1.220362
-1.641236
-1.970046
-1.103078
-1.437423
-1.471303
-0.934663
-0.093592
0.057973
0.389149
0.306956
0.265344
0.430361
0.095383
0.225290
0.264930
0.347108
-0.078372
-0.045928
0.447731
0.952362
1.092553
1.438934
1.404462
1.660261
1.136204
0.925111
0.423165
-0.081229
-0.789800
-1.127894
-1.173804
-1.116325
-0.687119
-0.699435
-0.364216
-0.142156
-0.086020
0.038176
0.322348
-0.330213
-0.508964
-0.469987
-0.051953
0.099378
1.086566
1.538243
1.687169
1.563989
1.316771
1.141495
0.931302
-0.100147
-0.103707
-1.160129
-0.906332
-0.727441
-0.509883
-0.724675
0.063279
-0.325786
-0.799073
-0.258091
-0.336383
-0.803257
-0.748506
-0.713770
-0.553327
-0.508716
0.029956
0.158450
0.151093
0.137313
-0.035322
-0.830634
-0.749836
-0.636164
-0.434770
-0.317888
0.904368
1.242721
1.277463
1.324032
1.350677
1.188541
0.671747
0.647499
0.718838
0.686926
0.661382
0.424596
0.455495
0.179278
-0.066761
-0.438930
-0.613971
-0.764045
-1.150882
-1.222597
-0.971624
-0.783096
-0.624612
-0.410509
0.099909
0.160145
0.367617
0.556180
0.628335
0.644554
0.430412
0.313357
0.124538
0.042856
-0.000554
0.082040
0.311285
0.434907
0.490095
0.506544
0.505124
0.374314
0.031126
-0.065613
-0.241327
-1.180716
-1.043090
-1.841831
-1.575900
-1.411248
-0.697292
-0.688067
0.212110
0.254549
0.074445
0.230126
0.275123
0.572782
0.607565
0.708451
1.018317
0.972051
0.804338
0.665550
0.417497
0.143076
-0.051430
-0.217193
-0.163994
-0.154501
-0.153903
-0.273669
0.052413
0.109910
0.031011
0.065481
-0.057396
-0.245916
-0.387813
-0.094016
0.157002
-0.512865
-0.473625
-0.712663
-0.658271
-0.652518
0.112874
0.323197
0.637554
0.674754
0.390731
0.444017
0.290306
0.131915
0.481123
0.413764
0.776666
0.799424
0.722371
0.408542
0.570734
0.234625
-0.080000
-0.079540
-0.112274
0.051551
0.062414
-0.266922
-0.253681
-0.360375
-1.044094
-0.967299
-0.732606
-0.666979
-0.805785
-0.508525
-0.510987
-0.297566
0.135816
0.578902
1.049061
1.424469
1.314844
1.231436
0.515424
0.160914
-0.215492
-0.078032
-0.490654
-0.310099
-0.120571
-0.115551
-0.058492
0.111490
-0.051254
-0.101294
-0.537955
-0.526584
-0.668497
-0.392220
-0.584098
-0.306439
-0.449261
-0.612521
-0.351791
-0.075441
0.116977
0.639410
1.161748
1.288968
0.908554
0.680492
0.594350
0.517810
0.279219
0.402642
0.699834
0.444784
0.104725
0.219579
0.224371
0.183825
-0.084769
-0.172814
-0.327315
-0.185536
-0.243821
-0.336605
-0.128502
-0.127281
-0.138649
-0.236551
-0.383898
-0.456871
-0.830536
-1.196834
-1.126755
-0.618030
-0.366833
-0.069710
0.506862
0.773227
0.436834
0.334730
0.351772
0.287356
0.375534
0.963799
1.296970
1.465529
1.343789
0.877405
0.677162
0.537870
0.138719
0.083459
-0.135187
-0.383884
-0.585647
-0.297244
-0.407395
-0.334194
-0.449631
-0.788535
-0.907963
-0.988859
-1.083437
-1.012338
-1.049338
-1.089669
-0.838632
-0.372124
-0.024996
0.302794
0.592514
0.473130
0.812257
0.971911
0.891190
0.771448
0.726142
0.763768
0.368599
0.402234
0.433219
0.692401
0.338999
0.275440
0.165356
-0.014771
-0.212948
-0.435795
-0.396066
-0.487498
-0.575974
-0.799201
-0.915324
-1.212066
-0.968588
-0.955318
-0.817012
-0.616356
-0.542552
-0.504630
-0.337108
0.034925
0.184034
0.637122
0.900742
1.072156
1.297777
1.358334
1.262631
1.120973
1.055208
0.624841
0.469991
0.211226
-0.022177
-0.202737
-0.412989
-0.626642
-0.553009
-0.659341
-0.844689
-0.935762
-0.723293
-0.563718
-0.657115
-0.518774
-0.439885
-0.627521
-0.890491
-0.622186
-0.248912
-0.093035
0.226459
0.607763
0.706245
0.465933
0.613874
0.570853
0.414866
0.396810
0.405370
0.264899
0.298232
0.370233
0.265478
0.323007
0.382210
0.602439
0.631186
0.365903
0.208296
0.013714
-0.355452
-0.770497
-0.829806
-1.078451
-1.123855
-1.420072
-1.229334
-0.940463
-0.728166
-0.627118
-0.363850
-0.289315
-0.077805
-0.060672
0.127075
0.262624
0.491048
0.628388
1.220865
1.613151
1.774683
1.571123
1.334269
0.871616
0.362091
0.050735
0.033024
-0.446743
-0.590562
-0.788100
-0.918281
-1.054653
-0.812982
-0.668383
-0.671954
-0.652482
-0.675590
-0.585911
-0.800481
-0.797480
-0.666711
-0.584977
-0.236009
0.324825
0.745203
0.995627
1.221049
1.055240
0.845030
0.612727
0.412776
0.412409
0.451571
0.455687
0.641504
0.524047
0.317716
0.112983
-0.089333
-0.312196
-0.116616
-0.051243
0.300231
0.331728
-0.026899
-0.291484
-0.381109
-0.743556
-0.957775
-0.695460
-0.850912
-1.032539
-1.107608
-0.772978
-0.406191
-0.176398
0.008580
0.054108
0.051788
-0.084243
0.374615
0.628976
1.100868
1.303444
1.270266
0.941576
0.755800
0.626120
0.388943
0.425338
0.426973
0.416507
0.000058
-0.340630
-0.704502
-1.036151
-1.281417
-1.292030
-1.281877
-1.250946
-1.016950
-0.811370
-0.349531
-0.110035
0.346848
0.519714
0.709631
0.618402
0.660302
0.588032
0.611254
0.554778
0.478695
0.555156
0.529443
0.517068
0.499617
0.221376
-0.010813
-0.259468
-0.551920
-0.656291
-0.771391
-0.723306
-0.595088
-0.475830
-0.425316
-0.373295
-0.419130
-0.568999
-0.313594
-0.012273
0.268315
0.515528
0.832882
0.900199
0.547620
0.477586
0.340933
0.325532
0.240865
0.162980
0.335879
0.448672
0.429132
0.405714
0.178309
0.098333
-0.012260
-0.201500
-0.587070
-0.549608
-0.598975
-0.721881
-0.685529
-0.471139
-0.368558
-0.591065
-0.421443
-0.216201
-0.125865
0.169326
0.717120
0.801587
1.028818
1.036100
1.081030
0.935498
0.861097
0.680967
0.428428
0.126496
-0.108991
-0.235088
-0.566738
-0.797281
-0.755979
-0.899250
-0.812287
-0.741462
-0.365758
-0.259112
-0.005693
0.249450
0.397432
0.501059
0.703668
0.474478
0.241221
-0.047451
0.048323
0.110426
0.456942
0.586091
0.655878
0.472483
0.066961
-0.220436
-0.475070
-0.552170
-0.471320
-0.437156
-0.432241
-0.406155
-0.581060
-0.853495
-1.074661
-1.026742
-0.927919
-0.601285
-0.357029
0.144322
0.371725
0.676154
1.197713
1.729215
2.150790
2.132237
1.897754
1.635921
0.907802
0.166497
-0.018901
-0.327639
-0.787659
-1.036939
-0.932881
-0.909921
-1.027983
-1.119616
-1.134983
-1.327108
-1.435062
-1.120918
-0.752195
-0.249269
0.042997
0.209289
0.342291
0.385034
0.290628
0.360692
0.408411
0.443268
0.407111
0.391772
0.417684
0.444505
0.600370
0.755409
1.037624
1.173355
0.995085
0.538274
0.047282
-0.283279
-0.772304
-1.011967
-1.051046
-1.084589
-1.230858
-1.288365
-1.021002
-0.684873
-0.482300
-0.335116
-0.119379
-0.177105
-0.329591
-0.236444
-0.268806
-0.215350
0.033513
0.280578
0.417940
0.706267
0.867736
0.956786
0.762688
0.781392
0.748039
0.826987
1.038366
0.952713
0.703148
0.372552
0.147904
-0.282227
-0.534868
-0.648202
-0.787489
-1.105383
-1.342669
-1.273853
-1.117298
-0.921259
-0.656024
-0.454378
-0.122561
-0.033168
0.157746
0.168721
0.431618
0.434215
0.606937
0.758223
1.027653
0.738628
0.590323
0.670711
0.327943
0.115768
0.008687
0.116960
-0.163257
-0.135484
-0.371947
-0.372871
-0.632915
-0.698254
-0.728740
-0.624765
-0.598121
-0.504435
-0.562504
-0.607862
-0.650546
-0.618892
-0.577011
-0.589612
-0.308579
-0.041463
0.380320
0.937848
1.199028
1.213463
1.425963
1.169487
1.050651
1.195342
1.277872
1.196607
1.194807
0.808696
0.403373
0.130740
-0.292686
-0.553544
-0.655496
-0.671187
-0.787048
-0.738285
-0.783883
-0.842057
-0.926508
-0.897245
-1.003138
-0.769807
-0.531057
-0.239771
-0.044347
0.178444
0.339588
0.310865
0.420641
0.541444
0.523167
0.598371
0.626091
0.560140
0.569206
0.773268
0.715397
0.721397
0.639617
0.463519
0.331541
0.158629
-0.064305
-0.115216
-0.300230
-0.512700
-0.814749
-0.946224
-1.213193
-1.318101
-1.188495
-0.937413
-0.877850
-0.848432
-0.490072
-0.558988
-0.300924
0.056809
0.695721
1.083255
1.464091
1.447409
1.435249
1.286843
0.917422
0.670293
0.465529
0.347164
0.112505
0.128734
-0.196174
-0.417329
-0.502846
-0.976232
-1.292374
-0.861408
-0.662134
-0.572158
-0.119132
0.167629
-0.173899
-0.061788
-0.044410
0.032030
0.051488
0.369287
0.006537
-0.065804
0.148633
0.314465
0.486165
0.839615
0.990607
0.967160
0.746070
0.418555
0.224036
-0.012527
-0.300268
-0.512943
-0.610946
-0.717622
-0.711653
-0.881741
-0.979667
-1.113169
-0.979812
-0.958221
-0.718866
-0.315848
0.165523
0.535471
0.964427
1.269637
1.251054
1.280979
1.207819
0.904320
0.579051
0.546821
0.357194
0.146458
0.101656
-0.114672
-0.363899
-0.585438
-0.661983
-0.846940
-0.822279
-0.857351
-0.832458
-0.729303
-0.649466
-0.459839
-0.277588
0.050445
0.159721
0.663664
0.956603
1.109429
1.063724
0.900695
0.768951
0.674442
0.397656
0.387071
0.419281
0.290439
-0.045077
-0.036633
-0.139689
-0.165338
-0.270087
-0.535084
-0.712592
-0.926733
-1.253565
-1.385345
-1.032244
-0.819324
-0.798637
-0.428758
-0.263858
-0.206515
-0.024596
0.596709
0.959191
1.287583
1.477938
1.519948
1.062756
0.733724
0.175330
-0.196540
-0.290329
-0.276867
-0.261265
-0.206446
-0.060186
-0.031210
-0.305428
-0.352963
-0.329768
-0.468696
-0.674059
-0.567985
-0.725347
-0.928274
-0.931553
-0.887250
-0.736925
-0.521505
-0.021843
0.315628
0.539976
0.922711
1.098029
1.138461
1.129666
0.946608
0.736706
0.445901
0.286214
0.182797
0.336309
0.363376
0.389693
0.455976
0.388214
0.237780
0.209492
0.172145
-0.023350
-0.320932
-0.524762
-0.802903
-0.982902
-1.202734
-0.960160
-0.855667
-1.022144
-0.935270
-0.582849
-0.727563
-0.722419
-0.504602
-0.228327
-0.086095
0.414540
0.660608
0.799951
1.028087
0.741055
0.413649
0.557355
0.609511
0.395796
0.383624
0.523187
0.368850
0.288293
0.170393
0.101969
-0.023153
-0.535311
-0.892206
-1.042274
-1.141950
-1.272293
-0.972979
-0.928465
-1.058938
-0.719743
-0.188719
0.156299
0.116518
0.643557
0.878126
0.474512
0.510024
0.852502
0.641241
0.218264
0.076005
-0.082908
-0.057526
-0.115802
0.126515
0.315002
0.184264
0.104839
-0.006787
-0.115201
-0.256649
-0.220456
-0.195382
-0.271001
-1.008928
-0.996345
-1.402001
-1.351354
-1.157954
-0.093631
0.273330
1.097422
1.408832
1.689240
1.643899
1.556548
1.089566
0.938382
0.619851
0.552401
0.585145
0.565208
0.362874
0.215779
0.051982
-0.148708
-0.076799
-0.042794
0.009423
-0.128730
-0.395590
-0.522765
-0.692088
-0.817805
-0.915323
-0.968247
-1.048569
-1.119015
-1.038870
-0.751468
-0.610348
-0.159000
0.028044
0.511958
0.678101
0.770113
0.641093
0.744920
0.767477
0.524495
0.618575
0.543983
0.536639
0.427344
0.265896
0.361353
0.392286
0.182932
0.041932
-0.090284
-0.175762
-0.675271
-1.049564
-1.218098
-1.139730
-1.167677
-0.948303
-0.365863
-0.211281
-0.149965
0.157423
0.104686
0.265227
0.326289
0.528401
0.380344
0.550025
0.523844
0.365020
0.395473
0.359044
0.389950
0.454144
0.443945
0.392137
0.520723
0.450247
0.247053
0.145513
0.112879
-0.312864
-0.161123
-0.190249
-0.299782
-0.497022
-0.712787
-0.635663
-0.959432
-0.860810
-0.591849
-0.356304
-0.398970
-0.252761
0.122669
0.313108
0.645533
0.931686
1.056019
0.954927
0.503980
0.212220
0.183436
0.253415
0.264168
0.357236
0.514736
0.245742
0.011679
-0.069642
-0.233738
-0.301825
-0.625203
-0.674933
-0.761361
-0.829024
-0.794274
-0.786853
-0.519415
-0.473752
-0.310652
-0.139272
0.040598
0.339006
0.484563
0.662720
0.681112
0.648534
0.573705
0.436356
0.560020
0.596908
0.594907
0.378263
0.201625
0.187113
-0.074636
-0.058630
0.019713
0.087170
0.014083
-0.100027
-0.030751
-0.188600
-0.267358
-0.477774
-0.618470
-0.571671
-0.783798
-0.879988
-0.634974
-0.537565
-0.403660
-0.435477
-0.174575
-0.270443
0.206410
0.170888
0.740570
0.922722
1.092360
1.233012
1.223906
1.096646
0.795411
0.551826
-0.018979
-0.311260
-0.561809
-0.654271
-0.815916
-0.741297
-0.476505
-0.254977
-0.173182
0.009337
0.083600
0.079198
-0.195354
-0.106081
0.091508
0.124805
0.208562
0.241840
0.280903
0.145103
0.361172
0.403792
0.646348
0.953873
1.041026
0.898123
0.776297
0.463703
0.150109
-0.163741
-0.374196
-0.540679
-0.341117
-0.637542
-0.842104
-1.259992
-1.375210
-1.678362
-1.413538
-1.108225
-0.474068
-0.253433
0.211578
0.405508
0.516823
0.645005
0.736513
0.728099
0.563848
0.499903
0.470283
0.448774
0.306168
0.269468
0.342412
0.174900
-0.074043
-0.241990
-0.348769
-0.561739
-0.905650
-1.039086
-1.119492
-1.178661
-0.800122
-0.269148
0.231834
0.697470
1.098209
0.930579
0.744808
0.545736
0.427506
0.412763
0.507609
0.565943
0.655549
0.391334
0.165147
-0.009981
-0.121560
-0.449929
-0.615286
-0.739098
-0.827457
-0.955472
-0.773788
-0.700521
-0.453620
-0.415580
-0.098288
0.145647
0.599833
0.714408
0.931127
0.824764
0.542569
0.314250
0.235243
0.033750
0.106795
0.266043
0.278679
0.238046
0.144369
0.009307
-0.525515
-0.762342
-0.997291
-0.954023
-0.856335
-0.432164
-0.244274
-0.332181
-0.154018
-0.120071
-0.116596
0.273980
0.742619
1.118949
0.995168
1.114443
1.065538
1.221582
0.867653
1.038158
1.080407
0.988001
0.606758
0.388293
-0.022718
-0.206834
-0.661181
-0.817518
-0.670947
-0.600623
-0.459154
-0.170840
0.045014
0.079799
-0.239179
-0.633241
-1.121769
-1.104324
-1.315050
-0.926613
-0.516323
-0.039231
0.159199
0.424923
0.650024
0.705292
1.101134
1.168972
0.976048
0.949351
0.761423
0.360149
0.045220
0.228022
0.454688
0.549368
0.528772
0.569062
0.343107
-0.069753
-0.434158
-0.634328
-1.056146
-1.266250
-1.320248
-1.308052
-1.139964
-0.966129
-0.460060
-0.147292
-0.009758
-0.049789
0.070504
0.018293
0.073361
0.392021
0.730700
0.929782
1.058062
1.000698
0.808789
0.493833
0.310439
0.093069
-0.238062
-0.308365
-0.407443
-0.465477
-0.428324
-0.420206
-0.405244
-0.550965
-0.709816
-0.997324
-1.028337
-1.015216
-0.824716
-0.465162
-0.226383
-0.037411
0.306602
0.578811
0.703470
0.861040
1.063582
1.020967
0.823137
0.772556
0.670047
0.484854
0.341496
0.456765
0.404072
0.409778
0.454791
0.151606
-0.169344
-0.460525
-0.695620
-1.032042
-1.338249
-1.305742
-1.272558
-1.283023
-1.011458
-0.549685
-0.260597
0.022090
0.395100
0.504274
0.667592
0.630860
0.592889
0.521299
0.389454
0.315822
0.379420
0.402065
0.062848
0.076121
0.255103
0.300823
0.212646
0.527379
0.603751
0.467411
0.466722
0.615924
0.269823
0.059506
-0.505604
-0.772290
-1.370642
-1.489219
-1.303313
-0.955790
-0.765557
-0.473098
0.056997
0.123565
0.220239
0.314340
0.395984
0.392037
0.523897
0.816485
0.838580
0.686797
0.556064
0.328624
0.144202
-0.007278
-0.030551
-0.122569
-0.379312
-0.429645
-0.736873
-0.731509
-0.602863
-0.519455
-0.352396
-0.217918
0.215676
0.340277
0.372563
0.346366
-0.004277
0.051242
-0.082734
0.058738
0.123618
0.542542
0.371101
0.207755
0.183167
-0.055826
-0.200186
-0.333697
-0.354185
-0.311294
-0.673878
-0.573883
-0.494407
-0.644221
-0.556584
-0.284837
-0.072685
-0.018682
0.162453
0.221811
0.433923
0.558320
0.440973
0.406133
0.443293
0.321843
0.313500
0.124695
0.415687
0.363122
0.191192
0.155610
0.118871
0.108928
-0.131421
0.025075
-0.038456
0.142104
-0.078171
-0.200595
-0.083295
-0.108216
-0.138182
-0.041761
-0.087151
0.041693
-0.195933
-0.265672
-0.100278
0.093877
-0.110767
0.057902
0.352321
0.302117
0.211989
0.374973
0.017410
-0.214493
-0.567543
-0.694390
-0.853037
-0.761334
-0.406490
-0.434580
0.077043
0.340770
0.423082
0.399913
0.520423
0.499028
0.106004
0.167209
0.030179
0.122165
0.160001
0.283286
0.390999
0.320505
0.324754
0.089922
0.041712
0.030026
-0.172796
-0.282706
-0.164378
-0.257269
-0.306449
-0.424748
-0.309047
-0.480688
-0.600846
-0.294731
0.099555
0.391391
0.244900
0.459563
0.269830
-0.061267
0.003104
0.071571
0.273571
0.382813
0.564400
0.366516
0.378803
0.295212
-0.038464
-0.164985
-0.257464
-0.406150
-0.393943
-0.577999
-0.530096
-0.468191
-0.408358
-0.384177
-0.207615
0.238773
0.173157
0.381249
0.716759
0.706391
0.788758
0.533725
0.505442
0.095856
0.046615
0.033012
-0.038110
0.075959
-0.271020
-0.164460
-0.146463
0.099695
0.013792
0.347352
0.588358
0.308380
0.369528
0.423687
0.353403
0.212010
-0.287216
-0.718070
-0.768750
-1.244002
-1.274886
-0.942332
-0.631274
-0.774435
-0.282486
-0.321160
-0.572760
-0.134513
-0.114566
0.105295
0.330123
0.380385
0.454039
0.519998
0.613035
0.711441
0.906270
0.425166
0.349581
0.114760
-0.446754
-0.723734
-0.669418
-0.865937
-0.847101
-1.103143
-0.909204
-0.868087
-0.782259
-0.665344
-0.063996
0.164528
0.054001
0.138191
0.097533
0.232279
0.411393
0.461153
0.844490
1.004750
0.806298
0.780472
1.036478
0.751304
0.318219
0.207628
0.023374
-0.239262
-0.190438
-0.281513
-0.283751
-0.436469
-0.675060
-0.526409
-0.454168
-0.483859
-0.631662
-0.640074
-0.962782
-0.698992
-0.604373
-0.353213
0.020528
0.239434
-0.017177
0.004930
-0.179003
-0.090206
-0.235495
-0.153488
0.234078
0.511301
0.758226
0.795118
1.253658
1.341195
1.136206
0.715416
0.852851
0.674318
0.103475
0.021638
-0.060664
-0.458905
-0.715080
-0.763486
-0.685715
-0.653921
-0.631905
-0.674131
-0.891133
-0.590978
-0.776183
-0.765235
-0.706323
-0.429718
-0.356453
-0.226838
0.418690
0.792636
0.862842
0.642432
0.734638
0.600411
0.350802
0.509938
0.689237
0.720803
0.462495
0.102702
0.082951
-0.004012
-0.176074
-0.268718
-0.149165
-0.179718
-0.554470
-0.594326
-0.510400
-0.476903
-0.336443
-0.480488
-0.436622
-0.249273
-0.379700
-0.267231
0.104135
0.496834
0.446414
0.796619
0.816369
0.890609
0.867703
0.642268
0.636897
0.478554
0.411236
0.097579
0.061369
0.032249
-0.180489
-0.559893
-0.502815
-0.436273
-0.450538
-0.642164
-0.211822
-0.145948
-0.299290
-0.270372
-0.196007
-0.098813
-0.284976
-0.190719
0.013419
-0.097113
0.031977
0.170427
0.558744
0.485546
0.589425
0.560573
0.669888
0.663472
0.473337
0.709130
0.369594
0.305281
0.230813
-0.105302
-0.165896
-0.096829
-0.173944
-0.383692
-0.333588
-0.316389
-0.481160
-0.587723
-0.780927
-0.849811
-0.854967
-0.973484
-0.585932
-0.131964
0.248836
0.363005
0.781998
0.944479
0.715516
0.660003
0.667933
0.533621
0.322652
0.259223
0.519383
0.607121
0.455697
0.274244
0.061889
-0.112039
-0.448584
-0.474436
-0.487195
-0.429171
-0.526553
-0.300559
-0.092912
-0.111956
-0.181409
-0.164896
-0.461014
-0.394129
-0.483636
-0.355765
-0.318324
-0.260889
-0.229324
-0.224348
0.115732
0.236304
0.224382
0.232001
0.361260
0.322654
0.289576
0.551803
0.654138
0.859795
0.905313
0.559779
0.544857
0.436463
0.025958
-0.128058
-0.109492
-0.339746
-0.692811
-0.724108
-0.816456
-0.861467
-0.706895
-0.425870
-0.020528
0.264217
0.386565
0.525317
0.358866
0.434621
0.052713
0.067762
0.127975
0.200686
0.144490
0.104243
0.251561
0.092669
-0.088748
-0.205562
-0.193505
-0.119691
-0.187373
-0.056814
-0.037911
0.089477
0.020530
-0.101802
0.054575
0.036033
-0.095310
0.000688
0.097179
0.319330
-0.110430
-0.274271
-0.285201
-0.546284
-0.795078
-0.793823
-0.356642
-0.394052
0.116618
0.420900
0.487980
0.667684
0.708290
0.623056
0.443824
0.789757
0.443778
0.369040
0.220748
0.041870
-0.344548
-0.200222
-0.623194
-0.685769
-0.649337
-0.332929
-0.379627
-0.360257
-0.149729
-0.355213
-0.270359
-0.208739
0.415358
0.487431
0.548274
0.769622
0.739942
0.498009
0.581237
0.581237
0.468967
0.345060
0.484507
0.372125
0.457460
0.245342
0.091579
-0.112877
-0.564106
-0.649440
-0.499695
-0.477874
-0.416109
-0.192047
-0.008295
-0.098314
-0.135847
-0.068022
-0.046544
0.084170
-0.090867
0.014902
-0.013088
-0.138818
-0.166885
-0.169638
0.105298
0.151564
0.176013
0.150244
0.208702
0.293540
0.106564
0.165740
0.170964
0.100505
0.041093
-0.064461
0.102741
0.048764
0.028755
-0.050002
-0.085533
-0.196562
-0.517726
-0.572710
-0.580117
-0.432649
-0.326730
-0.167303
0.243221
0.353470
0.328816
0.403214
0.390751
0.375396
-0.015093
-0.135240
-0.179994
-0.202428
-0.376911
-0.213316
0.142136
0.134691
0.225347
0.394348
0.419309
0.394864
0.371014
0.467362
0.411033
0.254591
0.222982
-0.057604
-0.260148
-0.509277
-0.461167
-0.515990
-0.552838
-0.288583
-0.303981
-0.317208
-0.240535
-0.141017
-0.081224
-0.092981
0.289469
0.433660
0.576502
0.643757
0.746887
0.667813
0.237544
0.061269
-0.229419
-0.223246
-0.272127
-0.126651
0.137145
0.326095
0.331766
0.258640
-0.069234
-0.290291
-0.633172
-0.786586
-0.772958
-0.594178
-0.346973
-0.325140
0.072063
0.210171
0.235980
0.136531
0.277823
0.345686
0.078456
0.168033
0.230517
0.170237
0.145120
0.114012
0.365652
0.470012
0.420780
0.385311
0.314181
0.079094
-0.359827
-0.479669
-0.646814
-0.610667
-0.640157
-0.520100
-0.322615
-0.101805
-0.085068
0.145378
0.089883
0.347371
-0.020261
-0.030864
-0.195719
-0.163993
-0.107722
-0.015436
0.060296
0.207842
0.337087
0.401198
0.297336
0.646025
0.442795
0.492768
0.203312
0.178984
-0.116772
-0.217729
-0.006498
0.178315
0.072932
-0.013441
0.002372
-0.271891
-0.741332
-0.731940
-0.680497
-0.823187
-0.716818
-0.439689
-0.295108
-0.351342
-0.005403
0.194415
0.024380
0.336088
0.364223
0.259597
0.217181
0.231543
0.510627
0.558119
0.795996
0.865103
0.956692
0.341639
0.126774
-0.039797
-0.504625
-0.605709
-0.802408
-0.894257
-0.938203
-0.954560
-0.942720
-0.717642
-0.591331
-0.548031
-0.477117
-0.396858
-0.187009
0.142550
0.531000
0.721402
0.834499
0.832468
0.875032
0.561613
0.522973
0.677463
0.369653
1.100596
0.913225
0.771273
0.148512
0.153928
-0.553330
-0.579016
-0.410312
0.105327
0.261942
-0.310054
-0.250810
-0.493884
-0.832333
-1.100333
-0.843347
-0.919383
-0.370854
-0.210207
-0.157498
-0.044547
0.103886
-0.294945
0.335398
0.374501
0.303536
0.220974
1.183178
0.400310
1.547636
1.680970
1.406721
0.180472
0.443617
-0.811527
-0.988049
-0.722401
-0.595214
-0.694175
0.122134
0.085029
-0.120945
-0.104268
-0.197009
-0.763227
-0.620342
-0.431226
-0.319106
-0.051502
0.029591
0.016890
0.042741
0.206092
0.323409
0.569113
0.452292
0.321698
0.154402
-0.243418
-0.559131
0.072302
0.346494
0.498949
0.550684
0.528063
-0.163875
-0.361798
-0.808872
-0.246683
-0.221966
0.335441
0.179597
0.731443
-0.225670
-0.360005
-0.941064
-0.854587
-1.213566
-0.796227
-0.584042
-0.349409
-0.108434
0.497359
0.677357
1.030594
0.899908
0.813414
0.304475
0.182604
-0.242374
-0.074249
0.252918
0.572734
0.605377
0.695419
0.607800
0.064238
-0.194225
-0.212141
-0.493275
-0.633288
-0.594266
-0.709669
-0.898957
-0.832737
-0.832837
-0.503577
-0.176942
-0.089710
0.035129
0.190788
0.280793
-0.074536
0.205724
0.105821
0.312260
0.280257
0.578229
0.542024
0.897755
0.768310
0.677133
0.539652
0.560203
0.176205
0.257794
-0.052006
-0.144245
-0.351738
-0.096293
-0.214087
-0.314227
-0.230986
-0.337957
-0.555997
-0.410580
0.248617
0.100608
0.117656
0.116494
-0.202157
-0.657713
-0.609648
-0.388622
-0.296361
-0.087538
0.048084
0.043244
-0.009404
0.024529
-0.093877
0.007744
0.223610
0.153770
0.386485
0.380455
-0.027113
-0.394393
-0.554381
-0.469355
-0.584418
-0.458293
-0.229036
0.319882
0.408055
1.033489
1.118718
0.934090
1.000913
0.470190
-0.024514
0.017570
0.249802
0.292288
0.382086
0.315277
0.209683
-0.005249
-0.688077
-0.736477
-0.643979
-0.676570
-0.688574
-0.552419
-0.359510
-0.501073
-0.401271
-0.478738
-0.622751
-0.733285
-0.657609
-0.421785
-0.150120
0.146195
0.234703
0.606516
0.594867
0.578238
0.651136
0.529516
0.172242
0.048084
0.130878
-0.199794
-0.460375
-0.540519
-0.709202
-0.659788
-0.284555
-0.005430
0.298500
0.729390
0.864172
0.699124
0.594011
0.570872
0.608528
0.339655
0.368001
0.522201
0.373446
-0.092165
-0.362887
-0.567948
-0.685204
-0.781975
-0.634504
-0.568002
-0.619389
-0.483300
-0.289388
-0.607617
-0.482688
-0.362996
-0.329760
0.041475
0.778761
0.786971
0.834489
0.578298
0.288292
-0.258981
-0.329339
-0.146872
-0.092317
-0.054291
0.071382
0.423796
0.491419
0.831224
0.780779
0.576794
0.454545
0.292442
0.126601
0.110415
0.040346
-0.257045
-0.510220
-0.564664
-0.704542
-0.681541
-0.251729
-0.184518
-0.038384
-0.291665
-0.014107
-0.384455
-0.288335
0.166947
0.730155
0.601016
0.724311
0.775758
0.138064
-0.183182
-0.133088
-0.232529
-0.381748
-0.313136
-0.373444
-0.456277
-0.392945
-0.202356
-0.112086
-0.186588
-0.102033
-0.194019
-0.038306
-0.260925
-0.194938
0.005585
0.029603
0.095868
0.077064
0.332323
0.356797
0.308607
-0.094658
-0.035583
0.260567
-0.061476
-0.138603
0.401880
0.423066
0.086966
0.111141
0.314763
0.187377
0.096504
-0.029137
-0.253428
-0.056259
-0.533213
-0.618751
-0.424582
-0.427848
-0.471040
-0.461909
-0.036438
-0.026515
0.217508
0.355039
0.510506
0.447178
0.132469
0.104308
-0.043511
-0.032872
0.166629
0.225689
0.574608
0.692496
0.675321
0.353633
0.201344
0.089920
-0.341668
-0.462000
-0.413786
-0.531488
-0.467334
-0.609241
-0.404129
-0.426231
-0.320639
-0.493275
-0.298402
-0.307946
-0.460038
-0.313491
0.106815
0.140908
0.440907
0.414668
0.992573
0.966729
0.944494
0.750609
0.798319
0.379882
-0.177692
-0.098525
-0.142730
-0.146345
-0.149267
-0.225873
-0.181264
-0.292076
-0.489873
-0.634600
-0.833353
-0.835276
-0.916411
-0.654396
-0.472847
-0.192099
-0.309206
-0.256495
0.148268
0.403426
0.419980
0.727268
0.663509
0.532241
0.058594
0.042428
-0.082618
0.087214
-0.079964
-0.103570
0.035700
0.000749
-0.190736
0.098270
-0.029637
0.355911
0.097263
-0.018039
-0.516514
-0.407138
-0.556530
-0.463313
-0.257734
-0.139915
0.228925
-0.011944
0.381543
0.683181
0.929128
0.599007
0.805761
0.486829
0.528287
0.173140
0.278761
0.080044
-0.020359
-0.327768
-0.426187
-0.708842
-1.001711
-1.092164
-0.823296
-0.924505
-0.755124
-0.416448
-0.010698
-0.173294
0.224438
0.555813
-0.098298
-0.145765
-0.100946
-0.038420
0.054237
0.914713
1.060913
1.178101
1.180073
1.007112
0.899827
0.715808
0.485992
0.406916
0.467499
0.504158
0.345552
0.355164
0.231689
-0.030027
-0.350384
-0.435731
-0.549490
-0.640429
-0.691526
-0.584226
-0.517674
-0.488677
-0.457789
-0.582621
-0.723849
-0.214863
-0.040120
0.187367
0.493087
0.727795
0.401991
0.191138
0.142316
0.207358
0.376918
0.388798
0.652759
0.749013
0.438536
-0.012552
0.009945
-0.310329
-0.523220
-0.671189
-0.536108
-0.541066
-0.497255
-0.545904
-0.624052
-0.708719
-1.044801
-1.125225
-0.932421
-0.563738
-0.144913
0.326395
0.969740
1.264338
1.361167
1.022983
0.906727
0.623127
0.136609
-0.095764
-0.081476
-0.340675
-0.487269
-0.475602
-0.336237
-0.367755
-0.482198
-0.907100
-1.114829
-1.047566
-0.639228
-0.279318
0.370059
0.810781
1.074542
0.905817
0.917884
0.805581
0.681655
0.568062
0.584649
0.666013
0.610772
0.644765
0.550961
0.331816
-0.079247
-0.401170
-0.478519
-0.485208
-0.496151
-0.321929
-0.300888
-0.534185
-0.846353
-0.897382
-0.980249
-0.911045
-0.584557
-0.151510
0.197229
0.518471
0.723534
1.050348
1.041049
0.837470
0.839344
0.899654
0.492791
0.283727
0.170427
-0.204696
-0.489344
-0.577131
-0.509095
-0.634603
-0.412094
-0.483829
-0.500824
-0.684867
-0.427571
-0.850455
-0.637144
-0.451891
-0.380497
-0.365697
-0.070410
0.621423
1.083451
1.599662
1.814694
2.074326
1.324529
0.694023
0.690729
0.349741
0.606377
1.191460
1.455420
1.500730
1.652960
1.169587
0.785541
0.725968
0.206975
0.105879
-0.695599
-1.110908
-1.231102
-1.251550
-1.384881
-0.557044
-0.295121
-0.228595
-0.132353
0.053622
0.221958
-0.454708
-0.649738
-0.408156
-0.234685
-0.136512
0.689934
1.137600
0.850681
0.003983
-0.105470
-0.132279
-0.118913
0.001885
0.819252
0.868184
0.870897
0.649376
0.610378
0.597496
0.442563
0.520570
0.384530
0.216181
-0.463565
-0.403219
-0.529823
-0.575150
-1.044792
-1.024598
-1.482052
-1.402356
-1.216391
-0.879616
-0.184425
0.369726
0.376866
0.462802
0.930272
0.949897
0.575882
0.250337
0.156326
-0.038494
-0.155830
0.113085
0.363902
0.346955
0.213694
0.171993
-0.022670
-0.355867
-0.593589
-0.698480
-0.942144
-1.013693
-0.667869
-0.355307
-0.063131
0.254020
0.574424
0.625986
0.414794
0.447887
0.273631
0.132494
0.149830
0.124045
0.093579
0.039076
0.120594
0.029870
0.268904
0.277966
0.514612
0.407545
0.189319
-0.111684
-0.435048
-0.748020
-0.920026
-0.896487
-0.971626
-1.016344
-1.002283
-0.941382
-0.695909
-0.593475
-0.204569
0.133245
0.543663
0.627227
0.964163
1.038751
1.006788
0.885935
0.824974
0.729701
0.603222
0.834097
0.683157
0.547690
0.311288
0.191347
-0.166812
-0.134062
-0.272781
-0.274200
-0.304504
-0.402209
-0.434412
-0.397654
-0.343519
-0.300621
-0.229794
-0.035137
0.245910
0.500676
0.701938
0.914562
0.482525
0.439358
-0.128995
-0.329202
-0.816918
-0.654319
-0.593814
-0.408744
-0.336432
-0.238163
-0.135211
-0.349405
-0.418278
-0.353123
-0.442965
-0.470665
-0.376879
-0.015018
-0.102974
0.308762
0.350867
0.410318
0.559281
0.749492
0.788138
0.842724
0.864849
0.912686
0.766901
0.694049
1.079884
1.051512
0.551800
0.508505
0.087871
-0.863848
-1.063161
-1.141579
-1.335666
-1.153995
-0.779088
-0.759565
-0.099221
-0.072941
-0.098867
0.055434
0.177106
-0.140127
0.309169
0.378859
0.384138
0.523306
0.558780
0.325059
0.605209
0.474720
0.569151
0.376974
0.630532
0.254351
0.469468
0.161596
0.348599
-0.116803
-0.060815
-0.262496
-0.466705
-0.675972
-0.836553
-0.734963
-0.881121
-1.033497
-1.109820
-1.135626
-1.063549
-0.767440
-0.236889
0.140586
0.506209
0.647388
0.575623
0.650378
0.814133
1.125652
1.370106
1.454145
1.359502
1.077273
0.768382
0.398723
0.279768
-0.022869
-0.323724
-0.479151
-0.673233
-0.840909
-0.809546
-0.692132
-0.706717
-0.829462
-0.786821
-0.775829
-0.647275
-0.408500
-0.137017
0.102089
0.237087
0.170315
-0.331647
-0.198134
-0.492934
-0.294018
-0.292037
0.528313
0.326430
0.562069
0.412395
0.568522
0.304446
0.660963
0.867348
0.716871
0.570795
0.254468
-0.612825
-1.375294
-1.453041
-1.465089
-1.487019
-0.975935
-0.576980
-0.601103
-0.420621
-0.101185
-0.069243
0.237126
0.311945
0.165893
0.109059
0.232693
0.441906
0.504862
0.723493
0.894122
1.092860
0.833218
0.930455
0.789106
0.245949
-0.268141
-0.407602
-0.694250
-0.768258
-0.795701
-0.575495
-0.595203
-0.642470
-0.679538
-0.828424
-0.982888
-1.216592
-1.116077
-0.888897
-0.552476
-0.186223
-0.040754
0.309827
0.370516
0.576629
0.842632
1.231875
1.239368
0.922008
0.712070
0.284495
-0.051097
-0.116812
-0.099097
0.139265
0.210231
0.274125
0.255246
-0.017082
-0.250171
-0.670404
-0.976728
-1.079619
-1.066475
-0.917359
-0.728882
-0.158600
0.110881
0.467292
0.754625
0.761687
0.853628
0.594081
0.666539
0.727574
0.877334
0.765754
0.701400
0.826045
0.609268
0.443396
0.346143
0.097346
-0.089116
-0.424775
-0.315268
-0.651192
-0.632562
-0.752745
-0.933944
-0.969092
-0.799127
-0.720144
-0.548933
-0.181863
-0.001640
-0.066307
0.100495
0.420776
0.329855
0.297571
0.537817
0.866914
0.668483
0.751199
0.912624
0.970626
0.971154
0.822009
0.700443
0.433641
-0.105541
-0.357197
-0.864553
-0.859332
-1.017860
-1.315459
-1.474505
-1.340326
-1.187749
-1.236449
-0.842806
-0.146391
0.543752
0.562845
0.179327
1.580014
2.181917
0.884748
1.011855
2.344922
