3.149991
3.149991
3.149991
1.967557
0.769285
-0.528556
-1.826397
-2.714791
-2.810781
-2.583624
-2.368164
-2.178047
-2.400062
-2.293035
-2.276284
-2.014120
-1.455194
-0.988504
-0.522180
-0.170918
-0.067215
-0.064783
0.077646
0.252971
0.293625
0.456303
0.413860
-0.004654
-0.213911
-0.782759
-1.526763
-1.790216
-1.471405
-1.382684
-1.201425
-0.771672
-0.703954
-0.875417
-0.586398
-0.014535
0.662527
0.932623
0.925907
0.826219
0.603991
0.289638
0.316946
0.824918
0.884813
0.830767
0.786549
0.284389
-0.126129
-0.419999
-0.461908
-0.672847
-0.727343
-0.936789
-1.123354
-0.906162
-0.427738
0.281317
1.075047
1.701433
1.718349
1.269290
0.979549
0.397294
-0.119883
-0.133138
-0.279927
-0.307906
-0.169732
-0.072158
-0.225047
-0.167652
-0.212139
-0.667668
-1.032332
-1.282964
-1.195545
-1.010294
-0.684220
-0.243074
0.020041
0.235508
0.175857
0.062338
-0.105480
-0.447485
-0.789412
-0.481641
0.293042
0.901407
1.400024
1.764937
1.384048
0.555467
-0.070011
-0.440659
-0.648743
-0.867916
-0.974932
-0.702837
-0.225563
0.001709
0.152309
0.411436
0.207052
-0.284144
-0.292364
0.203798
0.654288
0.902912
1.059706
0.829776
0.204533
-0.378336
-0.694580
-0.436523
-0.089333
0.180674
0.403607
0.310165
-0.153990
-0.752128
-1.053417
-0.962645
-0.371484
0.138270
0.508770
0.780106
0.666105
0.224105
-0.083622
-0.235978
-0.223718
-0.465012
-0.613054
-0.397413
-0.110224
0.110475
0.311879
0.540363
0.352051
0.153513
-0.029719
-0.078320
0.154351
0.190414
0.088929
0.224975
0.426006
0.734287
1.060043
1.572734
1.572762
1.503399
1.134577
1.041909
1.036240
0.870491
0.465216
0.132942
-0.564801
-1.218450
-1.764586
-1.661315
-1.681656
-1.591911
-1.509125
-1.279024
-1.071215
-1.028316
-0.777148
-0.585441
-0.577251
-0.520758
-0.516832
-0.349877
-0.288724
-0.167923
-0.097276
-0.033172
0.175683
0.077770
0.158927
0.191303
0.089815
0.022885
0.034849
0.314628
0.381293
0.416599
0.350691
0.141921
0.308773
-0.016774
-0.068797
-0.181030
-0.119288
-0.358811
-0.237067
0.084396
0.305103
0.275206
0.324429
0.238275
0.278551
-0.092557
-0.094826
-0.153730
-0.252962
-0.221286
-0.226074
0.022493
0.042930
0.034820
-0.057160
-0.136091
0.122625
-0.326667
-0.452668
-0.543970
-0.616687
-0.711643
-0.500523
-0.055915
0.058320
0.234496
0.181989
0.130674
0.124907
-0.248220
-0.405494
-0.409939
-0.322889
-0.085399
0.031964
0.427740
0.443608
0.463746
0.242818
0.274500
0.314292
-0.182299
-0.454715
-0.299290
-0.348714
-0.226377
0.057101
0.628276
0.570344
0.500124
0.349853
-0.001600
-0.253114
-0.594840
-0.553724
-0.508870
-0.190682
-0.237741
-0.387004
-0.143871
-0.285844
-0.426060
-0.237206
-0.221693
-0.299622
-0.425536
-0.284552
-0.149925
0.177190
0.423703
0.437661
0.673163
0.663752
0.308127
0.079367
0.155187
0.257733
-0.286260
-0.301423
-0.053344
-0.160471
-0.287829
-0.189038
0.142281
-0.023816
-0.216879
-0.166868
-0.269797
-0.286013
-0.405187
-0.096404
-0.169790
-0.049509
0.403514
0.348091
0.584316
0.746658
0.585398
0.305614
0.317885
0.070436
-0.379223
-0.282323
-0.309282
-0.320659
-0.131106
-0.054171
0.324640
0.316288
0.082573
0.075145
0.083530
0.029030
-0.384619
-0.322959
-0.127877
0.013075
0.043549
0.211193
0.629417
0.330275
-0.049354
-0.227894
-0.222084
0.002532
-0.111918
0.176622
0.399228
0.222421
-0.201960
-0.582059
-0.479482
-0.470592
-0.353595
-0.235193
-0.011603
0.139750
-0.085421
-0.009326
0.141185
0.148562
0.059192
-0.197474
-0.011632
-0.043704
-0.005738
0.097752
0.394010
0.399166
0.021107
-0.030316
-0.063696
-0.169081
-0.283563
-0.364581
0.092896
0.168031
0.186879
0.375911
0.595840
0.547857
0.200355
0.145069
0.013489
-0.256494
-0.341939
-0.160367
0.072262
0.215727
0.264474
0.162147
-0.255827
-0.251052
-0.586774
-0.521110
-0.341725
-0.119625
0.016700
-0.162019
0.227643
0.191514
0.024311
-0.068602
0.169088
0.044990
-0.091304
0.169332
0.156810
-0.002920
0.093674
0.083338
0.212914
0.211662
0.317532
0.315829
0.145453
0.165723
-0.181852
-0.313427
-0.273815
-0.159394
-0.042809
-0.093475
0.219830
0.183812
0.284596
0.113521
0.096569
0.152330
-0.299081
-0.675842
-0.533742
-0.475265
-0.490771
-0.269401
0.162932
0.070961
0.088844
0.111717
0.041670
0.025734
-0.059438
0.130098
0.542784
0.818200
1.016749
0.746183
0.857826
0.487166
0.096333
-0.073920
0.007347
0.104195
-0.010606
0.209164
0.411128
0.320685
0.180927
-0.127208
-0.173523
-0.490856
-0.758438
-0.736082
-0.662523
-0.714894
-0.971253
-0.850502
-0.784888
-0.662402
-0.360257
-0.396343
0.028625
0.012760
0.034348
0.151118
0.426517
0.661094
0.423332
0.427650
0.444856
0.471054
0.597025
0.627448
0.843987
0.758090
0.537526
0.155362
-0.040380
-0.179111
-0.648954
-0.652136
-0.688807
-0.594196
-0.629885
-0.549801
-0.248675
-0.081490
0.164120
0.588693
0.624761
0.682896
0.416885
0.266925
0.002264
-0.061209
-0.106222
-0.178201
-0.299612
-0.614635
-0.714295
-0.700538
-0.765934
-0.303725
-0.176656
0.097231
-0.014604
0.022096
-0.158420
-0.309784
-0.162974
-0.045012
0.007562
0.174012
0.274578
0.345566
0.061707
0.091395
-0.006651
-0.132421
-0.259861
-0.220027
0.147319
0.316749
0.383880
0.492284
0.730787
0.751397
0.252313
0.236212
0.192724
-0.107531
-0.126463
-0.186977
-0.046639
-0.117878
-0.219423
-0.410453
-0.359648
-0.230170
-0.494165
-0.405726
-0.223216
-0.117381
0.100998
0.388260
0.879524
1.020664
0.944566
0.736279
0.391680
0.228482
-0.236562
-0.208013
-0.244237
-0.172103
-0.242874
-0.230295
-0.024825
0.003812
0.021633
0.087353
-0.274081
-0.471413
-0.719797
-0.658804
-0.624617
-0.441834
-0.168893
-0.031797
0.235959
0.222768
0.306024
0.336875
0.448413
0.494012
0.129167
0.090064
-0.034052
-0.282136
-0.300216
-0.323724
0.093316
0.294623
0.187023
0.161869
0.409088
0.285489
-0.153917
-0.193707
-0.173585
-0.278258
-0.306785
-0.264302
0.059970
-0.064313
-0.225818
-0.256235
-0.337645
-0.296917
-0.527401
-0.425555
-0.302905
-0.097023
0.060035
0.017193
0.540415
0.773839
0.793124
0.918669
1.074603
0.885529
0.202922
-0.130771
-0.344448
-0.432743
-0.351585
-0.380272
-0.068551
-0.190679
-0.265137
-0.560499
-0.418089
-0.276502
-0.454892
-0.356455
-0.159940
0.029327
-0.161494
-0.113100
0.270269
0.255790
0.240961
0.286695
0.070247
-0.101341
-0.230503
-0.280297
-0.096649
0.195045
0.438332
0.649646
1.063427
1.282089
1.043090
0.768569
0.273395
-0.011402
-0.556338
-0.495218
-0.131923
0.053085
0.023399
-0.107427
0.096739
-0.225906
-0.303034
-0.196756
-0.007173
0.144616
-0.006089
0.065344
0.142984
-0.031018
-0.246628
-0.432327
-0.178879
-0.140496
-0.180640
0.066611
0.024002
-0.365937
-0.805092
-0.643853
-0.603195
-0.313382
0.384179
0.484136
0.820986
0.708103
0.549945
0.173809
-0.248776
-0.447059
-0.609396
-0.609396
-0.414331
-0.046146
-0.042213
-0.102413
0.170648
-0.020766
-0.245436
-0.079545
0.119754
0.291061
0.080991
0.321360
0.290298
-0.011350
-0.028945
-0.075570
0.602743
1.006340
1.279773
1.196664
0.931303
0.449517
-0.215089
-0.496807
-0.460244
-0.079648
0.142865
0.141188
0.395197
0.171126
-0.066153
-0.169704
-0.117269
0.116131
-0.312658
-0.467680
-0.442261
-0.430739
-0.543915
-0.237349
0.238426
0.167286
0.037790
-0.127363
-0.304734
-0.402030
-0.824025
-0.924189
-0.764277
-0.537312
-0.211569
0.182013
0.657856
0.703269
0.666335
0.527654
0.195020
0.270662
0.157832
0.248848
0.383304
0.553415
0.577118
0.340650
0.428540
0.271548
0.070045
-0.185427
-0.329410
-0.297498
-0.563812
-0.465725
-0.598053
-0.790175
-0.897281
-0.921909
-0.632059
-0.194539
0.012579
0.460486
0.626472
0.590043
0.013941
0.060490
-0.176951
-0.326895
-0.270369
-0.050206
0.350371
0.241304
0.323631
0.313193
0.196956
0.240865
0.174707
0.295603
0.339992
0.467118
0.544496
0.363944
0.444085
0.431842
0.327048
0.010546
0.070317
-0.022790
-0.621958
-0.909445
-0.987999
-1.146543
-1.189660
-0.974420
-0.319997
0.034710
0.116300
0.386258
0.435684
0.568119
0.300266
0.432124
0.427142
0.571565
0.297351
0.187838
0.430213
0.384243
0.166737
0.112003
0.157968
0.013136
-0.428657
-0.434297
-0.470546
-0.691014
-0.683509
-0.555063
-0.123192
0.079788
0.302192
0.492870
0.394684
0.396719
-0.073785
-0.269338
-0.381622
-0.183287
-0.397039
-0.326802
0.005969
-0.074296
-0.257139
-0.099926
0.000961
0.203156
0.279675
0.575847
0.786710
0.867345
0.786101
0.668122
0.648464
0.449196
0.130768
-0.001316
-0.238013
-0.148743
-0.475395
-0.268043
-0.074903
0.025255
-0.202882
-0.221879
0.019136
-0.135270
-0.400152
-0.233303
-0.266708
-0.317241
-0.608699
-0.464234
-0.375071
-0.211988
-0.227697
-0.169907
0.178946
0.184258
0.131661
0.395352
0.370697
0.426628
-0.008265
-0.128566
-0.332276
-0.290348
-0.310572
-0.159085
0.245036
0.397661
0.367123
0.240370
0.221345
0.079120
-0.369802
-0.403674
-0.220946
-0.087771
0.132840
0.258970
0.582676
0.554113
0.444232
0.341130
0.262018
0.327549
-0.110163
-0.269626
-0.268505
-0.371875
-0.531364
-0.608433
-0.469931
-0.689329
-0.537569
-0.287747
-0.056043
0.291859
0.241105
0.234168
0.173949
0.303881
0.278609
0.328561
0.566839
0.580626
0.404310
0.271289
0.170535
0.136665
-0.191489
-0.229293
-0.200400
-0.506157
-0.514611
-0.643516
-0.348987
-0.302747
-0.011078
-0.061434
0.028635
0.149119
-0.345228
-0.597987
-0.456790
-0.446214
-0.462337
-0.268095
0.165523
-0.034623
-0.266630
-0.398996
-0.492645
-0.282957
-0.226249
0.187317
0.356851
0.475483
0.515966
0.297812
0.563749
0.769006
0.887342
1.062872
1.194348
1.034587
0.124509
-0.321419
-0.754154
-0.943164
-1.039555
-1.074831
-0.673858
-0.662635
-0.513753
-0.477708
-0.362219
-0.275714
-0.406844
-0.346383
-0.117649
0.404928
0.802731
0.773104
0.860262
0.686833
0.147994
0.145295
0.147581
0.227182
-0.167786
-0.067766
-0.270044
-0.353003
-0.397551
-0.504480
-0.025686
-0.131457
-0.001128
0.122276
0.075919
-0.021409
-0.280446
-0.223555
-0.276058
-0.033781
0.004956
0.002962
0.278409
0.300163
0.415100
0.458485
0.577511
0.394203
0.019865
-0.166890
-0.412665
-0.608019
-0.532033
-0.367934
0.230999
0.670059
0.868831
0.890782
0.502947
0.070634
-0.453143
-0.736113
-0.729191
-0.505378
-0.381437
-0.521418
-0.086317
-0.083811
0.007407
0.081436
0.497402
0.771441
0.551841
0.538957
0.721303
0.558293
0.497749
0.440245
0.894070
0.918783
0.778053
0.351115
0.198773
-0.287357
-0.984819
-1.220571
-1.261040
-1.394476
-1.122026
-0.814264
-0.403274
-0.359833
-0.246293
-0.343236
-0.641172
-0.502449
-0.503006
-0.179803
0.252624
0.643923
0.765829
0.879584
1.058944
0.770006
0.511778
0.542353
0.390570
0.349177
0.100019
0.193040
0.100615
-0.064175
-0.167920
-0.409321
-0.145036
-0.085471
0.025537
0.101727
0.249762
0.227114
-0.143864
-0.273071
-0.402605
-0.345291
-0.387084
-0.564917
-0.355896
-0.382598
-0.492012
-0.606574
-0.524909
-0.225733
-0.420861
-0.440421
-0.355905
-0.350857
-0.235199
0.007679
0.595962
0.881548
1.000730
1.037157
0.973740
0.678803
0.266291
0.294289
0.090078
-0.028992
-0.049561
-0.039632
0.113452
0.155336
0.035439
0.143282
0.062229
0.088230
-0.222373
-0.045930
-0.043583
-0.006943
0.120980
0.006487
0.162700
0.045999
-0.038816
-0.410629
-0.425876
-0.306140
-0.553823
-0.646621
-0.129392
0.130511
0.224878
0.147947
0.739341
0.639908
0.521023
0.296695
0.289636
0.080260
-0.212810
-0.133314
-0.008847
0.166573
0.197130
0.045681
0.051998
-0.047604
-0.154335
-0.255754
-0.082801
-0.097910
-0.461587
-0.525795
-0.632063
-0.732801
-0.591918
-0.550997
-0.021679
0.261104
0.062797
0.108874
0.169766
0.108776
-0.092993
0.202485
0.299804
0.290285
0.306973
0.431485
0.587012
0.514390
0.786600
0.675903
0.387807
0.170612
-0.282235
-0.638634
-0.729788
-0.783462
-0.816046
-0.807893
-0.435167
-0.301251
-0.208254
0.236350
0.377836
0.640033
0.453083
0.505365
0.434775
0.279990
0.014440
-0.149415
0.110739
-0.026242
0.005797
0.138931
0.325893
0.459500
0.265676
0.357111
0.237217
0.114920
-0.125260
-0.319826
-0.156171
-0.197637
-0.234667
-0.153875
-0.211732
-0.044674
-0.198648
-0.149775
-0.082060
0.128651
-0.042819
-0.016653
0.317566
0.297959
0.141273
0.157344
0.156356
-0.015898
-0.480658
-0.534178
-0.362545
-0.403582
-0.172045
0.056082
0.426741
0.367488
0.396477
0.228756
0.053052
0.080607
-0.302710
-0.509001
-0.509768
-0.543394
-0.471833
-0.295277
0.213466
0.444175
0.512501
0.487544
0.392544
0.355209
-0.106074
-0.111922
-0.162958
-0.063557
-0.063243
-0.039382
0.379032
0.545476
0.544480
0.541469
0.588481
0.576250
0.152778
0.001055
0.073900
0.020499
-0.209871
-0.261896
-0.105566
-0.386661
-0.660929
-0.697487
-0.827173
-0.806840
-0.937247
-0.694738
-0.616423
-0.342207
-0.160467
0.018745
0.622296
1.046472
1.085379
1.330301
1.336775
1.086314
0.759903
0.946759
0.651737
0.330448
0.068242
-0.337189
-0.486646
-0.570986
-0.540993
-0.514100
-0.535946
-0.410604
-0.703388
-0.710485
-0.544770
-0.387779
-0.419612
-0.400003
-0.097448
-0.180095
-0.274827
-0.128922
0.062764
0.194584
0.105695
0.249503
0.358938
0.277787
0.484531
0.579626
0.851473
0.673875
0.540536
0.226161
-0.164375
-0.365273
-0.844865
-1.030247
-0.952589
-0.564143
-0.198060
-0.009024
0.652972
0.749292
0.463128
0.039404
-0.009530
-0.065982
-0.410310
-0.268231
0.061046
0.240454
0.346032
0.490040
0.639222
0.554385
0.345828
0.276162
0.146306
0.263373
-0.033096
0.039619
0.057735
-0.186670
-0.178745
-0.135460
-0.141791
-0.337567
-0.185992
-0.454724
-0.877740
-0.794523
-0.899473
-0.872379
-0.755339
-0.521894
-0.244341
-0.206197
0.112506
0.243362
0.239164
0.124850
0.162871
0.449838
0.145273
0.205674
0.542349
0.492198
0.500362
0.682886
1.103332
0.973903
0.833077
0.500188
0.413755
0.323410
-0.212485
-0.177170
-0.172570
-0.615858
-0.702107
-0.819557
-0.561476
-0.632201
-0.385896
-0.375164
-0.325257
-0.366306
-0.507425
-0.337653
-0.064314
0.376137
0.761851
0.749902
0.878977
0.645223
0.302682
0.000893
-0.259234
-0.143675
-0.400970
-0.396166
-0.346998
-0.168876
-0.191253
-0.121480
0.203357
0.192035
0.125265
0.185106
0.099395
0.032094
-0.253182
-0.156096
-0.258576
-0.196409
-0.155476
-0.048387
0.269787
0.330628
0.372746
0.367046
0.045556
0.124439
-0.295321
-0.558284
-0.676556
-0.521587
-0.676818
-0.595386
-0.116927
0.023522
0.008951
0.015301
0.149988
0.098930
-0.145104
-0.045939
0.055660
0.173714
0.330595
0.447128
0.833116
0.897789
0.808237
0.696891
0.519245
0.261890
-0.180455
-0.368653
-0.344519
-0.320488
-0.220581
-0.188946
0.160389
0.169662
0.141329
0.202821
0.183164
0.255025
-0.192803
-0.283450
-0.371647
-0.502720
-0.635579
-0.585710
-0.191031
-0.205357
-0.080320
-0.148994
-0.131039
-0.071389
-0.310434
-0.313678
-0.133560
-0.056278
-0.093538
0.064434
0.474090
0.578630
0.664500
0.597894
0.439962
0.417302
-0.086273
-0.275143
-0.222249
-0.239533
-0.346597
-0.305073
0.172201
0.372971
0.392099
0.436380
0.463986
0.365761
-0.054684
0.002025
0.071414
0.108324
-0.111663
-0.175321
-0.009386
-0.111713
-0.273319
-0.032036
0.110095
0.118848
-0.426648
-0.569017
-0.553422
-0.444438
-0.197114
0.156582
0.636864
0.586716
0.149270
-0.008479
-0.073770
0.148200
0.083126
0.450915
0.454523
0.319237
0.189774
0.044341
0.117487
0.069428
0.183690
0.021287
-0.190079
-0.099564
-0.525614
-0.731686
-0.693414
-0.583735
-0.574075
-0.554144
-0.121347
-0.102862
-0.254947
-0.474236
-0.362845
-0.025059
-0.035452
0.278772
0.601391
0.737746
0.635791
0.384923
0.504461
0.255948
0.088870
-0.086919
0.196842
0.276011
0.129622
0.279030
0.159490
-0.118029
-0.419540
-0.664737
-0.553471
-0.466238
-0.435708
-0.083597
0.158047
0.272401
0.076810
0.055101
-0.117200
-0.142743
-0.171686
-0.290023
0.030064
0.155625
0.078057
0.071546
0.027940
0.086037
-0.418986
-0.608312
-0.432813
-0.287567
-0.061890
0.249446
0.771952
0.615796
0.579851
0.237061
0.174850
0.163856
-0.113842
-0.036900
0.170814
0.137388
0.166029
0.209283
0.311979
0.133378
0.201586
0.220724
0.082765
0.107330
-0.328557
-0.700260
-0.997489
-1.271614
-1.398403
-1.519289
-0.953509
-0.598087
-0.293382
0.131955
0.521272
0.595416
0.324239
0.398849
0.576021
0.555911
0.497049
0.520672
0.724730
0.314382
0.271156
0.338703
-0.013019
0.005942
-0.337892
-0.494143
-0.752965
-0.518214
-0.301387
-0.194439
0.180919
0.443185
0.491596
0.404139
0.358929
0.345459
-0.102120
-0.262493
-0.319764
-0.429912
-0.355709
-0.186716
0.078308
-0.011734
0.031344
-0.190003
-0.404318
-0.362341
-0.622024
-0.546040
-0.314766
-0.091026
0.211107
0.395805
0.731103
0.872682
0.758434
0.553223
0.397314
0.375710
-0.062957
-0.102203
0.101369
0.170813
0.060399
-0.039087
0.119188
-0.292289
-0.495260
-0.395341
-0.411696
-0.213963
-0.301421
-0.196683
-0.064568
0.112305
-0.081059
-0.045598
0.398020
0.366401
0.407553
0.452670
0.356559
0.221929
-0.152536
-0.269485
-0.218761
-0.224575
-0.117141
-0.072095
0.260936
0.424103
0.448141
0.268638
0.153463
-0.030690
-0.466336
-0.532283
-0.453396
-0.490447
-0.336167
-0.293780
-0.106120
-0.220448
-0.176565
-0.077515
0.085335
0.358833
0.266354
0.435447
0.353973
0.132513
-0.025195
-0.041883
0.152280
0.158329
0.195153
0.210771
0.238675
0.213387
-0.240665
-0.361975
-0.473863
-0.594078
-0.506481
-0.458867
0.124120
0.491735
0.698274
0.692621
0.832529
0.770574
0.477225
0.490920
0.479730
0.304688
0.067903
-0.059567
-0.078260
-0.273630
-0.329866
-0.476648
-0.878563
-1.023119
-1.443987
-1.528818
-1.264492
-0.891340
-0.585779
-0.279846
0.414375
0.704302
0.747478
0.663391
0.579988
0.419862
0.016731
0.008547
0.201398
0.384672
0.302484
0.282019
0.515579
0.329466
0.053728
0.022273
-0.108383
-0.274818
-0.641921
-0.567704
-0.450736
-0.517946
-0.270771
-0.084010
0.397102
0.538771
0.813861
0.894992
0.946060
0.860270
0.270375
-0.062793
-0.260786
-0.426874
-0.630123
-0.564537
-0.168489
-0.116156
-0.122561
-0.036827
0.057185
0.002764
-0.353357
-0.289138
-0.287333
-0.212669
-0.083859
0.097255
0.414174
0.537467
0.403419
0.148115
-0.186607
-0.419753
-0.764741
-0.740794
-0.513454
-0.310630
-0.037953
0.118624
0.458271
0.583213
0.666222
0.534350
0.324160
0.310606
-0.107113
-0.242601
-0.213623
-0.250976
-0.241171
-0.229433
0.221899
0.214971
0.389293
0.406806
0.293833
0.090277
-0.223436
-0.365754
-0.374739
-0.357999
-0.200805
0.015744
0.472218
0.540902
0.614270
0.408424
0.147307
-0.079033
-0.509605
-0.588920
-0.671080
-0.674321
-0.613287
-0.630246
-0.342997
-0.206637
-0.221821
-0.332112
-0.157958
0.112658
0.183675
0.566639
0.774042
0.681770
0.540010
0.307775
0.405753
0.464854
0.524409
0.476763
0.400011
0.295311
-0.194232
-0.382335
-0.478332
-0.399960
-0.205103
-0.099184
0.299412
0.420901
0.233360
0.001577
-0.083687
-0.195404
-0.571337
-0.516975
-0.610775
-0.482031
-0.316201
-0.087950
0.399825
0.706629
0.603348
0.604170
0.338278
0.191989
-0.290745
-0.245559
-0.187397
-0.012464
0.071069
0.064058
0.321200
0.154810
-0.080814
-0.140648
-0.258795
-0.262537
-0.462783
-0.388511
-0.421817
-0.307891
-0.420956
-0.431894
-0.148785
-0.138837
-0.093702
0.066734
0.291325
0.392631
0.138600
0.237272
0.290396
0.023680
0.046522
-0.145365
0.068968
0.218064
0.276508
0.112927
0.216853
0.084038
-0.283800
-0.125553
0.125515
0.088295
0.019583
-0.132710
-0.029714
-0.111020
-0.025548
0.134247
0.047244
0.031143
-0.328636
-0.419804
-0.454173
-0.317019
-0.293100
-0.066745
0.519170
0.706359
0.653261
0.531434
0.337670
0.124616
-0.262822
-0.149246
0.005951
-0.202536
-0.209052
-0.321948
-0.003436
-0.004275
0.185066
0.295133
0.482413
0.311625
-0.073435
-0.157976
-0.281380
-0.437913
-0.500956
-0.553090
-0.159848
-0.105205
-0.097975
0.186931
0.369955
0.359737
0.058968
0.103774
-0.005485
-0.086821
-0.034148
0.021234
0.315823
0.296684
0.231710
0.121937
0.064692
0.064812
-0.142089
-0.008958
0.122746
0.157439
0.065205
-0.078446
0.020576
-0.129527
-0.277145
-0.195916
-0.270373
-0.244319
-0.470912
-0.365120
-0.514580
-0.402177
-0.311922
-0.194701
0.156535
0.381713
0.254169
0.143036
-0.044537
-0.267342
-0.594855
-0.493994
-0.283287
0.042043
0.332505
0.526664
0.989660
1.030077
0.883222
0.864474
0.737825
0.851394
0.605664
0.614463
0.595336
0.326529
0.061834
-0.069415
-0.082439
-0.363572
-0.315530
-0.495417
-0.603985
-0.390759
-0.581138
-0.598426
-0.470480
-0.650530
-0.687348
-0.575760
-0.105267
-0.137918
-0.090095
-0.185405
-0.175341
-0.175075
-0.442512
-0.231274
0.048871
0.090329
0.130647
0.311704
0.603750
0.435606
0.495438
0.368316
0.300885
0.387442
-0.013573
-0.335153
-0.342406
-0.679850
-0.675148
-0.663724
-0.131765
-0.017712
0.216027
0.116404
0.222548
0.149983
-0.168107
-0.042514
-0.019168
-0.029270
-0.042870
-0.058424
0.186555
0.258612
0.430899
0.615594
0.798377
0.730800
0.196667
-0.111354
-0.232357
-0.498454
-0.526152
-0.433025
-0.099536
-0.186766
-0.261768
-0.249364
-0.173309
-0.036555
-0.134735
0.075137
0.307569
0.218860
0.303088
0.113563
0.239509
0.040510
0.223782
0.164814
0.337800
0.219006
-0.172820
-0.420048
-0.546311
-0.752102
-0.659083
-0.559983
-0.048872
0.136440
0.271395
0.251500
0.410574
0.436597
0.133229
0.210205
0.484513
0.526225
0.600078
0.659771
0.844214
0.685740
0.391875
-0.097522
-0.422614
-0.572425
-1.015683
-1.029233
-0.846424
-0.758485
-0.836783
-0.690735
-0.292245
-0.141477
0.038221
0.309175
0.383505
0.525806
0.378428
0.438001
0.438969
0.631728
0.523890
0.314236
0.467831
0.498839
0.272036
0.168285
0.152402
0.172346
-0.295573
-0.370647
-0.424205
-0.363468
-0.540571
-0.511740
-0.171829
-0.003700
-0.083272
-0.014295
0.019264
-0.079304
-0.361444
-0.239029
-0.048868
-0.084711
-0.102252
-0.017793
0.108504
-0.101309
-0.069689
-0.033663
-0.024575
0.131656
-0.105608
-0.147178
-0.030969
-0.039754
-0.027265
-0.098685
0.209131
0.176813
0.151506
0.136761
0.184866
0.254865
0.060738
0.016890
-0.033873
-0.012106
-0.013423
-0.101861
0.165086
0.192482
0.159105
0.078704
-0.001407
-0.154348
-0.552829
-0.567576
-0.586184
-0.697383
-0.589865
-0.607911
-0.314719
-0.274734
-0.072832
-0.028600
0.089082
0.297979
0.244848
0.400809
0.512285
0.557423
0.505370
0.417277
0.596432
0.567331
0.769895
0.843907
0.827678
0.867452
0.131543
-0.395012
-0.547887
-0.759935
-0.949109
-0.770173
-0.213888
-0.211978
-0.116309
-0.029245
0.076515
0.154499
-0.053343
0.091483
0.195331
0.037421
-0.093196
-0.438492
-0.375537
-0.492096
-0.207248
-0.134798
0.019489
0.331901
0.177290
0.139656
0.308770
0.534783
0.355747
0.143125
0.381457
0.201780
0.285005
0.213795
0.294019
0.334956
0.057521
-0.079648
-0.039402
-0.270799
-0.461904
-0.677065
-0.466377
-0.384720
-0.157955
-0.163217
0.032560
-0.093759
-0.611255
-0.791057
-0.652607
-0.664776
-0.534429
-0.419436
0.176157
0.324274
0.535258
0.552275
0.577291
0.485813
0.016350
-0.222075
0.050579
0.242209
0.237410
0.427772
0.792630
0.532767
0.266856
0.172946
0.284222
0.300637
-0.049239
-0.111395
-0.077027
-0.308013
-0.591417
-0.600432
-0.252174
-0.320311
-0.331583
-0.031787
0.181682
0.453381
0.224694
0.181336
0.195615
-0.010503
-0.175527
-0.041529
0.337816
0.319555
0.359924
0.206231
-0.030638
-0.132258
-0.509891
-0.429474
-0.149988
0.172252
0.109119
0.032178
0.130498
-0.118162
-0.374067
-0.382141
-0.176001
-0.153317
-0.432726
-0.429989
-0.213502
-0.299589
-0.273227
-0.039776
0.611060
0.829911
0.849292
0.953209
0.657293
0.178258
-0.629041
-0.904701
-0.714188
-0.581734
-0.201212
0.035029
0.559585
0.430943
0.595832
0.396874
0.400853
0.311114
-0.092374
-0.323053
-0.341424
-0.290808
-0.230697
-0.345627
-0.018101
0.021016
-0.021763
-0.167044
-0.170069
-0.182411
-0.618999
-0.677673
-0.407574
-0.088394
0.145919
0.322515
0.702389
0.712286
0.497755
0.293117
0.191862
0.094312
-0.354441
-0.401213
-0.234987
-0.100000
-0.038888
0.068474
0.448531
0.299602
0.312567
0.300291
0.074835
-0.135706
-0.520191
-0.685967
-0.807475
-0.659456
-0.502446
-0.516444
-0.219404
-0.143889
-0.009157
0.021828
0.294283
0.361234
0.123052
0.037560
0.104598
-0.099791
-0.065107
-0.013444
0.255882
0.262580
0.397238
0.522890
0.540239
0.621367
0.211321
0.049982
-0.039194
-0.282319
-0.319997
-0.361376
-0.113513
-0.281155
-0.218070
-0.286647
-0.187604
-0.019535
-0.195771
-0.098134
0.029530
0.146279
0.145714
0.298257
0.579304
0.475827
0.134859
0.050776
-0.151577
-0.313673
-0.784389
-0.788821
-0.788211
-0.728646
-0.564333
-0.293590
0.306873
0.455374
0.352360
0.380857
0.588970
0.496969
0.297924
0.484723
0.556133
0.266278
0.275974
-0.034093
-0.008021
-0.253521
-0.389945
-0.500712
-0.419568
-0.074085
-0.208806
-0.079607
0.041549
0.352928
0.305003
0.334904
0.643806
0.671576
0.543501
0.424999
0.401941
0.443578
0.100133
-0.068112
-0.067715
-0.134710
-0.324395
-0.386426
-0.105466
-0.151000
-0.312077
-0.314959
-0.351247
-0.404028
-0.788432
-0.625237
-0.593741
-0.521218
-0.368854
-0.231727
0.007020
0.005494
0.119650
-0.065957
0.030699
0.123052
0.102421
0.192607
0.604965
0.656788
0.792487
0.600810
0.727551
0.452849
0.101982
-0.172180
0.105703
0.312756
0.177705
0.408258
0.703531
0.397819
-0.061740
-0.613507
-0.390383
-0.523324
-0.549772
-0.297268
0.016058
-0.079856
-0.417980
-0.446372
-0.424434
-0.722275
-0.697811
-0.801143
-0.579145
-0.619885
-0.259404
-0.159537
-0.042589
0.195463
0.154021
0.461778
0.743307
0.902071
0.950453
0.744278
0.745967
0.512202
0.373103
0.102231
0.079909
0.109957
-0.143231
-0.108204
0.055315
-0.248745
-0.575958
-0.953757
-0.713848
-0.603442
-0.460921
-0.175273
0.060404
0.032861
-0.385699
-0.169415
-0.024501
0.045575
0.042230
-0.115257
0.085914
-0.025528
0.219875
0.394983
0.354679
0.321971
-0.117520
-0.404702
-0.456069
-0.172671
0.125877
0.324290
0.627607
0.474495
0.218781
-0.195265
-0.211237
-0.475303
-0.819401
-0.812787
-0.636998
-0.654858
-0.159325
0.171166
0.752309
0.779752
0.709763
0.715785
0.483704
0.572664
0.585086
0.819317
0.488060
0.321126
-0.122025
-0.648762
-0.792845
-0.878551
-0.605700
-0.515970
-0.387981
-0.160526
-0.118330
-0.058575
-0.010527
-0.099437
-0.205151
-0.444537
-0.257921
-0.151002
0.200757
0.549295
0.748037
1.023139
0.869397
0.698066
0.564845
0.459599
0.045188
-0.317127
0.037368
-0.028859
-0.101984
0.044403
0.424987
0.236866
-0.149359
-0.210549
-0.332781
-0.564335
-0.548240
-0.701910
-0.294298
-0.206283
0.067699
0.350076
0.565046
0.769151
0.507276
0.350928
0.349270
0.299274
-0.044291
-0.002134
0.092874
-0.247947
-0.243571
-0.151799
-0.284199
-0.094326
-0.253075
-0.289586
-0.211674
-0.133362
-0.277014
-0.512225
-0.133657
-0.143894
-0.315871
-0.254514
-0.009308
-0.058573
-0.364893
-0.320764
-0.201530
-0.375355
-0.371532
-0.361593
0.071806
0.054987
0.223373
0.478331
0.456417
0.412861
0.204509
0.318051
0.346288
0.333710
0.326281
0.047777
0.235970
-0.009998
0.135344
0.077445
0.035656
0.032964
-0.243013
-0.244607
-0.165505
0.052398
0.046501
0.170323
0.335249
0.334504
0.280652
0.421050
0.117583
-0.158283
-0.284160
-0.126036
-0.157478
-0.174969
-0.009435
-0.117680
-0.051926
-0.138536
-0.132738
0.150314
0.072795
0.320031
-0.041972
0.011736
-0.078161
-0.076580
-0.334526
-0.320733
0.224906
0.297780
0.475434
0.560056
0.669720
0.575328
0.283268
0.244556
0.327066
0.235186
0.048990
-0.220864
-0.172790
-0.327166
-0.339644
-0.375274
-0.509957
-0.406927
-0.663535
-0.738473
-0.750797
-0.639811
-0.701133
-0.618458
-0.017719
0.369383
0.634630
0.721069
0.664930
0.492106
0.035095
-0.011112
0.013571
0.123522
0.159486
0.284492
0.528831
0.391787
0.178475
0.090953
-0.158404
-0.181436
-0.390255
-0.333463
-0.363598
-0.361479
-0.287084
-0.412841
-0.122681
-0.075964
-0.039308
0.099223
0.188716
0.335475
0.117858
0.227527
-0.002303
0.107816
-0.010380
0.056409
0.196216
0.246026
0.351991
0.396921
0.211035
0.307762
0.144611
0.114259
0.223595
0.415067
0.545665
0.243092
0.091791
-0.310795
-0.774075
-0.877801
-0.813742
-0.543738
-0.727051
-0.492888
-0.383398
-0.300595
-0.447956
-0.563065
-0.233531
-0.282745
-0.427367
-0.164073
0.280254
0.323899
-0.046284
0.233673
0.155086
0.056819
0.061292
0.187244
0.423753
0.604171
0.332284
0.204793
0.182853
0.341926
0.034960
0.406263
0.588936
0.522271
0.293359
-0.398959
-0.466793
-0.674157
-0.908405
-1.062332
-0.864985
-0.677031
-0.886203
-0.845782
-0.428024
0.196965
0.390486
0.615071
1.059112
0.842060
0.308035
0.108935
0.159662
0.236794
0.081224
0.575541
0.949851
0.992711
0.931347
0.590353
0.464635
-0.102403
-0.455312
-0.561825
-0.683955
-0.628613
-0.603420
-0.525906
-0.329998
-0.163560
-0.250841
-0.468292
-0.241867
-0.341352
-0.227264
0.053094
0.219466
0.394221
0.155684
0.114566
0.231876
0.358961
0.159432
-0.016597
0.246679
0.022103
-0.175436
-0.085504
-0.065315
0.123744
-0.188424
-0.162981
-0.008800
0.074454
0.036440
0.067196
0.487541
0.530762
0.557765
0.320182
0.226560
0.108227
-0.287427
-0.288506
-0.082681
0.230460
0.275153
0.019974
0.199115
0.087668
-0.219832
-0.397428
-0.410859
-0.412961
-0.605660
-0.520885
-0.243423
0.082802
0.174104
0.169975
0.781682
0.754630
0.622768
0.595704
0.546160
0.312119
-0.276736
-0.361511
-0.248627
-0.220644
-0.486797
-0.625659
-0.333845
-0.512463
-0.499352
-0.404538
-0.376535
-0.319170
-0.552265
-0.679749
-0.424446
-0.275144
-0.183616
0.004148
0.279963
0.071009
0.253972
0.365287
0.274044
0.389401
0.126419
0.024232
-0.009886
0.340170
0.589829
0.649056
0.906899
0.702170
0.070976
-0.310613
-0.429354
-0.322081
-0.501526
-0.224060
-0.145507
-0.238020
-0.271268
-0.382520
-0.016605
0.186366
0.292473
0.200737
0.292471
0.376819
-0.077702
-0.067243
0.060216
0.235071
0.243219
0.117252
0.292221
0.151130
-0.217038
-0.509837
-0.470730
-0.225966
-0.352885
-0.123807
-0.080786
0.147486
0.277434
0.353342
0.506972
0.452568
0.209677
-0.206647
-0.379318
-0.260260
-0.414875
-0.196712
0.316632
0.354156
0.544855
0.564236
0.805944
0.616396
0.397075
0.122717
-0.102011
-0.281621
-0.821529
-0.802079
-0.905516
-0.981317
-0.993830
-0.790427
-0.096158
0.283572
0.563026
0.744231
0.772244
0.637559
0.261968
0.300377
0.333327
0.193027
0.043494
-0.221139
-0.018451
-0.028827
0.001636
0.079664
0.122275
0.115210
-0.346276
-0.407402
-0.406126
-0.284080
-0.274224
-0.239347
0.083764
0.014892
-0.237680
-0.395379
-0.486119
-0.533435
-0.625854
-0.341871
-0.221755
0.215179
0.458327
0.466341
0.672441
0.804835
0.908584
0.831902
0.814404
0.965302
0.470041
-0.010550
-0.124299
-0.344775
-0.689235
-0.527490
-0.197022
-0.111735
-0.294918
-0.327527
-0.481649
-0.467507
-0.863889
-0.605961
-0.412813
-0.205352
-0.224449
-0.093292
0.281082
0.451642
0.506778
0.596827
0.631684
0.647749
0.119999
-0.205967
-0.058980
-0.079138
-0.098383
0.055579
0.435656
0.248176
0.130163
-0.124007
-0.313795
-0.338357
-0.767506
-0.969390
-0.913608
-0.878770
-0.785654
-0.556404
0.109023
0.493502
0.804102
0.876283
0.722735
0.568133
0.140692
-0.053184
-0.212207
-0.141152
-0.108912
-0.270602
-0.019119
0.103912
0.259632
0.284393
0.367303
0.356282
0.130562
0.088256
0.193710
0.172804
0.226840
0.021495
0.217507
0.137208
0.005042
-0.085405
-0.332442
-0.435528
-0.824835
-0.805502
-0.657260
-0.383815
-0.379367
-0.249989
0.212106
0.164582
0.336360
0.602450
0.690234
0.548928
0.417444
0.520863
0.397921
0.022189
-0.000936
-0.109975
-0.036639
-0.123077
-0.107313
-0.158732
-0.387962
-0.537490
-0.846446
-0.701685
-0.619102
-0.404035
-0.203245
-0.180005
0.219454
0.413583
0.309704
0.397619
0.512607
0.326221
-0.085281
-0.125661
-0.224596
-0.166809
0.156679
0.336044
0.619257
0.603219
0.351195
0.136354
-0.022168
0.313745
0.029869
0.041950
0.086058
-0.080127
-0.229382
-0.133961
0.237119
0.147844
0.278024
0.256578
0.102685
-0.010152
-0.463245
-0.757862
-0.890050
-0.707711
-0.662053
-0.408380
0.140325
0.227078
0.206723
0.246261
0.230678
0.269151
-0.036256
-0.100758
-0.030015
-0.127668
0.054980
0.168083
0.525058
0.628956
0.798431
0.575146
0.374143
0.099877
-0.398149
-0.585783
-0.485640
-0.432814
-0.270676
-0.225750
0.046668
0.009111
0.013567
-0.050924
0.021086
0.325727
-0.070796
-0.210317
-0.199784
-0.239068
-0.467315
-0.280299
0.234816
0.437073
0.403352
0.509715
0.560563
0.461573
-0.264228
-0.529358
-0.653674
-0.816875
-0.637670
-0.367762
0.131588
0.156524
0.138350
0.061958
-0.043059
0.124931
-0.080586
-0.009051
0.263982
0.442097
0.362501
0.467160
0.792013
0.375494
0.289238
0.225188
0.034089
-0.155606
-0.274872
-0.168140
-0.030274
0.012190
0.273312
0.153247
0.229926
0.039650
-0.086083
-0.325637
-0.407618
-0.349203
-0.638778
-0.716370
-0.536570
-0.428387
-0.488769
-0.550864
-0.102950
-0.228315
-0.349824
-0.209194
0.265491
0.370509
0.308764
0.680121
1.011038
0.732876
0.844506
0.778044
0.824651
0.566922
0.585812
0.335315
0.078090
-0.220888
-0.773485
-0.983202
-1.100753
-1.254151
-0.978519
-1.014388
-0.431986
0.002532
0.320749
0.336921
0.607428
0.637783
0.061650
0.083801
0.159122
0.295665
0.122562
0.117545
0.386903
0.320622
0.091848
0.079372
0.187755
0.054164
-0.265058
-0.219517
-0.285730
-0.525976
-0.352862
-0.328852
-0.093837
0.079670
0.329038
0.524061
0.559636
0.554490
0.166049
0.036765
-0.222760
-0.330354
-0.253431
-0.136241
0.326241
0.466883
0.726194
0.650092
0.402049
0.312441
-0.312460
-0.716730
-0.618598
-0.443966
-0.525112
-0.415958
0.077312
0.162371
-0.104770
-0.071098
-0.242141
-0.225087
-0.571229
-0.314350
-0.384928
-0.308868
-0.413341
-0.493577
-0.404201
-0.375812
-0.056504
-0.039015
-0.045351
0.416538
0.356487
0.322966
0.312936
0.295218
0.046278
-0.129629
0.150661
0.332750
0.559307
0.635872
0.722039
0.750068
0.266919
-0.003417
0.036401
0.020285
-0.037934
-0.086698
0.191428
-0.085586
-0.176342
-0.340156
-0.042641
0.049720
-0.109630
-0.117736
-0.096328
-0.342517
-0.539077
-0.528796
-0.125876
0.126974
0.300098
0.496818
0.434051
0.435293
-0.052260
-0.119535
-0.054985
0.207028
0.208066
0.131069
0.377360
0.280000
-0.002245
-0.162384
-0.120697
-0.123122
-0.543555
-0.534392
-0.513157
-0.459582
-0.537239
-0.283893
0.027775
0.019423
-0.097965
0.053422
-0.076854
0.004544
-0.089051
0.127396
0.222828
0.435237
0.525217
0.229757
0.304851
0.102738
0.051061
-0.000512
0.137838
0.279131
0.089522
-0.047213
-0.026482
0.233446
0.264076
0.131293
0.458346
0.368198
-0.015044
-0.256487
-0.313682
-0.377249
-0.617537
-0.490133
-0.170864
0.017289
0.175242
0.346178
0.575526
0.429674
0.299259
0.123804
-0.055335
0.008169
-0.193480
-0.087357
0.094772
-0.047666
0.078420
0.156679
0.511001
0.442368
0.509710
0.474378
0.241572
0.134553
-0.364128
-0.451518
-0.662482
-0.657950
-0.851192
-0.967162
-0.597299
-0.359690
-0.199018
0.132873
0.550324
0.589877
0.400206
0.476141
0.384787
0.179858
0.116133
-0.125202
0.000268
-0.035301
-0.137657
-0.296462
-0.439088
-0.757413
-0.972697
-0.755419
-0.521073
-0.289872
0.054347
0.021034
0.312657
0.370340
0.392959
0.436927
0.377667
0.329579
0.086874
0.060845
0.191469
0.316405
0.390244
0.175117
0.403263
0.162793
-0.069573
-0.196241
-0.179347
-0.289610
-0.694740
-0.721909
-0.687897
-0.542545
-0.350737
-0.396893
0.182678
0.403827
0.482420
0.505585
0.836976
0.711887
0.409826
0.421256
0.291964
0.092113
0.024701
-0.274866
-0.185584
-0.113424
-0.077388
-0.162784
-0.477305
-0.611620
-0.796390
-0.542876
-0.194256
0.464628
0.986167
0.681735
0.609713
0.295373
0.004969
-0.204509
-0.142251
-0.041499
-0.225839
-0.116171
-0.081474
-0.114873
-0.217085
-0.244660
-0.064793
-0.135666
-0.013077
0.047610
-0.128027
-0.164651
-0.672335
-0.858568
-0.842804
-0.626866
-0.544235
-0.401730
0.396259
0.852902
1.082661
0.996873
0.769588
0.418442
-0.174700
-0.386645
-0.421956
-0.250123
-0.459138
-0.407265
0.030578
0.273426
0.362838
0.756802
0.808265
0.778529
0.394544
0.334109
0.205637
-0.031040
-0.167514
-0.132746
0.027132
-0.016121
-0.180321
-0.250126
-0.347013
-0.200334
-0.485289
-0.298904
-0.195475
-0.286694
-0.236452
-0.139200
0.073693
0.064081
0.152913
0.099683
0.051089
0.214395
-0.186647
-0.355994
-0.350881
-0.295161
-0.349819
-0.153451
0.408673
0.484896
0.371726
0.381546
0.294954
0.103679
-0.232895
-0.169683
-0.082157
-0.167212
-0.011185
-0.018184
0.208542
0.136655
0.266740
0.363745
0.397877
0.562471
0.140005
0.010695
-0.093862
-0.296042
-0.483616
-0.359156
-0.104165
-0.202688
-0.112899
0.104663
0.020911
0.064310
-0.175343
-0.113351
-0.371497
-0.272975
-0.144295
-0.055924
0.248390
0.317792
0.130273
-0.007069
-0.074494
-0.070224
-0.335784
-0.190150
0.149795
0.272424
0.166840
0.226880
0.609972
0.451967
0.180296
0.280806
0.124621
-0.070989
-0.562169
-0.587588
-0.736082
-0.745061
-0.758922
-0.443528
0.070326
0.333627
0.587815
0.669056
0.340239
0.399265
0.085342
0.129217
0.354110
0.544319
0.658167
0.588979
0.544947
0.194799
-0.184887
-0.606290
-0.848223
-0.809470
-1.017360
-0.833187
-0.882169
-0.863489
-0.503767
-0.397860
-0.047235
0.175171
0.564106
0.443818
0.392621
0.447375
0.157867
-0.055497
-0.117863
-0.102035
0.172456
0.484296
0.715436
0.526840
0.576580
0.309492
-0.155806
-0.152701
-0.519610
-0.746248
-0.714704
-0.541429
-0.645682
-0.571160
-0.186589
-0.234938
-0.125003
0.340129
0.711192
1.146373
0.832274
0.615235
0.493701
0.537581
0.487487
0.522259
0.882449
0.792779
0.237538
-0.235114
-0.439687
-0.629239
-1.318992
-1.339716
-1.309652
-1.339149
-1.148201
-0.780542
-0.204578
-0.057425
-0.069239
-0.012177
-0.057938
0.180379
0.191828
0.587414
0.799905
1.013035
0.976339
0.836060
0.739922
0.369647
0.134519
-0.033118
-0.298021
-0.054348
-0.181900
-0.191254
-0.269055
-0.026228
0.243441
0.537097
0.953663
1.091536
0.817888
0.548220
0.031680
-0.240929
-0.622785
-0.534814
-0.687163
-0.732546
-0.776525
-0.919448
-0.616393
-0.489421
-0.384658
-0.173258
-0.165161
-0.120247
-0.174372
0.001951
0.034120
0.177315
0.368283
0.232887
0.643617
0.762987
0.766140
0.640202
0.684433
0.546044
-0.049545
-0.193388
-0.250398
-0.514724
-0.789646
-0.761133
-0.470784
-0.512054
-0.361847
-0.138673
-0.050751
0.017197
-0.195401
-0.142503
0.023862
-0.072763
-0.061676
-0.123131
0.337620
0.511111
0.586261
0.603971
0.770158
0.679924
0.166332
0.206436
0.249937
0.102489
-0.045412
-0.259661
-0.053813
-0.145062
-0.248970
-0.435873
-0.300357
-0.096264
-0.489537
-0.551197
-0.294421
-0.173930
-0.063548
0.137289
0.599440
0.610756
0.540058
0.392344
0.573051
0.697522
0.249896
0.163899
-0.040684
-0.269771
-0.685947
-0.773659
-0.538020
-0.465908
-0.460020
-0.218857
0.031953
0.155537
0.050404
0.182650
0.098473
-0.079259
-0.081148
-0.108759
0.099870
0.296345
0.347157
0.176725
0.199622
0.205564
-0.242444
-0.247584
-0.106038
-0.021276
0.005511
0.051680
0.460773
0.542454
0.385378
0.239668
-0.012987
-0.277249
-0.659740
-0.798836
-0.665362
-0.301772
-0.145871
-0.233346
0.064314
-0.066974
-0.078746
-0.074803
0.030381
0.320285
0.200022
0.288398
0.467461
0.562493
0.508193
0.378988
0.551061
0.473103
0.590698
0.588670
0.407534
0.256923
-0.505260
-1.198417
-1.444291
-1.464987
-1.292259
-0.752556
0.145536
0.379210
0.633876
0.520302
0.506349
0.251853
-0.316242
-0.561771
-0.630146
-0.789350
-0.795734
-0.814598
-0.414188
-0.297392
-0.364947
-0.230404
0.159521
0.439188
0.255440
0.437470
0.568493
0.429586
0.323201
0.227439
0.403847
0.264702
0.239327
0.109725
0.056660
0.099328
-0.267347
-0.313379
-0.061752
0.272683
0.526802
0.744309
1.262239
1.345987
0.842222
0.554530
0.354313
0.168973
-0.540346
-0.498358
-0.649604
-0.826740
-0.880913
-0.961876
-0.486588
-0.357261
-0.126716
-0.186816
0.109434
0.019217
-0.176480
-0.224724
-0.218265
-0.216974
-0.174524
-0.333176
0.000636
0.213060
0.294332
0.639923
0.805119
0.982053
0.524333
0.375134
0.136717
-0.010760
-0.123391
-0.059108
0.271253
0.238149
0.130801
-0.160651
-0.285010
-0.557006
-0.985569
-0.906266
-0.694377
-0.609790
-0.171329
0.026971
0.453178
0.575712
0.541150
0.177623
0.058810
0.086759
-0.207971
-0.137329
0.090167
0.224948
0.289826
0.218969
0.396349
0.319673
0.145570
-0.053656
0.018482
-0.045496
-0.442260
-0.541046
-0.380426
-0.581514
-0.496328
-0.356972
0.166764
0.137124
0.380620
0.558176
0.797235
0.969452
0.599421
0.413748
0.234988
-0.208630
-0.483986
-0.525623
-0.241301
-0.161718
-0.076369
-0.154044
0.004113
0.127077
-0.220532
-0.197094
-0.094665
0.016922
-0.061456
0.070545
0.630759
1.038737
0.966356
0.836033
0.650471
0.674402
-0.090541
-0.357833
-0.394740
-0.496244
-0.805021
-0.553695
-0.138561
-0.001030
-0.091336
-0.038496
-0.126176
-0.078867
-0.330772
-0.048590
-0.126423
-0.409300
-0.414848
-0.403995
0.040473
0.404661
0.595534
0.628973
0.537328
0.166718
-0.478148
-0.705171
-0.725148
-0.786263
-0.686914
-0.705100
-0.189984
-0.173150
0.097158
0.300766
0.464399
0.320337
0.166132
0.236609
0.262575
0.389870
0.642122
0.371099
0.370492
0.167115
-0.037606
-0.147072
-0.231838
-0.221662
-0.427938
-0.379739
-0.401528
-0.464005
-0.369689
-0.287861
0.068642
0.185794
0.375786
0.390366
0.328754
0.316243
-0.192480
-0.311754
-0.329106
-0.483168
-0.683683
-0.505859
0.150659
0.363193
0.519176
0.585905
0.452698
0.323718
-0.100024
-0.071614
0.031384
0.040959
-0.058813
0.010087
0.178169
0.118083
0.228796
0.242344
0.146475
0.189279
-0.131089
-0.236033
-0.065423
-0.202863
-0.288332
-0.273088
0.157632
0.091468
0.120531
0.223616
0.111358
-0.126440
-0.281213
-0.059167
0.120021
0.212089
0.343920
-0.057873
0.011120
-0.129213
-0.054645
0.020790
0.213870
0.242450
-0.211187
-0.391369
-0.635809
-0.648175
-0.812265
-0.625732
-0.205999
-0.034905
-0.259456
-0.114212
-0.240458
-0.215000
-0.407826
-0.108747
0.051968
0.183494
0.371693
0.276583
0.708548
0.837503
0.976827
1.005781
1.160495
1.065175
0.356378
-0.058912
-0.271497
-0.330163
-0.349760
-0.237384
0.084671
-0.076743
-0.076828
-0.171793
-0.060191
0.161153
0.066960
0.022147
-0.027497
-0.169049
-0.013805
0.036821
0.216292
0.282038
0.199756
-0.303289
-0.502332
-0.667784
-1.088808
-1.032091
-0.895302
-0.662944
-0.301779
-0.082969
0.397827
0.576824
0.527770
0.556841
0.464948
0.435182
0.260190
0.334957
0.150494
0.011065
0.048651
-0.160472
-0.080954
-0.087672
0.031970
-0.229242
-0.398200
-0.541555
-0.870988
-0.954698
-0.694361
-0.451940
-0.137773
0.030973
0.626098
0.789520
0.862813
0.912991
0.994927
0.833593
0.404362
0.426269
0.303489
0.102908
-0.062441
-0.226163
-0.072974
-0.142454
-0.302765
-0.361500
-0.358982
-0.358819
-0.692949
-0.565237
-0.449583
-0.438198
-0.433084
-0.338094
0.352717
0.644829
0.939998
1.041721
1.055729
0.701303
0.121495
-0.337927
-0.409115
-0.542997
-0.411376
-0.480515
-0.147965
-0.304468
-0.139171
-0.333745
-0.309125
-0.258356
-0.379522
-0.420759
-0.309820
-0.256492
-0.147069
-0.306246
0.070390
0.104888
0.283926
0.301086
0.531890
0.260064
0.047939
0.069296
0.039925
-0.117526
0.147954
0.064379
0.240089
0.330423
0.636547
0.751212
0.900605
0.801371
0.377530
0.118312
-0.074537
-0.260390
-0.250656
-0.234149
0.085576
0.103164
0.053611
0.015364
-0.075064
-0.160952
-0.607740
-0.673091
-0.778392
-0.812542
-0.687478
-0.424676
-0.168137
-0.034416
0.040524
0.081011
0.066136
0.352097
0.151087
0.178181
0.148928
0.299815
0.200444
0.317503
0.581527
0.472832
0.334480
0.160441
-0.084963
-0.077511
-0.522982
-0.827868
-0.580760
-0.477383
-0.397103
-0.191469
0.057961
-0.168778
-0.281790
-0.200556
-0.085840
0.357423
0.094225
0.037852
0.159512
0.046675
-0.190024
-0.059365
0.465643
0.364919
0.581249
0.780033
0.836386
0.783725
0.393532
0.170944
-0.077575
-0.407192
-0.471123
-0.493648
-0.241535
-0.177698
0.075022
0.146787
0.097991
-0.095170
-0.388930
-0.536768
-0.600713
-0.435045
-0.123330
0.024449
0.538690
0.671893
0.485422
0.241099
0.124200
-0.043887
-0.556885
-0.610317
-0.417726
-0.304343
-0.231842
0.150657
0.665377
0.759065
0.555569
0.590111
0.462948
0.434778
0.074997
0.118689
0.040215
-0.121890
-0.102965
-0.366864
-0.388680
-0.512710
-0.552004
-0.672530
-0.606681
-0.443876
-0.528933
-0.432882
-0.301729
-0.063086
0.098774
0.037017
0.293230
0.193705
-0.007398
0.066834
0.292198
0.246586
-0.060250
0.043264
0.027731
-0.156131
0.002939
0.214390
0.718872
0.881658
0.996786
1.136273
0.971622
0.555407
0.085457
-0.075419
-0.397892
-0.620006
-0.526438
-0.737194
-0.504404
-0.480711
-0.602471
-0.544797
-0.365615
-0.280287
-0.508553
-0.175707
-0.081377
-0.207640
-0.006166
0.047919
0.493249
0.582550
0.772633
0.734673
0.773952
0.755933
0.587981
0.725896
0.637394
0.351560
-0.160720
-0.652409
-0.788401
-1.043664
-1.083008
-0.730618
-0.542604
-0.326745
-0.406494
-0.175448
-0.296011
-0.242720
-0.320529
-0.332087
0.166299
0.545603
0.713638
0.960003
0.968799
0.905670
0.358094
0.182992
-0.196173
-0.410979
-0.519151
-0.347765
0.004505
0.224269
0.397970
0.194452
-0.191562
-0.302617
-0.561759
-0.426693
-0.232071
-0.058448
-0.038819
-0.023052
0.084917
-0.020325
-0.036110
0.063938
0.158552
0.340888
0.429525
0.842832
0.786880
0.597552
0.416796
0.040893
-0.001626
0.019659
0.016086
-0.097681
-0.226915
-0.370623
-0.862796
-0.975457
-0.956890
-0.517123
-0.369783
-0.112147
0.316568
0.558581
0.247902
0.009458
0.021752
0.094052
-0.264083
-0.121631
0.234455
0.127264
-0.015885
0.260966
0.570198
0.492471
0.535155
0.609104
0.380093
0.319817
-0.150428
-0.166212
-0.200780
-0.234173
-0.366759
-0.354576
-0.048752
0.079319
0.022665
0.020993
0.039851
-0.057156
-0.620126
-0.899214
-0.758148
-0.640254
-0.573684
-0.431261
0.053105
-0.142584
-0.025778
0.044157
0.277831
0.591214
0.435873
0.262845
0.278694
0.177468
0.232324
0.377106
0.610408
0.488379
0.521491
0.490071
0.410371
0.316777
0.156286
0.079469
0.037951
-0.064577
0.073012
-0.112458
-0.160638
-0.641727
-0.890339
-0.973570
-0.910475
-0.675524
-0.792533
-0.514414
-0.431821
-0.408450
-0.333321
-0.298149
0.115440
0.327240
0.515121
0.585271
0.912971
0.896495
0.461885
0.356393
0.436676
0.300730
0.258764
0.112140
0.166091
-0.056433
-0.267415
-0.259250
-0.109822
0.126025
-0.203909
-0.197350
-0.345526
-0.332988
-0.413301
-0.482096
-0.190106
-0.208660
-0.193678
-0.107751
0.130229
0.432329
0.285088
0.224907
0.238102
0.333903
0.063954
-0.038674
0.296222
0.304004
0.083036
-0.018550
-0.001814
-0.092876
-0.658223
-0.855600
-0.802685
-0.754067
-0.707776
-0.726008
-0.142514
-0.052220
-0.148836
-0.240471
0.074630
0.130558
0.053200
0.360131
0.719948
0.829952
0.940039
0.718586
0.688152
0.322266
0.117995
-0.172084
-0.033978
0.155187
-0.228343
-0.430584
0.006024
-0.291684
-0.560249
-0.736707
-0.171726
-0.400822
-0.223082
-0.079207
0.380756
0.252292
-0.037897
0.134075
0.102226
-0.050301
-0.065282
-0.235454
0.049893
0.346672
0.415979
0.413769
0.510675
0.393317
-0.030457
0.065400
0.228939
0.391103
0.414782
0.304992
0.482643
0.289527
0.048498
0.011965
-0.001293
-0.179558
-0.579704
-0.772218
-0.980076
-1.226524
-1.160331
-1.110852
-0.519615
-0.240418
0.053911
0.221283
0.399654
0.407375
0.120993
0.230847
0.174068
0.248840
0.227674
0.230930
0.614378
0.972232
0.741160
0.636117
0.479766
0.397748
-0.151864
0.044523
0.014972
-0.073465
-0.374064
-0.684797
-0.723164
-0.859400
-0.908750
-0.584055
-0.318438
-0.044642
-0.196788
0.004754
-0.116017
0.057235
-0.055418
0.059908
0.448648
0.568708
0.485855
0.667247
0.504774
0.354649
-0.075894
-0.262089
-0.512158
-0.419788
-0.432364
-0.372593
-0.124798
-0.032597
-0.030646
0.105101
0.119006
0.228150
-0.048346
-0.059410
-0.079052
-0.156140
-0.223120
-0.095118
0.286728
0.255848
0.420610
0.480554
0.256709
0.045973
-0.365174
-0.564626
-0.676426
-0.569436
-0.403163
-0.329130
0.033497
0.191024
0.314313
0.372478
0.538971
0.566219
0.387992
0.444169
0.386267
0.222896
0.104484
0.093325
0.266895
0.295186
0.252337
0.117118
-0.186691
-0.504554
-0.806652
-0.780622
-0.630820
-0.523259
-0.246149
-0.316858
0.130711
0.327087
0.315419
0.346042
0.446675
0.364030
-0.078408
-0.068952
-0.008848
0.085554
0.285044
0.173962
0.450507
0.330044
0.243175
0.011444
-0.000082
0.064756
0.125849
0.359357
0.433512
0.533524
0.345109
0.114777
-0.006927
-0.214442
-0.200668
-0.054797
-0.414602
-0.363235
-0.781169
-1.060914
-1.049800
-0.639565
-0.526688
-0.291258
0.186640
0.202851
0.334832
0.461421
0.592578
0.659483
0.364258
0.161385
0.144519
-0.047239
0.060546
0.269065
0.527625
0.390389
0.347383
0.235183
0.026325
0.082560
-0.324012
-0.336509
-0.265642
-0.253767
-0.356045
-0.324152
0.016371
-0.010571
-0.035097
-0.055117
0.111808
0.236471
0.060816
0.301245
0.415154
0.387302
0.306981
0.034455
0.080996
-0.013817
-0.165558
-0.052837
0.173680
0.310578
0.058498
0.123517
0.099697
0.074030
-0.278541
-0.502042
-0.165529
-0.267096
-0.514745
-0.309129
-0.412209
-0.589446
-0.888918
-0.884241
-0.926932
-0.628858
-0.474714
-0.301774
0.452810
0.800242
0.939994
1.126476
1.105533
1.031984
0.510512
0.391088
0.150674
0.064569
-0.254229
-0.658957
-0.358973
-0.284823
-0.197532
-0.142876
0.291887
0.258828
-0.315590
-0.666789
-0.391498
-0.706869
-0.724534
-0.749608
-0.527155
-0.845571
-0.741028
-0.498896
-0.059782
0.309189
0.130625
0.390800
0.674896
0.699897
0.712887
0.721969
0.808568
0.231834
0.190875
-0.055428
0.000302
0.133582
0.090611
-0.000118
0.217682
-0.003711
-0.281864
-0.490085
-0.126834
0.007878
0.072482
0.029810
0.092792
0.021168
-0.595605
-0.708750
-0.416162
-0.428274
-0.325478
0.020738
0.576857
0.588633
0.600420
0.658351
0.547470
0.449931
0.186491
0.252880
0.117973
-0.003791
-0.064890
-0.430913
-0.323014
-0.513611
-0.728972
-0.835981
-0.637760
-0.503586
-0.781430
-0.620939
-0.268273
-0.005922
0.137672
0.504656
0.803796
0.593932
0.316592
0.140844
-0.105629
0.016306
-0.065711
0.172336
0.300270
0.429544
0.389412
0.226277
0.377871
0.188335
-0.104198
-0.036621
0.035675
0.074080
-0.401327
-0.536467
-0.513993
-0.810135
-0.617573
-0.465480
0.007715
-0.156184
0.419015
0.352612
0.420929
0.495241
0.288159
-0.058070
-0.088038
-0.001415
-0.070221
-0.061145
0.228843
0.158941
0.038217
0.143343
0.208831
0.333131
-0.031774
0.001712
-0.059960
-0.192081
-0.312235
-0.203962
0.112138
0.129718
-0.082834
-0.259926
-0.396102
-0.368910
-0.488313
-0.155686
0.048083
0.156503
0.236220
0.072962
0.181479
0.065882
0.133868
0.080568
0.202332
0.260229
-0.023161
-0.211098
-0.201368
-0.279139
-0.371093
-0.428974
-0.090429
-0.078869
-0.127378
0.077064
0.160822
0.169861
-0.273021
-0.319452
-0.352813
-0.228530
0.008100
0.220306
0.676966
0.614807
0.414541
0.151455
0.119672
0.130846
-0.090713
0.046661
-0.024831
-0.176516
-0.256435
-0.282777
0.037013
0.127352
0.226831
0.090052
-0.206977
-0.392822
-0.734729
-0.869103
-0.856233
-0.513082
-0.289810
-0.076973
0.223660
0.361506
0.285870
0.175030
0.243301
0.513402
0.487274
0.721130
0.960745
0.915722
0.592093
0.168322
0.107494
-0.089950
-0.163171
-0.015081
-0.010652
-0.190374
-0.717887
-0.973097
-1.005731
-1.035266
-0.679190
-0.353550
0.226414
0.491724
0.721677
0.837100
0.958720
0.927951
0.525449
0.469389
0.346327
0.177151
0.039838
-0.105810
-0.027904
-0.143702
-0.226615
-0.457510
-0.668026
-0.710449
-1.119895
-1.267098
-1.046723
-1.109642
-0.989331
-0.709259
-0.134234
0.043740
0.433274
0.782645
1.071161
1.265226
1.087617
1.112533
0.902376
0.606402
0.364532
0.132556
0.309836
0.264478
0.344436
0.469260
0.343603
0.209606
0.085578
0.049914
-0.182429
-0.096269
-0.003866
-0.318738
-0.207748
-0.178278
-0.349685
-0.510522
-0.509476
-0.683440
-1.079484
-0.990732
-0.879309
-0.619357
-0.339287
-0.023455
0.521482
0.712655
0.688322
0.743470
0.528968
0.490957
0.141936
0.068424
0.005963
0.080247
0.026606
0.026913
0.285895
0.264756
0.091513
0.017061
-0.265431
-0.067966
-0.304675
-0.188760
-0.140685
0.011027
-0.269466
-0.613815
-0.451872
-0.611767
-0.526230
-0.325781
0.033166
0.281763
0.234449
0.188573
0.202171
0.377529
0.461813
0.473708
0.845933
0.804829
0.473878
0.030819
-0.178380
-0.308044
-0.694223
-0.607312
-0.245828
-0.178284
-0.206535
-0.368571
-0.167420
-0.353693
-0.209810
-0.075252
0.189511
0.376210
0.191887
0.049203
-0.055785
-0.216961
-0.319233
-0.329727
-0.018865
0.063948
0.444973
0.452545
0.561960
0.650154
0.249254
-0.082690
0.015016
0.030693
0.017899
0.165221
0.389438
0.253230
-0.008872
-0.378152
-0.655152
-0.738035
-1.125251
-1.197044
-1.030144
-0.899285
-0.665046
-0.543398
0.028180
0.350868
0.439939
0.450171
0.592203
0.745086
0.541509
0.773356
0.714001
0.612199
0.228017
0.026976
0.148504
0.226831
0.287112
0.438568
0.392838
0.254215
-0.270679
-0.408661
-0.533696
-0.726056
-0.670112
-0.508238
-0.136483
0.114398
0.301837
0.403210
0.508115
0.409201
-0.153328
-0.268823
-0.400621
-0.444073
-0.380923
-0.274487
0.152162
0.287505
0.461906
0.518035
0.511832
0.403474
0.104267
-0.169687
-0.185536
-0.019347
-0.041128
-0.077132
0.151107
0.057560
0.075166
0.161964
0.126888
0.249404
-0.240381
-0.632997
-0.492104
-0.405279
-0.154208
0.101391
0.645929
0.580762
0.682154
0.803248
0.815486
0.849301
0.356741
-0.048110
-0.492519
-0.640167
-0.733607
-0.745283
-0.411162
-0.478271
-0.391827
-0.470550
-0.267108
-0.058192
-0.084590
0.124942
0.446155
0.372224
0.343595
0.249148
0.423143
0.266808
0.245002
0.143406
-0.060456
-0.126478
-0.509165
-0.507553
-0.380504
-0.140325
0.015503
0.276286
0.612869
0.602211
0.485383
0.404067
0.223985
0.199968
-0.145355
-0.213497
-0.259267
-0.328272
-0.336175
-0.390055
-0.199447
-0.236504
-0.268633
-0.153824
0.004267
0.175552
0.060535
0.249219
0.299098
0.375747
0.469799
0.385252
0.398621
0.168392
0.001057
-0.236422
-0.452460
-0.411242
-0.764572
-0.943896
-0.846317
-0.726496
-0.400568
-0.243144
0.417679
0.585141
0.826217
0.744903
0.691030
0.477153
0.001492
-0.277708
-0.278852
-0.182229
-0.272782
-0.109038
0.368451
0.454469
0.289376
0.393934
0.356410
0.223061
-0.001800
0.405230
0.608366
0.623318
0.521948
0.133919
0.079743
-0.201603
-0.682747
-0.894444
-0.930793
-0.978409
-1.173533
-0.777510
-0.563687
-0.462223
-0.165960
-0.121194
0.134830
0.202993
0.015805
-0.053825
0.126755
0.303412
0.173382
0.500677
0.469183
0.261927
0.456200
0.339239
0.367901
0.233435
0.178024
-0.056067
-0.178362
-0.052449
-0.293912
-0.259268
-0.231844
-0.236040
-0.349024
-0.433269
-0.179155
-0.380800
-0.209450
-0.066001
0.230824
0.334192
0.024278
-0.142949
-0.188936
-0.408060
-0.425310
-0.436797
-0.075533
0.125564
0.048662
0.191105
0.416038
0.545726
0.314982
0.486856
0.515456
0.433067
0.317872
-0.020800
-0.017142
-0.348853
-0.450570
-0.388109
-0.329411
-0.169683
-0.220506
-0.035213
0.241005
0.496281
0.550112
0.506730
0.683678
0.430462
0.190426
0.026406
-0.121825
-0.219644
-0.627009
-0.691786
-0.438221
-0.349388
-0.430385
-0.413209
-0.044814
-0.141064
-0.176073
0.071893
0.058635
0.068073
-0.290144
-0.248731
-0.201846
-0.116379
-0.114125
-0.212700
-0.032723
-0.126585
-0.138219
-0.111038
-0.077419
0.087699
0.045469
0.229636
0.253976
0.455558
0.444265
0.133684
0.366555
0.438299
0.370242
0.395559
0.449418
0.414474
0.090206
-0.074242
-0.206278
-0.216616
-0.338121
-0.384954
0.194979
0.528072
0.556025
0.806827
0.283848
0.045768
-0.947300
-1.488298
-1.608250
-1.175510
-1.644731
